Theta [deg.]  Phi   [deg.]  Abs(Dir.)[dBi   ]   Abs(Theta)[dBi   ]  Phase(Theta)[deg.]  Abs(Phi  )[dBi   ]  Phase(Phi  )[deg.]  Ax.Ratio[dB    ]    
------------------------------------------------------------------------------------------------------------------------------------------------------
   0.000          90.000           -4.191e+00          -1.962e+01               5.701          -4.317e+00              44.802           1.947e+01     
   1.000          90.000           -4.215e+00          -1.969e+01               5.630          -4.340e+00              44.420           1.957e+01     
   2.000          90.000           -4.243e+00          -1.976e+01               5.513          -4.367e+00              44.026           1.966e+01     
   3.000          90.000           -4.277e+00          -1.983e+01               5.350          -4.400e+00              43.620           1.974e+01     
   4.000          90.000           -4.315e+00          -1.990e+01               5.138          -4.437e+00              43.202           1.982e+01     
   5.000          90.000           -4.359e+00          -1.998e+01               4.878          -4.480e+00              42.771           1.989e+01     
   6.000          90.000           -4.408e+00          -2.007e+01               4.567          -4.527e+00              42.326           1.995e+01     
   7.000          90.000           -4.461e+00          -2.016e+01               4.205          -4.580e+00              41.866           2.001e+01     
   8.000          90.000           -4.520e+00          -2.026e+01               3.789          -4.637e+00              41.392           2.006e+01     
   9.000          90.000           -4.583e+00          -2.037e+01               3.320          -4.700e+00              40.902           2.011e+01     
  10.000          90.000           -4.652e+00          -2.048e+01               2.796          -4.767e+00              40.394           2.015e+01     
  11.000          90.000           -4.726e+00          -2.061e+01               2.212          -4.839e+00              39.868           2.019e+01     
  12.000          90.000           -4.805e+00          -2.075e+01               1.566          -4.916e+00              39.324           2.023e+01     
  13.000          90.000           -4.888e+00          -2.090e+01               0.857          -4.998e+00              38.758           2.027e+01     
  14.000          90.000           -4.977e+00          -2.106e+01               0.080          -5.085e+00              38.170           2.031e+01     
  15.000          90.000           -5.070e+00          -2.123e+01             359.231          -5.176e+00              37.558           2.034e+01     
  16.000          90.000           -5.168e+00          -2.142e+01             358.305          -5.272e+00              36.921           2.038e+01     
  17.000          90.000           -5.271e+00          -2.163e+01             357.297          -5.373e+00              36.256           2.041e+01     
  18.000          90.000           -5.379e+00          -2.185e+01             356.199          -5.478e+00              35.561           2.045e+01     
  19.000          90.000           -5.490e+00          -2.209e+01             355.003          -5.586e+00              34.834           2.049e+01     
  20.000          90.000           -5.606e+00          -2.235e+01             353.699          -5.699e+00              34.073           2.053e+01     
  21.000          90.000           -5.726e+00          -2.263e+01             352.275          -5.816e+00              33.276           2.058e+01     
  22.000          90.000           -5.850e+00          -2.293e+01             350.716          -5.936e+00              32.439           2.062e+01     
  23.000          90.000           -5.976e+00          -2.325e+01             349.006          -6.059e+00              31.560           2.067e+01     
  24.000          90.000           -6.106e+00          -2.359e+01             347.124          -6.184e+00              30.636           2.073e+01     
  25.000          90.000           -6.238e+00          -2.395e+01             345.046          -6.312e+00              29.665           2.079e+01     
  26.000          90.000           -6.371e+00          -2.434e+01             342.742          -6.441e+00              28.644           2.085e+01     
  27.000          90.000           -6.506e+00          -2.476e+01             340.177          -6.571e+00              27.570           2.091e+01     
  28.000          90.000           -6.641e+00          -2.519e+01             337.311          -6.702e+00              26.440           2.097e+01     
  29.000          90.000           -6.775e+00          -2.565e+01             334.094          -6.831e+00              25.252           2.103e+01     
  30.000          90.000           -6.907e+00          -2.612e+01             330.473          -6.959e+00              24.005           2.109e+01     
  31.000          90.000           -7.036e+00          -2.660e+01             326.388          -7.084e+00              22.695           2.114e+01     
  32.000          90.000           -7.162e+00          -2.708e+01             321.776          -7.206e+00              21.322           2.119e+01     
  33.000          90.000           -7.281e+00          -2.755e+01             316.582          -7.322e+00              19.886           2.122e+01     
  34.000          90.000           -7.394e+00          -2.798e+01             310.768          -7.432e+00              18.387           2.124e+01     
  35.000          90.000           -7.499e+00          -2.835e+01             304.332          -7.535e+00              16.826           2.124e+01     
  36.000          90.000           -7.593e+00          -2.864e+01             297.329          -7.627e+00              15.205           2.121e+01     
  37.000          90.000           -7.676e+00          -2.881e+01             289.887          -7.709e+00              13.529           2.116e+01     
  38.000          90.000           -7.745e+00          -2.886e+01             282.203          -7.779e+00              11.802           2.108e+01     
  39.000          90.000           -7.799e+00          -2.876e+01             274.521          -7.834e+00              10.030           2.097e+01     
  40.000          90.000           -7.838e+00          -2.854e+01             267.090          -7.875e+00               8.222           2.083e+01     
  41.000          90.000           -7.858e+00          -2.820e+01             260.113          -7.898e+00               6.387           2.066e+01     
  42.000          90.000           -7.860e+00          -2.777e+01             253.724          -7.905e+00               4.534           2.046e+01     
  43.000          90.000           -7.843e+00          -2.728e+01             247.985          -7.892e+00               2.676           2.024e+01     
  44.000          90.000           -7.805e+00          -2.676e+01             242.900          -7.861e+00               0.824           2.000e+01     
  45.000          90.000           -7.748e+00          -2.623e+01             238.434          -7.810e+00             358.990           1.975e+01     
  46.000          90.000           -7.670e+00          -2.570e+01             234.536          -7.739e+00             357.187           1.950e+01     
  47.000          90.000           -7.573e+00          -2.519e+01             231.145          -7.649e+00             355.428           1.924e+01     
  48.000          90.000           -7.458e+00          -2.469e+01             228.204          -7.540e+00             353.722           1.900e+01     
  49.000          90.000           -7.324e+00          -2.422e+01             225.662          -7.414e+00             352.081           1.876e+01     
  50.000          90.000           -7.174e+00          -2.378e+01             223.474          -7.270e+00             350.513           1.854e+01     
  51.000          90.000           -7.008e+00          -2.337e+01             221.602          -7.109e+00             349.027           1.834e+01     
  52.000          90.000           -6.828e+00          -2.299e+01             220.016          -6.935e+00             347.626           1.816e+01     
  53.000          90.000           -6.636e+00          -2.264e+01             218.692          -6.747e+00             346.317           1.800e+01     
  54.000          90.000           -6.433e+00          -2.232e+01             217.612          -6.546e+00             345.102           1.787e+01     
  55.000          90.000           -6.220e+00          -2.203e+01             216.763          -6.336e+00             343.982           1.776e+01     
  56.000          90.000           -5.999e+00          -2.177e+01             216.136          -6.116e+00             342.956           1.767e+01     
  57.000          90.000           -5.772e+00          -2.154e+01             215.725          -5.888e+00             342.023           1.761e+01     
  58.000          90.000           -5.538e+00          -2.133e+01             215.530          -5.654e+00             341.182           1.756e+01     
  59.000          90.000           -5.301e+00          -2.116e+01             215.553          -5.415e+00             340.428           1.754e+01     
  60.000          90.000           -5.060e+00          -2.101e+01             215.799          -5.172e+00             339.757           1.753e+01     
  61.000          90.000           -4.817e+00          -2.088e+01             216.274          -4.926e+00             339.165           1.754e+01     
  62.000          90.000           -4.572e+00          -2.078e+01             216.992          -4.678e+00             338.648           1.756e+01     
  63.000          90.000           -4.327e+00          -2.069e+01             217.963          -4.428e+00             338.199           1.759e+01     
  64.000          90.000           -4.082e+00          -2.063e+01             219.203          -4.179e+00             337.814           1.762e+01     
  65.000          90.000           -3.837e+00          -2.057e+01             220.726          -3.931e+00             337.487           1.766e+01     
  66.000          90.000           -3.594e+00          -2.053e+01             222.547          -3.683e+00             337.213           1.771e+01     
  67.000          90.000           -3.354e+00          -2.048e+01             224.680          -3.438e+00             336.985           1.775e+01     
  68.000          90.000           -3.115e+00          -2.044e+01             227.135          -3.196e+00             336.800           1.778e+01     
  69.000          90.000           -2.880e+00          -2.039e+01             229.914          -2.958e+00             336.652           1.782e+01     
  70.000          90.000           -2.648e+00          -2.031e+01             233.013          -2.723e+00             336.536           1.784e+01     
  71.000          90.000           -2.420e+00          -2.021e+01             236.414          -2.493e+00             336.448           1.786e+01     
  72.000          90.000           -2.196e+00          -2.008e+01             240.083          -2.267e+00             336.382           1.786e+01     
  73.000          90.000           -1.977e+00          -1.990e+01             243.975          -2.048e+00             336.336           1.786e+01     
  74.000          90.000           -1.763e+00          -1.967e+01             248.027          -1.834e+00             336.305           1.784e+01     
  75.000          90.000           -1.554e+00          -1.938e+01             252.166          -1.626e+00             336.286           1.781e+01     
  76.000          90.000           -1.351e+00          -1.905e+01             256.315          -1.425e+00             336.274           1.776e+01     
  77.000          90.000           -1.153e+00          -1.866e+01             260.398          -1.231e+00             336.268           1.770e+01     
  78.000          90.000           -9.619e-01          -1.822e+01             264.348          -1.044e+00             336.263           1.763e+01     
  79.000          90.000           -7.771e-01          -1.774e+01             268.110          -8.655e-01             336.259           1.754e+01     
  80.000          90.000           -5.989e-01          -1.722e+01             271.645          -6.944e-01             336.250           1.745e+01     
  81.000          90.000           -4.275e-01          -1.668e+01             274.930          -5.316e-01             336.237           1.734e+01     
  82.000          90.000           -2.631e-01          -1.613e+01             277.954          -3.771e-01             336.216           1.722e+01     
  83.000          90.000           -1.059e-01          -1.557e+01             280.719          -2.313e-01             336.185           1.710e+01     
  84.000          90.000            4.395e-02          -1.500e+01             283.234          -9.424e-02             336.143           1.697e+01     
  85.000          90.000            1.864e-01          -1.443e+01             285.513           3.381e-02             336.087           1.684e+01     
  86.000          90.000            3.212e-01          -1.387e+01             287.574           1.527e-01             336.016           1.670e+01     
  87.000          90.000            4.484e-01          -1.333e+01             289.435           2.624e-01             335.929           1.656e+01     
  88.000          90.000            5.679e-01          -1.279e+01             291.117           3.628e-01             335.824           1.642e+01     
  89.000          90.000            6.797e-01          -1.227e+01             292.636           4.537e-01             335.700           1.629e+01     
  90.000          90.000            7.836e-01          -1.177e+01             294.012           5.352e-01             335.556           1.616e+01     
  91.000          90.000            8.798e-01          -1.128e+01             295.258           6.071e-01             335.389           1.603e+01     
  92.000          90.000            9.682e-01          -1.081e+01             296.392           6.696e-01             335.199           1.591e+01     
  93.000          90.000            1.049e+00          -1.035e+01             297.425           7.225e-01             334.984           1.580e+01     
  94.000          90.000            1.122e+00          -9.920e+00             298.369           7.660e-01             334.744           1.571e+01     
  95.000          90.000            1.187e+00          -9.504e+00             299.237           8.001e-01             334.478           1.562e+01     
  96.000          90.000            1.245e+00          -9.106e+00             300.036           8.249e-01             334.183           1.555e+01     
  97.000          90.000            1.296e+00          -8.726e+00             300.776           8.405e-01             333.859           1.549e+01     
  98.000          90.000            1.339e+00          -8.364e+00             301.464           8.470e-01             333.506           1.546e+01     
  99.000          90.000            1.375e+00          -8.019e+00             302.106           8.447e-01             333.121           1.544e+01     
 100.000          90.000            1.404e+00          -7.692e+00             302.710           8.336e-01             332.704           1.544e+01     
 101.000          90.000            1.427e+00          -7.381e+00             303.279           8.140e-01             332.253           1.547e+01     
 102.000          90.000            1.443e+00          -7.087e+00             303.819           7.862e-01             331.767           1.553e+01     
 103.000          90.000            1.452e+00          -6.809e+00             304.334           7.505e-01             331.247           1.561e+01     
 104.000          90.000            1.456e+00          -6.547e+00             304.827           7.071e-01             330.689           1.573e+01     
 105.000          90.000            1.454e+00          -6.300e+00             305.302           6.563e-01             330.094           1.588e+01     
 106.000          90.000            1.446e+00          -6.068e+00             305.763           5.987e-01             329.461           1.607e+01     
 107.000          90.000            1.433e+00          -5.852e+00             306.210           5.345e-01             328.788           1.630e+01     
 108.000          90.000            1.415e+00          -5.650e+00             306.648           4.642e-01             328.076           1.657e+01     
 109.000          90.000            1.392e+00          -5.461e+00             307.077           3.884e-01             327.322           1.690e+01     
 110.000          90.000            1.365e+00          -5.287e+00             307.501           3.074e-01             326.528           1.728e+01     
 111.000          90.000            1.334e+00          -5.126e+00             307.920           2.219e-01             325.693           1.773e+01     
 112.000          90.000            1.299e+00          -4.979e+00             308.336           1.324e-01             324.815           1.826e+01     
 113.000          90.000            1.261e+00          -4.844e+00             308.750           3.944e-02             323.897           1.887e+01     
 114.000          90.000            1.220e+00          -4.722e+00             309.164          -5.624e-02             322.937           1.959e+01     
 115.000          90.000            1.176e+00          -4.612e+00             309.578          -1.540e-01             321.937           2.043e+01     
 116.000          90.000            1.129e+00          -4.514e+00             309.994          -2.533e-01             320.898           2.143e+01     
 117.000          90.000            1.081e+00          -4.428e+00             310.413          -3.533e-01             319.820           2.263e+01     
 118.000          90.000            1.031e+00          -4.353e+00             310.834          -4.533e-01             318.706           2.410e+01     
 119.000          90.000            9.791e-01          -4.290e+00             311.258          -5.528e-01             317.558           2.597e+01     
 120.000          90.000            9.263e-01          -4.237e+00             311.687          -6.511e-01             316.377           2.848e+01     
 121.000          90.000            8.727e-01          -4.195e+00             312.120          -7.473e-01             315.167           3.217e+01     
 122.000          90.000            8.186e-01          -4.163e+00             312.559          -8.409e-01             313.931           3.906e+01     
 123.000          90.000            7.641e-01          -4.141e+00             313.002          -9.313e-01             312.672           4.000e+01     
 124.000          90.000            7.096e-01          -4.129e+00             313.451          -1.018e+00             311.394           3.546e+01     
 125.000          90.000            6.552e-01          -4.127e+00             313.906          -1.100e+00             310.102           3.009e+01     
 126.000          90.000            6.013e-01          -4.133e+00             314.366          -1.178e+00             308.800           2.676e+01     
 127.000          90.000            5.479e-01          -4.149e+00             314.832          -1.251e+00             307.492           2.434e+01     
 128.000          90.000            4.953e-01          -4.174e+00             315.303          -1.318e+00             306.184           2.243e+01     
 129.000          90.000            4.435e-01          -4.207e+00             315.781          -1.379e+00             304.880           2.087e+01     
 130.000          90.000            3.928e-01          -4.248e+00             316.264          -1.435e+00             303.586           1.954e+01     
 131.000          90.000            3.431e-01          -4.297e+00             316.752          -1.485e+00             302.306           1.840e+01     
 132.000          90.000            2.948e-01          -4.354e+00             317.246          -1.529e+00             301.044           1.740e+01     
 133.000          90.000            2.476e-01          -4.419e+00             317.745          -1.566e+00             299.806           1.652e+01     
 134.000          90.000            2.019e-01          -4.491e+00             318.249          -1.599e+00             298.596           1.573e+01     
 135.000          90.000            1.575e-01          -4.570e+00             318.757          -1.625e+00             297.418           1.502e+01     
 136.000          90.000            1.144e-01          -4.656e+00             319.269          -1.647e+00             296.275           1.439e+01     
 137.000          90.000            7.283e-02          -4.749e+00             319.785          -1.663e+00             295.171           1.381e+01     
 138.000          90.000            3.262e-02          -4.848e+00             320.305          -1.675e+00             294.109           1.329e+01     
 139.000          90.000           -6.221e-03          -4.953e+00             320.827          -1.682e+00             293.091           1.282e+01     
 140.000          90.000           -4.371e-02          -5.064e+00             321.352          -1.685e+00             292.120           1.240e+01     
 141.000          90.000           -7.987e-02          -5.182e+00             321.878          -1.685e+00             291.196           1.202e+01     
 142.000          90.000           -1.147e-01          -5.304e+00             322.406          -1.681e+00             290.322           1.168e+01     
 143.000          90.000           -1.484e-01          -5.432e+00             322.935          -1.674e+00             289.498           1.138e+01     
 144.000          90.000           -1.808e-01          -5.566e+00             323.464          -1.665e+00             288.725           1.110e+01     
 145.000          90.000           -2.121e-01          -5.704e+00             323.993          -1.653e+00             288.003           1.087e+01     
 146.000          90.000           -2.423e-01          -5.848e+00             324.521          -1.639e+00             287.333           1.066e+01     
 147.000          90.000           -2.715e-01          -5.996e+00             325.047          -1.624e+00             286.714           1.048e+01     
 148.000          90.000           -2.996e-01          -6.149e+00             325.571          -1.608e+00             286.146           1.033e+01     
 149.000          90.000           -3.268e-01          -6.306e+00             326.092          -1.590e+00             285.628           1.021e+01     
 150.000          90.000           -3.531e-01          -6.468e+00             326.609          -1.572e+00             285.159           1.011e+01     
 151.000          90.000           -3.785e-01          -6.633e+00             327.122          -1.553e+00             284.740           1.003e+01     
 152.000          90.000           -4.031e-01          -6.803e+00             327.629          -1.533e+00             284.367           9.980e+00     
 153.000          90.000           -4.269e-01          -6.977e+00             328.131          -1.513e+00             284.042           9.950e+00     
 154.000          90.000           -4.499e-01          -7.155e+00             328.626          -1.493e+00             283.761           9.940e+00     
 155.000          90.000           -4.721e-01          -7.336e+00             329.114          -1.473e+00             283.525           9.950e+00     
 156.000          90.000           -4.937e-01          -7.521e+00             329.594          -1.453e+00             283.333           9.979e+00     
 157.000          90.000           -5.146e-01          -7.710e+00             330.065          -1.434e+00             283.182           1.003e+01     
 158.000          90.000           -5.347e-01          -7.903e+00             330.527          -1.414e+00             283.071           1.009e+01     
 159.000          90.000           -5.542e-01          -8.099e+00             330.978          -1.395e+00             283.000           1.017e+01     
 160.000          90.000           -5.731e-01          -8.298e+00             331.419          -1.376e+00             282.968           1.026e+01     
 161.000          90.000           -5.913e-01          -8.501e+00             331.847          -1.358e+00             282.973           1.038e+01     
 162.000          90.000           -6.089e-01          -8.708e+00             332.264          -1.340e+00             283.013           1.050e+01     
 163.000          90.000           -6.258e-01          -8.919e+00             332.667          -1.322e+00             283.089           1.064e+01     
 164.000          90.000           -6.421e-01          -9.133e+00             333.057          -1.305e+00             283.198           1.079e+01     
 165.000          90.000           -6.577e-01          -9.351e+00             333.432          -1.288e+00             283.340           1.096e+01     
 166.000          90.000           -6.727e-01          -9.573e+00             333.792          -1.272e+00             283.514           1.113e+01     
 167.000          90.000           -6.870e-01          -9.798e+00             334.137          -1.256e+00             283.719           1.132e+01     
 168.000          90.000           -7.007e-01          -1.003e+01             334.465          -1.240e+00             283.954           1.153e+01     
 169.000          90.000           -7.137e-01          -1.026e+01             334.776          -1.224e+00             284.218           1.174e+01     
 170.000          90.000           -7.261e-01          -1.050e+01             335.070          -1.209e+00             284.510           1.197e+01     
 171.000          90.000           -7.377e-01          -1.074e+01             335.346          -1.195e+00             284.830           1.221e+01     
 172.000          90.000           -7.487e-01          -1.099e+01             335.604          -1.180e+00             285.177           1.246e+01     
 173.000          90.000           -7.590e-01          -1.125e+01             335.842          -1.166e+00             285.550           1.272e+01     
 174.000          90.000           -7.686e-01          -1.151e+01             336.060          -1.152e+00             285.949           1.299e+01     
 175.000          90.000           -7.775e-01          -1.177e+01             336.259          -1.138e+00             286.373           1.328e+01     
 176.000          90.000           -7.857e-01          -1.204e+01             336.436          -1.124e+00             286.822           1.359e+01     
 177.000          90.000           -7.932e-01          -1.232e+01             336.593          -1.110e+00             287.295           1.390e+01     
 178.000          90.000           -7.999e-01          -1.260e+01             336.727          -1.097e+00             287.792           1.423e+01     
 179.000          90.000           -8.060e-01          -1.290e+01             336.839          -1.083e+00             288.312           1.458e+01     
 180.000          90.000           -8.113e-01          -1.320e+01             336.927          -1.069e+00             288.855           1.494e+01     
 179.000         270.000           -8.158e-01          -1.351e+01             156.992          -1.056e+00             109.422           1.532e+01     
 178.000         270.000           -8.196e-01          -1.383e+01             157.032          -1.042e+00             110.010           1.572e+01     
 177.000         270.000           -8.227e-01          -1.416e+01             157.046          -1.029e+00             110.622           1.613e+01     
 176.000         270.000           -8.250e-01          -1.450e+01             157.033          -1.015e+00             111.255           1.657e+01     
 175.000         270.000           -8.266e-01          -1.486e+01             156.993          -1.002e+00             111.911           1.703e+01     
 174.000         270.000           -8.274e-01          -1.522e+01             156.924          -9.881e-01             112.589           1.752e+01     
 173.000         270.000           -8.274e-01          -1.561e+01             156.823          -9.743e-01             113.288           1.803e+01     
 172.000         270.000           -8.266e-01          -1.601e+01             156.690          -9.604e-01             114.010           1.857e+01     
 171.000         270.000           -8.250e-01          -1.643e+01             156.522          -9.463e-01             114.754           1.915e+01     
 170.000         270.000           -8.227e-01          -1.686e+01             156.316          -9.321e-01             115.520           1.976e+01     
 169.000         270.000           -8.194e-01          -1.732e+01             156.068          -9.176e-01             116.308           2.041e+01     
 168.000         270.000           -8.154e-01          -1.781e+01             155.774          -9.030e-01             117.119           2.110e+01     
 167.000         270.000           -8.104e-01          -1.832e+01             155.429          -8.881e-01             117.952           2.185e+01     
 166.000         270.000           -8.046e-01          -1.887e+01             155.026          -8.729e-01             118.807           2.265e+01     
 165.000         270.000           -7.978e-01          -1.945e+01             154.555          -8.575e-01             119.684           2.353e+01     
 164.000         270.000           -7.900e-01          -2.007e+01             154.007          -8.416e-01             120.585           2.448e+01     
 163.000         270.000           -7.813e-01          -2.073e+01             153.365          -8.254e-01             121.508           2.552e+01     
 162.000         270.000           -7.714e-01          -2.145e+01             152.610          -8.088e-01             122.454           2.668e+01     
 161.000         270.000           -7.605e-01          -2.223e+01             151.715          -7.916e-01             123.423           2.797e+01     
 160.000         270.000           -7.485e-01          -2.308e+01             150.641          -7.739e-01             124.416           2.944e+01     
 159.000         270.000           -7.352e-01          -2.402e+01             149.335          -7.557e-01             125.431           3.114e+01     
 158.000         270.000           -7.207e-01          -2.506e+01             147.715          -7.367e-01             126.470           3.317e+01     
 157.000         270.000           -7.048e-01          -2.623e+01             145.658          -7.170e-01             127.532           3.567e+01     
 156.000         270.000           -6.876e-01          -2.755e+01             142.962          -6.965e-01             128.618           3.899e+01     
 155.000         270.000           -6.689e-01          -2.908e+01             139.285          -6.751e-01             129.726           4.000e+01     
 154.000         270.000           -6.486e-01          -3.086e+01             134.004          -6.527e-01             130.857           4.000e+01     
 153.000         270.000           -6.267e-01          -3.294e+01             125.914          -6.293e-01             132.010           4.000e+01     
 152.000         270.000           -6.032e-01          -3.528e+01             112.648          -6.047e-01             133.186           4.000e+01     
 151.000         270.000           -5.779e-01          -3.738e+01              90.596          -5.788e-01             134.383           4.000e+01     
 150.000         270.000           -5.508e-01          -3.788e+01              60.725          -5.516e-01             135.602           3.764e+01     
 149.000         270.000           -5.219e-01          -3.634e+01              34.930          -5.230e-01             136.841           3.601e+01     
 148.000         270.000           -4.910e-01          -3.414e+01              18.729          -4.928e-01             138.099           3.484e+01     
 147.000         270.000           -4.581e-01          -3.209e+01               8.978          -4.611e-01             139.377           3.400e+01     
 146.000         270.000           -4.231e-01          -3.035e+01               2.724          -4.276e-01             140.671           3.341e+01     
 145.000         270.000           -3.862e-01          -2.889e+01             358.407          -3.923e-01             141.983           3.303e+01     
 144.000         270.000           -3.471e-01          -2.765e+01             355.230          -3.552e-01             143.310           3.285e+01     
 143.000         270.000           -3.059e-01          -2.660e+01             352.769          -3.161e-01             144.650           3.283e+01     
 142.000         270.000           -2.627e-01          -2.568e+01             350.775          -2.752e-01             146.003           3.298e+01     
 141.000         270.000           -2.174e-01          -2.489e+01             349.100          -2.322e-01             147.366           3.331e+01     
 140.000         270.000           -1.701e-01          -2.420e+01             347.646          -1.873e-01             148.737           3.383e+01     
 139.000         270.000           -1.208e-01          -2.360e+01             346.348          -1.404e-01             150.116           3.456e+01     
 138.000         270.000           -6.970e-02          -2.307e+01             345.158          -9.153e-02             151.499           3.556e+01     
 137.000         270.000           -1.682e-02          -2.261e+01             344.042          -4.079e-02             152.884           3.688e+01     
 136.000         270.000            3.769e-02          -2.221e+01             342.972           1.176e-02             154.270           3.868e+01     
 135.000         270.000            9.369e-02          -2.188e+01             341.928           6.601e-02             155.653           4.000e+01     
 134.000         270.000            1.510e-01          -2.159e+01             340.889           1.218e-01             157.033           4.000e+01     
 133.000         270.000            2.095e-01          -2.136e+01             339.838           1.791e-01             158.405           4.000e+01     
 132.000         270.000            2.688e-01          -2.117e+01             338.759           2.375e-01             159.769           4.000e+01     
 131.000         270.000            3.289e-01          -2.103e+01             337.636           2.970e-01             161.122           4.000e+01     
 130.000         270.000            3.894e-01          -2.094e+01             336.451           3.573e-01             162.460           4.000e+01     
 129.000         270.000            4.500e-01          -2.089e+01             335.184           4.180e-01             163.783           3.788e+01     
 128.000         270.000            5.106e-01          -2.089e+01             333.816           4.790e-01             165.088           3.561e+01     
 127.000         270.000            5.707e-01          -2.094e+01             332.321           5.400e-01             166.373           3.383e+01     
 126.000         270.000            6.302e-01          -2.103e+01             330.669           6.005e-01             167.635           3.238e+01     
 125.000         270.000            6.887e-01          -2.117e+01             328.827           6.603e-01             168.873           3.118e+01     
 124.000         270.000            7.458e-01          -2.135e+01             326.751           7.189e-01             170.086           3.016e+01     
 123.000         270.000            8.013e-01          -2.159e+01             324.388           7.761e-01             171.270           2.930e+01     
 122.000         270.000            8.548e-01          -2.187e+01             321.675           8.315e-01             172.426           2.856e+01     
 121.000         270.000            9.059e-01          -2.220e+01             318.531           8.846e-01             173.551           2.793e+01     
 120.000         270.000            9.545e-01          -2.256e+01             314.861           9.351e-01             174.644           2.740e+01     
 119.000         270.000            1.000e+00          -2.296e+01             310.550           9.827e-01             175.704           2.695e+01     
 118.000         270.000            1.043e+00          -2.338e+01             305.473           1.027e+00             176.730           2.657e+01     
 117.000         270.000            1.081e+00          -2.378e+01             299.501           1.067e+00             177.720           2.627e+01     
 116.000         270.000            1.116e+00          -2.414e+01             292.540           1.103e+00             178.675           2.603e+01     
 115.000         270.000            1.147e+00          -2.441e+01             284.580           1.135e+00             179.593           2.585e+01     
 114.000         270.000            1.173e+00          -2.452e+01             275.760           1.162e+00             180.474           2.572e+01     
 113.000         270.000            1.195e+00          -2.444e+01             266.407           1.183e+00             181.318           2.565e+01     
 112.000         270.000            1.212e+00          -2.413e+01             256.995           1.199e+00             182.123           2.564e+01     
 111.000         270.000            1.223e+00          -2.361e+01             248.017           1.209e+00             182.890           2.567e+01     
 110.000         270.000            1.229e+00          -2.293e+01             239.846           1.213e+00             183.618           2.575e+01     
 109.000         270.000            1.230e+00          -2.213e+01             232.667           1.210e+00             184.308           2.589e+01     
 108.000         270.000            1.224e+00          -2.128e+01             226.501           1.200e+00             184.958           2.607e+01     
 107.000         270.000            1.213e+00          -2.040e+01             221.271           1.183e+00             185.570           2.630e+01     
 106.000         270.000            1.196e+00          -1.954e+01             216.853           1.159e+00             186.143           2.659e+01     
 105.000         270.000            1.172e+00          -1.870e+01             213.120           1.127e+00             186.677           2.693e+01     
 104.000         270.000            1.142e+00          -1.789e+01             209.954           1.088e+00             187.173           2.732e+01     
 103.000         270.000            1.106e+00          -1.713e+01             207.255           1.041e+00             187.630           2.776e+01     
 102.000         270.000            1.063e+00          -1.641e+01             204.940           9.850e-01             188.048           2.827e+01     
 101.000         270.000            1.014e+00          -1.572e+01             202.942           9.212e-01             188.429           2.884e+01     
 100.000         270.000            9.584e-01          -1.508e+01             201.206           8.490e-01             188.773           2.948e+01     
  99.000         270.000            8.961e-01          -1.448e+01             199.690           7.682e-01             189.079           3.019e+01     
  98.000         270.000            8.272e-01          -1.391e+01             198.358           6.789e-01             189.349           3.099e+01     
  97.000         270.000            7.518e-01          -1.338e+01             197.182           5.809e-01             189.582           3.187e+01     
  96.000         270.000            6.701e-01          -1.289e+01             196.138           4.743e-01             189.780           3.286e+01     
  95.000         270.000            5.819e-01          -1.242e+01             195.206           3.589e-01             189.943           3.397e+01     
  94.000         270.000            4.875e-01          -1.199e+01             194.372           2.348e-01             190.072           3.523e+01     
  93.000         270.000            3.870e-01          -1.158e+01             193.621           1.020e-01             190.167           3.666e+01     
  92.000         270.000            2.804e-01          -1.121e+01             192.943          -3.939e-02             190.231           3.830e+01     
  91.000         270.000            1.680e-01          -1.086e+01             192.328          -1.893e-01             190.262           4.000e+01     
  90.000         270.000            4.992e-02          -1.053e+01             191.768          -3.477e-01             190.264           4.000e+01     
  89.000         270.000           -7.367e-02          -1.023e+01             191.258          -5.143e-01             190.238           4.000e+01     
  88.000         270.000           -2.026e-01          -9.950e+00             190.789          -6.892e-01             190.184           4.000e+01     
  87.000         270.000           -3.367e-01          -9.694e+00             190.357          -8.719e-01             190.105           4.000e+01     
  86.000         270.000           -4.758e-01          -9.459e+00             189.958          -1.063e+00             190.003           4.000e+01     
  85.000         270.000           -6.196e-01          -9.245e+00             189.588          -1.261e+00             189.879           4.000e+01     
  84.000         270.000           -7.679e-01          -9.051e+00             189.243          -1.466e+00             189.736           4.000e+01     
  83.000         270.000           -9.205e-01          -8.875e+00             188.920          -1.678e+00             189.578           4.000e+01     
  82.000         270.000           -1.077e+00          -8.719e+00             188.617          -1.897e+00             189.406           4.000e+01     
  81.000         270.000           -1.238e+00          -8.580e+00             188.330          -2.123e+00             189.225           4.000e+01     
  80.000         270.000           -1.402e+00          -8.459e+00             188.059          -2.354e+00             189.038           4.000e+01     
  79.000         270.000           -1.570e+00          -8.355e+00             187.800          -2.591e+00             188.848           4.000e+01     
  78.000         270.000           -1.741e+00          -8.267e+00             187.552          -2.834e+00             188.661           4.000e+01     
  77.000         270.000           -1.915e+00          -8.195e+00             187.314          -3.081e+00             188.481           4.000e+01     
  76.000         270.000           -2.092e+00          -8.139e+00             187.084          -3.332e+00             188.314           4.000e+01     
  75.000         270.000           -2.271e+00          -8.098e+00             186.860          -3.587e+00             188.164           4.000e+01     
  74.000         270.000           -2.453e+00          -8.071e+00             186.641          -3.846e+00             188.038           3.927e+01     
  73.000         270.000           -2.638e+00          -8.059e+00             186.427          -4.107e+00             187.941           3.845e+01     
  72.000         270.000           -2.824e+00          -8.060e+00             186.216          -4.370e+00             187.881           3.751e+01     
  71.000         270.000           -3.013e+00          -8.075e+00             186.006          -4.635e+00             187.865           3.646e+01     
  70.000         270.000           -3.203e+00          -8.104e+00             185.799          -4.900e+00             187.899           3.531e+01     
  69.000         270.000           -3.394e+00          -8.145e+00             185.591          -5.165e+00             187.991           3.408e+01     
  68.000         270.000           -3.587e+00          -8.198e+00             185.384          -5.430e+00             188.148           3.278e+01     
  67.000         270.000           -3.780e+00          -8.264e+00             185.176          -5.692e+00             188.378           3.145e+01     
  66.000         270.000           -3.974e+00          -8.341e+00             184.966          -5.952e+00             188.688           3.009e+01     
  65.000         270.000           -4.168e+00          -8.430e+00             184.754          -6.208e+00             189.085           2.873e+01     
  64.000         270.000           -4.361e+00          -8.529e+00             184.541          -6.458e+00             189.574           2.739e+01     
  63.000         270.000           -4.553e+00          -8.640e+00             184.324          -6.702e+00             190.163           2.606e+01     
  62.000         270.000           -4.744e+00          -8.761e+00             184.105          -6.938e+00             190.856           2.478e+01     
  61.000         270.000           -4.932e+00          -8.892e+00             183.883          -7.164e+00             191.656           2.353e+01     
  60.000         270.000           -5.117e+00          -9.032e+00             183.658          -7.379e+00             192.568           2.233e+01     
  59.000         270.000           -5.298e+00          -9.182e+00             183.429          -7.581e+00             193.587           2.117e+01     
  58.000         270.000           -5.474e+00          -9.341e+00             183.198          -7.768e+00             194.714           2.007e+01     
  57.000         270.000           -5.643e+00          -9.509e+00             182.963          -7.939e+00             195.947           1.902e+01     
  56.000         270.000           -5.805e+00          -9.684e+00             182.725          -8.091e+00             197.277           1.803e+01     
  55.000         270.000           -5.959e+00          -9.868e+00             182.485          -8.224e+00             198.697           1.709e+01     
  54.000         270.000           -6.102e+00          -1.006e+01             182.243          -8.336e+00             200.196           1.621e+01     
  53.000         270.000           -6.235e+00          -1.026e+01             181.999          -8.425e+00             201.762           1.538e+01     
  52.000         270.000           -6.356e+00          -1.046e+01             181.755          -8.491e+00             203.378           1.462e+01     
  51.000         270.000           -6.463e+00          -1.067e+01             181.510          -8.533e+00             205.031           1.392e+01     
  50.000         270.000           -6.556e+00          -1.089e+01             181.266          -8.553e+00             206.702           1.327e+01     
  49.000         270.000           -6.634e+00          -1.111e+01             181.024          -8.549e+00             208.375           1.269e+01     
  48.000         270.000           -6.697e+00          -1.134e+01             180.784          -8.523e+00             210.034           1.218e+01     
  47.000         270.000           -6.744e+00          -1.157e+01             180.548          -8.475e+00             211.664           1.173e+01     
  46.000         270.000           -6.774e+00          -1.181e+01             180.317          -8.409e+00             213.250           1.135e+01     
  45.000         270.000           -6.789e+00          -1.205e+01             180.093          -8.324e+00             214.780           1.103e+01     
  44.000         270.000           -6.788e+00          -1.229e+01             179.876          -8.224e+00             216.245           1.078e+01     
  43.000         270.000           -6.772e+00          -1.254e+01             179.669          -8.109e+00             217.637           1.060e+01     
  42.000         270.000           -6.742e+00          -1.279e+01             179.472          -7.983e+00             218.949           1.048e+01     
  41.000         270.000           -6.699e+00          -1.304e+01             179.288          -7.847e+00             220.177           1.041e+01     
  40.000         270.000           -6.644e+00          -1.329e+01             179.119          -7.703e+00             221.320           1.041e+01     
  39.000         270.000           -6.578e+00          -1.354e+01             178.966          -7.553e+00             222.376           1.045e+01     
  38.000         270.000           -6.502e+00          -1.380e+01             178.830          -7.399e+00             223.347           1.054e+01     
  37.000         270.000           -6.419e+00          -1.405e+01             178.714          -7.242e+00             224.233           1.067e+01     
  36.000         270.000           -6.328e+00          -1.430e+01             178.620          -7.083e+00             225.037           1.084e+01     
  35.000         270.000           -6.232e+00          -1.455e+01             178.548          -6.924e+00             225.762           1.104e+01     
  34.000         270.000           -6.132e+00          -1.480e+01             178.501          -6.767e+00             226.411           1.126e+01     
  33.000         270.000           -6.028e+00          -1.504e+01             178.480          -6.610e+00             226.988           1.151e+01     
  32.000         270.000           -5.922e+00          -1.528e+01             178.486          -6.457e+00             227.497           1.178e+01     
  31.000         270.000           -5.815e+00          -1.552e+01             178.520          -6.307e+00             227.942           1.206e+01     
  30.000         270.000           -5.708e+00          -1.575e+01             178.583          -6.161e+00             228.326           1.235e+01     
  29.000         270.000           -5.601e+00          -1.598e+01             178.676          -6.019e+00             228.654           1.266e+01     
  28.000         270.000           -5.496e+00          -1.621e+01             178.798          -5.881e+00             228.929           1.297e+01     
  27.000         270.000           -5.392e+00          -1.642e+01             178.950          -5.749e+00             229.154           1.328e+01     
  26.000         270.000           -5.291e+00          -1.663e+01             179.131          -5.622e+00             229.333           1.359e+01     
  25.000         270.000           -5.193e+00          -1.684e+01             179.340          -5.501e+00             229.469           1.391e+01     
  24.000         270.000           -5.098e+00          -1.704e+01             179.577          -5.385e+00             229.565           1.422e+01     
  23.000         270.000           -5.007e+00          -1.723e+01             179.839          -5.275e+00             229.624           1.453e+01     
  22.000         270.000           -4.919e+00          -1.741e+01             180.125          -5.171e+00             229.648           1.484e+01     
  21.000         270.000           -4.836e+00          -1.758e+01             180.431          -5.073e+00             229.641           1.514e+01     
  20.000         270.000           -4.757e+00          -1.775e+01             180.757          -4.981e+00             229.603           1.543e+01     
  19.000         270.000           -4.682e+00          -1.790e+01             181.097          -4.894e+00             229.538           1.572e+01     
  18.000         270.000           -4.612e+00          -1.805e+01             181.450          -4.814e+00             229.446           1.601e+01     
  17.000         270.000           -4.547e+00          -1.819e+01             181.811          -4.739e+00             229.331           1.628e+01     
  16.000         270.000           -4.487e+00          -1.832e+01             182.176          -4.670e+00             229.193           1.654e+01     
  15.000         270.000           -4.431e+00          -1.845e+01             182.543          -4.607e+00             229.034           1.680e+01     
  14.000         270.000           -4.380e+00          -1.856e+01             182.906          -4.550e+00             228.856           1.705e+01     
  13.000         270.000           -4.335e+00          -1.867e+01             183.263          -4.498e+00             228.659           1.729e+01     
  12.000         270.000           -4.294e+00          -1.877e+01             183.608          -4.452e+00             228.445           1.752e+01     
  11.000         270.000           -4.258e+00          -1.886e+01             183.939          -4.411e+00             228.215           1.773e+01     
  10.000         270.000           -4.227e+00          -1.895e+01             184.251          -4.376e+00             227.970           1.794e+01     
   9.000         270.000           -4.201e+00          -1.903e+01             184.540          -4.346e+00             227.710           1.814e+01     
   8.000         270.000           -4.180e+00          -1.911e+01             184.805          -4.322e+00             227.437           1.833e+01     
   7.000         270.000           -4.164e+00          -1.918e+01             185.042          -4.303e+00             227.150           1.850e+01     
   6.000         270.000           -4.153e+00          -1.925e+01             185.247          -4.290e+00             226.850           1.867e+01     
   5.000         270.000           -4.147e+00          -1.931e+01             185.419          -4.281e+00             226.538           1.883e+01     
   4.000         270.000           -4.146e+00          -1.938e+01             185.555          -4.278e+00             226.214           1.897e+01     
   3.000         270.000           -4.150e+00          -1.944e+01             185.653          -4.280e+00             225.878           1.911e+01     
   2.000         270.000           -4.159e+00          -1.950e+01             185.711          -4.287e+00             225.531           1.924e+01     
   1.000         270.000           -4.172e+00          -1.956e+01             185.728          -4.300e+00             225.172           1.936e+01     
