Theta [deg.]  Phi   [deg.]  Abs(Dir.)[dBi   ]   Abs(Theta)[dBi   ]  Phase(Theta)[deg.]  Abs(Phi  )[dBi   ]  Phase(Phi  )[deg.]  Ax.Ratio[dB    ]    
------------------------------------------------------------------------------------------------------------------------------------------------------
   0.000          90.000           -3.229e-01          -6.465e+00              84.765          -1.533e+00             234.787           1.295e+01     
   1.000          90.000           -3.556e-01          -6.534e+00              83.712          -1.554e+00             235.048           1.337e+01     
   2.000          90.000           -3.898e-01          -6.603e+00              82.668          -1.577e+00             235.323           1.380e+01     
   3.000          90.000           -4.255e-01          -6.674e+00              81.635          -1.602e+00             235.611           1.426e+01     
   4.000          90.000           -4.626e-01          -6.746e+00              80.615          -1.628e+00             235.913           1.474e+01     
   5.000          90.000           -5.009e-01          -6.819e+00              79.611          -1.655e+00             236.228           1.524e+01     
   6.000          90.000           -5.404e-01          -6.895e+00              78.624          -1.684e+00             236.558           1.578e+01     
   7.000          90.000           -5.809e-01          -6.972e+00              77.656          -1.713e+00             236.903           1.634e+01     
   8.000          90.000           -6.224e-01          -7.052e+00              76.710          -1.743e+00             237.262           1.693e+01     
   9.000          90.000           -6.646e-01          -7.135e+00              75.789          -1.774e+00             237.636           1.756e+01     
  10.000          90.000           -7.075e-01          -7.221e+00              74.894          -1.804e+00             238.025           1.823e+01     
  11.000          90.000           -7.509e-01          -7.309e+00              74.029          -1.835e+00             238.430           1.894e+01     
  12.000          90.000           -7.946e-01          -7.402e+00              73.197          -1.865e+00             238.849           1.970e+01     
  13.000          90.000           -8.384e-01          -7.499e+00              72.401          -1.894e+00             239.283           2.052e+01     
  14.000          90.000           -8.822e-01          -7.600e+00              71.645          -1.922e+00             239.731           2.140e+01     
  15.000          90.000           -9.257e-01          -7.706e+00              70.933          -1.949e+00             240.193           2.235e+01     
  16.000          90.000           -9.687e-01          -7.817e+00              70.269          -1.974e+00             240.669           2.337e+01     
  17.000          90.000           -1.011e+00          -7.934e+00              69.657          -1.997e+00             241.156           2.448e+01     
  18.000          90.000           -1.053e+00          -8.056e+00              69.103          -2.018e+00             241.654           2.569e+01     
  19.000          90.000           -1.093e+00          -8.185e+00              68.614          -2.037e+00             242.163           2.701e+01     
  20.000          90.000           -1.132e+00          -8.320e+00              68.194          -2.053e+00             242.679           2.844e+01     
  21.000          90.000           -1.170e+00          -8.462e+00              67.851          -2.067e+00             243.202           3.001e+01     
  22.000          90.000           -1.206e+00          -8.611e+00              67.593          -2.077e+00             243.730           3.170e+01     
  23.000          90.000           -1.240e+00          -8.767e+00              67.429          -2.085e+00             244.261           3.352e+01     
  24.000          90.000           -1.273e+00          -8.931e+00              67.369          -2.089e+00             244.792           3.542e+01     
  25.000          90.000           -1.303e+00          -9.102e+00              67.422          -2.091e+00             245.321           3.730e+01     
  26.000          90.000           -1.330e+00          -9.279e+00              67.600          -2.089e+00             245.846           3.899e+01     
  27.000          90.000           -1.355e+00          -9.463e+00              67.916          -2.085e+00             246.365           4.000e+01     
  28.000          90.000           -1.378e+00          -9.653e+00              68.384          -2.078e+00             246.875           4.000e+01     
  29.000          90.000           -1.398e+00          -9.848e+00              69.018          -2.068e+00             247.374           3.996e+01     
  30.000          90.000           -1.416e+00          -1.005e+01              69.833          -2.056e+00             247.859           3.852e+01     
  31.000          90.000           -1.431e+00          -1.024e+01              70.845          -2.043e+00             248.328           3.657e+01     
  32.000          90.000           -1.443e+00          -1.044e+01              72.069          -2.028e+00             248.780           3.441e+01     
  33.000          90.000           -1.453e+00          -1.063e+01              73.520          -2.012e+00             249.213           3.222e+01     
  34.000          90.000           -1.460e+00          -1.082e+01              75.208          -1.995e+00             249.624           3.012e+01     
  35.000          90.000           -1.465e+00          -1.099e+01              77.144          -1.979e+00             250.014           2.815e+01     
  36.000          90.000           -1.469e+00          -1.114e+01              79.329          -1.964e+00             250.380           2.631e+01     
  37.000          90.000           -1.470e+00          -1.127e+01              81.759          -1.950e+00             250.722           2.461e+01     
  38.000          90.000           -1.470e+00          -1.136e+01              84.419          -1.939e+00             251.040           2.303e+01     
  39.000          90.000           -1.468e+00          -1.142e+01              87.286          -1.931e+00             251.333           2.158e+01     
  40.000          90.000           -1.466e+00          -1.144e+01              90.325          -1.927e+00             251.604           2.022e+01     
  41.000          90.000           -1.463e+00          -1.141e+01              93.485          -1.927e+00             251.850           1.896e+01     
  42.000          90.000           -1.459e+00          -1.132e+01              96.713          -1.933e+00             252.074           1.779e+01     
  43.000          90.000           -1.456e+00          -1.119e+01              99.951          -1.945e+00             252.277           1.670e+01     
  44.000          90.000           -1.453e+00          -1.100e+01             103.139          -1.964e+00             252.461           1.567e+01     
  45.000          90.000           -1.451e+00          -1.077e+01             106.222          -1.991e+00             252.629           1.471e+01     
  46.000          90.000           -1.450e+00          -1.050e+01             109.153          -2.027e+00             252.782           1.381e+01     
  47.000          90.000           -1.450e+00          -1.019e+01             111.897          -2.073e+00             252.923           1.296e+01     
  48.000          90.000           -1.452e+00          -9.850e+00             114.428          -2.130e+00             253.057           1.216e+01     
  49.000          90.000           -1.455e+00          -9.490e+00             116.733          -2.198e+00             253.187           1.141e+01     
  50.000          90.000           -1.461e+00          -9.116e+00             118.807          -2.279e+00             253.317           1.070e+01     
  51.000          90.000           -1.469e+00          -8.733e+00             120.653          -2.373e+00             253.452           1.003e+01     
  52.000          90.000           -1.480e+00          -8.347e+00             122.279          -2.481e+00             253.598           9.412e+00     
  53.000          90.000           -1.494e+00          -7.961e+00             123.699          -2.604e+00             253.760           8.832e+00     
  54.000          90.000           -1.510e+00          -7.580e+00             124.925          -2.743e+00             253.945           8.297e+00     
  55.000          90.000           -1.529e+00          -7.207e+00             125.975          -2.898e+00             254.162           7.809e+00     
  56.000          90.000           -1.550e+00          -6.845e+00             126.863          -3.071e+00             254.417           7.372e+00     
  57.000          90.000           -1.574e+00          -6.494e+00             127.606          -3.262e+00             254.721           6.992e+00     
  58.000          90.000           -1.600e+00          -6.158e+00             128.218          -3.471e+00             255.084           6.676e+00     
  59.000          90.000           -1.628e+00          -5.837e+00             128.713          -3.700e+00             255.518           6.432e+00     
  60.000          90.000           -1.658e+00          -5.533e+00             129.105          -3.948e+00             256.037           6.268e+00     
  61.000          90.000           -1.690e+00          -5.245e+00             129.406          -4.216e+00             256.656           6.193e+00     
  62.000          90.000           -1.723e+00          -4.975e+00             129.627          -4.504e+00             257.393           6.212e+00     
  63.000          90.000           -1.756e+00          -4.723e+00             129.778          -4.810e+00             258.265           6.331e+00     
  64.000          90.000           -1.790e+00          -4.489e+00             129.868          -5.135e+00             259.295           6.551e+00     
  65.000          90.000           -1.824e+00          -4.275e+00             129.905          -5.477e+00             260.505           6.872e+00     
  66.000          90.000           -1.858e+00          -4.079e+00             129.899          -5.833e+00             261.922           7.293e+00     
  67.000          90.000           -1.890e+00          -3.902e+00             129.855          -6.201e+00             263.571           7.811e+00     
  68.000          90.000           -1.922e+00          -3.744e+00             129.780          -6.575e+00             265.479           8.426e+00     
  69.000          90.000           -1.953e+00          -3.605e+00             129.680          -6.951e+00             267.671           9.138e+00     
  70.000          90.000           -1.983e+00          -3.486e+00             129.563          -7.320e+00             270.166           9.953e+00     
  71.000          90.000           -2.011e+00          -3.386e+00             129.431          -7.674e+00             272.975           1.088e+01     
  72.000          90.000           -2.038e+00          -3.306e+00             129.290          -8.002e+00             276.097           1.193e+01     
  73.000          90.000           -2.063e+00          -3.245e+00             129.145          -8.292e+00             279.513           1.312e+01     
  74.000          90.000           -2.087e+00          -3.203e+00             129.001          -8.533e+00             283.178           1.448e+01     
  75.000          90.000           -2.110e+00          -3.181e+00             128.861          -8.714e+00             287.028           1.605e+01     
  76.000          90.000           -2.132e+00          -3.177e+00             128.729          -8.827e+00             290.974           1.792e+01     
  77.000          90.000           -2.153e+00          -3.194e+00             128.609          -8.868e+00             294.913           2.019e+01     
  78.000          90.000           -2.174e+00          -3.229e+00             128.505          -8.837e+00             298.738           2.308e+01     
  79.000          90.000           -2.195e+00          -3.283e+00             128.421          -8.739e+00             302.350           2.713e+01     
  80.000          90.000           -2.216e+00          -3.356e+00             128.359          -8.584e+00             305.665           3.406e+01     
  81.000          90.000           -2.238e+00          -3.448e+00             128.324          -8.381e+00             308.626           4.000e+01     
  82.000          90.000           -2.261e+00          -3.557e+00             128.318          -8.141e+00             311.198           3.315e+01     
  83.000          90.000           -2.284e+00          -3.685e+00             128.345          -7.877e+00             313.367           2.814e+01     
  84.000          90.000           -2.308e+00          -3.831e+00             128.408          -7.598e+00             315.136           2.541e+01     
  85.000          90.000           -2.333e+00          -3.994e+00             128.510          -7.311e+00             316.523           2.372e+01     
  86.000          90.000           -2.358e+00          -4.173e+00             128.654          -7.024e+00             317.550           2.265e+01     
  87.000          90.000           -2.384e+00          -4.368e+00             128.842          -6.742e+00             318.244           2.202e+01     
  88.000          90.000           -2.411e+00          -4.578e+00             129.076          -6.468e+00             318.634           2.176e+01     
  89.000          90.000           -2.437e+00          -4.802e+00             129.359          -6.204e+00             318.749           2.182e+01     
  90.000          90.000           -2.462e+00          -5.040e+00             129.693          -5.954e+00             318.620           2.220e+01     
  91.000          90.000           -2.487e+00          -5.289e+00             130.077          -5.716e+00             318.267           2.291e+01     
  92.000          90.000           -2.510e+00          -5.548e+00             130.512          -5.493e+00             317.719           2.402e+01     
  93.000          90.000           -2.531e+00          -5.816e+00             130.998          -5.284e+00             316.998           2.563e+01     
  94.000          90.000           -2.551e+00          -6.091e+00             131.531          -5.089e+00             316.126           2.799e+01     
  95.000          90.000           -2.568e+00          -6.370e+00             132.110          -4.908e+00             315.123           3.172e+01     
  96.000          90.000           -2.582e+00          -6.653e+00             132.730          -4.741e+00             314.008           3.926e+01     
  97.000          90.000           -2.595e+00          -6.935e+00             133.383          -4.588e+00             312.798           4.000e+01     
  98.000          90.000           -2.605e+00          -7.216e+00             134.062          -4.448e+00             311.509           3.347e+01     
  99.000          90.000           -2.613e+00          -7.492e+00             134.757          -4.320e+00             310.157           2.849e+01     
 100.000          90.000           -2.619e+00          -7.761e+00             135.455          -4.206e+00             308.755           2.536e+01     
 101.000          90.000           -2.625e+00          -8.019e+00             136.143          -4.105e+00             307.318           2.311e+01     
 102.000          90.000           -2.631e+00          -8.265e+00             136.805          -4.017e+00             305.857           2.139e+01     
 103.000          90.000           -2.637e+00          -8.496e+00             137.424          -3.942e+00             304.384           2.001e+01     
 104.000          90.000           -2.645e+00          -8.709e+00             137.982          -3.880e+00             302.909           1.889e+01     
 105.000          90.000           -2.656e+00          -8.902e+00             138.463          -3.833e+00             301.442           1.796e+01     
 106.000          90.000           -2.671e+00          -9.073e+00             138.848          -3.800e+00             299.992           1.718e+01     
 107.000          90.000           -2.690e+00          -9.221e+00             139.123          -3.782e+00             298.566           1.652e+01     
 108.000          90.000           -2.715e+00          -9.345e+00             139.274          -3.779e+00             297.173           1.597e+01     
 109.000          90.000           -2.747e+00          -9.442e+00             139.292          -3.793e+00             295.818           1.549e+01     
 110.000          90.000           -2.786e+00          -9.513e+00             139.169          -3.824e+00             294.508           1.509e+01     
 111.000          90.000           -2.834e+00          -9.556e+00             138.903          -3.872e+00             293.248           1.475e+01     
 112.000          90.000           -2.890e+00          -9.572e+00             138.495          -3.939e+00             292.043           1.445e+01     
 113.000          90.000           -2.955e+00          -9.560e+00             137.953          -4.026e+00             290.898           1.419e+01     
 114.000          90.000           -3.030e+00          -9.521e+00             137.282          -4.133e+00             289.816           1.398e+01     
 115.000          90.000           -3.114e+00          -9.456e+00             136.497          -4.261e+00             288.802           1.379e+01     
 116.000          90.000           -3.207e+00          -9.365e+00             135.614          -4.412e+00             287.861           1.363e+01     
 117.000          90.000           -3.310e+00          -9.251e+00             134.651          -4.586e+00             286.995           1.350e+01     
 118.000          90.000           -3.420e+00          -9.114e+00             133.625          -4.785e+00             286.210           1.341e+01     
 119.000          90.000           -3.539e+00          -8.957e+00             132.555          -5.009e+00             285.511           1.334e+01     
 120.000          90.000           -3.663e+00          -8.782e+00             131.461          -5.260e+00             284.904           1.331e+01     
 121.000          90.000           -3.793e+00          -8.591e+00             130.358          -5.540e+00             284.393           1.333e+01     
 122.000          90.000           -3.925e+00          -8.388e+00             129.262          -5.849e+00             283.988           1.339e+01     
 123.000          90.000           -4.060e+00          -8.174e+00             128.186          -6.190e+00             283.697           1.352e+01     
 124.000          90.000           -4.193e+00          -7.953e+00             127.143          -6.565e+00             283.531           1.372e+01     
 125.000          90.000           -4.323e+00          -7.726e+00             126.141          -6.974e+00             283.502           1.401e+01     
 126.000          90.000           -4.448e+00          -7.496e+00             125.188          -7.421e+00             283.628           1.441e+01     
 127.000          90.000           -4.565e+00          -7.265e+00             124.288          -7.908e+00             283.929           1.494e+01     
 128.000          90.000           -4.670e+00          -7.036e+00             123.445          -8.438e+00             284.431           1.564e+01     
 129.000          90.000           -4.763e+00          -6.809e+00             122.662          -9.013e+00             285.166           1.655e+01     
 130.000          90.000           -4.840e+00          -6.587e+00             121.940          -9.637e+00             286.177           1.772e+01     
 131.000          90.000           -4.899e+00          -6.371e+00             121.279          -1.031e+01             287.519           1.926e+01     
 132.000          90.000           -4.940e+00          -6.162e+00             120.678          -1.104e+01             289.263           2.133e+01     
 133.000          90.000           -4.962e+00          -5.961e+00             120.135          -1.183e+01             291.504           2.431e+01     
 134.000          90.000           -4.963e+00          -5.769e+00             119.650          -1.267e+01             294.364           2.922e+01     
 135.000          90.000           -4.946e+00          -5.586e+00             119.219          -1.357e+01             298.005           4.000e+01     
 136.000          90.000           -4.909e+00          -5.414e+00             118.842          -1.451e+01             302.628           3.370e+01     
 137.000          90.000           -4.856e+00          -5.251e+00             118.514          -1.546e+01             308.475           2.622e+01     
 138.000          90.000           -4.788e+00          -5.100e+00             118.234          -1.638e+01             315.784           2.226e+01     
 139.000          90.000           -4.706e+00          -4.959e+00             118.000          -1.718e+01             324.699           1.958e+01     
 140.000          90.000           -4.614e+00          -4.829e+00             117.809          -1.777e+01             335.093           1.757e+01     
 141.000          90.000           -4.512e+00          -4.709e+00             117.658          -1.804e+01             346.416           1.599e+01     
 142.000          90.000           -4.405e+00          -4.601e+00             117.545          -1.796e+01             357.767           1.469e+01     
 143.000          90.000           -4.294e+00          -4.504e+00             117.467          -1.756e+01               8.236           1.360e+01     
 144.000          90.000           -4.181e+00          -4.417e+00             117.423          -1.694e+01              17.282           1.268e+01     
 145.000          90.000           -4.068e+00          -4.341e+00             117.410          -1.621e+01              24.787           1.188e+01     
 146.000          90.000           -3.956e+00          -4.275e+00             117.426          -1.545e+01              30.898           1.119e+01     
 147.000          90.000           -3.847e+00          -4.219e+00             117.470          -1.470e+01              35.855           1.059e+01     
 148.000          90.000           -3.742e+00          -4.173e+00             117.538          -1.399e+01              39.897           1.006e+01     
 149.000          90.000           -3.642e+00          -4.137e+00             117.630          -1.332e+01              43.229           9.597e+00     
 150.000          90.000           -3.549e+00          -4.110e+00             117.743          -1.271e+01              46.010           9.186e+00     
 151.000          90.000           -3.462e+00          -4.092e+00             117.875          -1.216e+01              48.365           8.822e+00     
 152.000          90.000           -3.382e+00          -4.082e+00             118.026          -1.165e+01              50.388           8.499e+00     
 153.000          90.000           -3.309e+00          -4.082e+00             118.193          -1.119e+01              52.153           8.214e+00     
 154.000          90.000           -3.245e+00          -4.089e+00             118.374          -1.077e+01              53.714           7.961e+00     
 155.000          90.000           -3.188e+00          -4.105e+00             118.568          -1.039e+01              55.115           7.739e+00     
 156.000          90.000           -3.139e+00          -4.128e+00             118.774          -1.005e+01              56.390           7.544e+00     
 157.000          90.000           -3.099e+00          -4.158e+00             118.990          -9.746e+00              57.567           7.375e+00     
 158.000          90.000           -3.067e+00          -4.196e+00             119.214          -9.470e+00              58.667           7.228e+00     
 159.000          90.000           -3.042e+00          -4.240e+00             119.446          -9.222e+00              59.709           7.104e+00     
 160.000          90.000           -3.026e+00          -4.291e+00             119.683          -9.000e+00              60.707           7.000e+00     
 161.000          90.000           -3.017e+00          -4.348e+00             119.924          -8.802e+00              61.674           6.915e+00     
 162.000          90.000           -3.016e+00          -4.411e+00             120.168          -8.626e+00              62.619           6.849e+00     
 163.000          90.000           -3.022e+00          -4.480e+00             120.413          -8.471e+00              63.553           6.801e+00     
 164.000          90.000           -3.036e+00          -4.555e+00             120.659          -8.335e+00              64.482           6.771e+00     
 165.000          90.000           -3.056e+00          -4.635e+00             120.903          -8.217e+00              65.413           6.758e+00     
 166.000          90.000           -3.083e+00          -4.720e+00             121.145          -8.115e+00              66.352           6.762e+00     
 167.000          90.000           -3.117e+00          -4.809e+00             121.383          -8.029e+00              67.304           6.782e+00     
 168.000          90.000           -3.157e+00          -4.904e+00             121.616          -7.957e+00              68.275           6.820e+00     
 169.000          90.000           -3.203e+00          -5.003e+00             121.842          -7.899e+00              69.267           6.874e+00     
 170.000          90.000           -3.255e+00          -5.106e+00             122.061          -7.852e+00              70.286           6.945e+00     
 171.000          90.000           -3.313e+00          -5.213e+00             122.272          -7.818e+00              71.334           7.034e+00     
 172.000          90.000           -3.375e+00          -5.323e+00             122.472          -7.795e+00              72.415           7.141e+00     
 173.000          90.000           -3.443e+00          -5.438e+00             122.661          -7.782e+00              73.532           7.267e+00     
 174.000          90.000           -3.516e+00          -5.555e+00             122.838          -7.778e+00              74.688           7.412e+00     
 175.000          90.000           -3.593e+00          -5.676e+00             123.001          -7.784e+00              75.885           7.576e+00     
 176.000          90.000           -3.675e+00          -5.800e+00             123.149          -7.798e+00              77.127           7.762e+00     
 177.000          90.000           -3.760e+00          -5.926e+00             123.282          -7.820e+00              78.416           7.970e+00     
 178.000          90.000           -3.850e+00          -6.055e+00             123.398          -7.850e+00              79.754           8.202e+00     
 179.000          90.000           -3.943e+00          -6.185e+00             123.496          -7.887e+00              81.143           8.459e+00     
 180.000          90.000           -4.040e+00          -6.318e+00             123.576          -7.930e+00              82.585           8.743e+00     
 179.000         270.000           -4.139e+00          -6.453e+00             303.636          -7.980e+00             264.084           9.057e+00     
 178.000         270.000           -4.242e+00          -6.588e+00             303.675          -8.036e+00             265.642           9.404e+00     
 177.000         270.000           -4.347e+00          -6.725e+00             303.694          -8.098e+00             267.260           9.787e+00     
 176.000         270.000           -4.454e+00          -6.862e+00             303.690          -8.164e+00             268.940           1.021e+01     
 175.000         270.000           -4.564e+00          -7.000e+00             303.663          -8.236e+00             270.686           1.068e+01     
 174.000         270.000           -4.675e+00          -7.137e+00             303.614          -8.313e+00             272.500           1.120e+01     
 173.000         270.000           -4.788e+00          -7.274e+00             303.541          -8.394e+00             274.383           1.178e+01     
 172.000         270.000           -4.901e+00          -7.410e+00             303.445          -8.479e+00             276.339           1.243e+01     
 171.000         270.000           -5.016e+00          -7.544e+00             303.325          -8.568e+00             278.371           1.317e+01     
 170.000         270.000           -5.131e+00          -7.677e+00             303.182          -8.660e+00             280.480           1.401e+01     
 169.000         270.000           -5.245e+00          -7.807e+00             303.015          -8.756e+00             282.669           1.498e+01     
 168.000         270.000           -5.359e+00          -7.934e+00             302.827          -8.854e+00             284.943           1.611e+01     
 167.000         270.000           -5.472e+00          -8.057e+00             302.617          -8.954e+00             287.303           1.748e+01     
 166.000         270.000           -5.583e+00          -8.175e+00             302.386          -9.056e+00             289.752           1.916e+01     
 165.000         270.000           -5.692e+00          -8.289e+00             302.137          -9.159e+00             292.294           2.134e+01     
 164.000         270.000           -5.798e+00          -8.397e+00             301.871          -9.263e+00             294.932           2.439e+01     
 163.000         270.000           -5.900e+00          -8.498e+00             301.591          -9.366e+00             297.667           2.935e+01     
 162.000         270.000           -5.998e+00          -8.593e+00             301.298          -9.468e+00             300.504           4.000e+01     
 161.000         270.000           -6.090e+00          -8.679e+00             300.996          -9.567e+00             303.443           3.345e+01     
 160.000         270.000           -6.176e+00          -8.757e+00             300.688          -9.663e+00             306.486           2.596e+01     
 159.000         270.000           -6.255e+00          -8.825e+00             300.377          -9.755e+00             309.634           2.189e+01     
 158.000         270.000           -6.325e+00          -8.884e+00             300.067          -9.840e+00             312.885           1.904e+01     
 157.000         270.000           -6.387e+00          -8.932e+00             299.763          -9.917e+00             316.239           1.684e+01     
 156.000         270.000           -6.437e+00          -8.969e+00             299.468          -9.986e+00             319.690           1.504e+01     
 155.000         270.000           -6.477e+00          -8.995e+00             299.186          -1.004e+01             323.235           1.350e+01     
 154.000         270.000           -6.504e+00          -9.008e+00             298.922          -1.009e+01             326.865           1.216e+01     
 153.000         270.000           -6.518e+00          -9.009e+00             298.680          -1.012e+01             330.572           1.096e+01     
 152.000         270.000           -6.518e+00          -8.998e+00             298.463          -1.013e+01             334.342           9.887e+00     
 151.000         270.000           -6.504e+00          -8.974e+00             298.276          -1.013e+01             338.162           8.905e+00     
 150.000         270.000           -6.474e+00          -8.938e+00             298.121          -1.011e+01             342.015           8.004e+00     
 149.000         270.000           -6.430e+00          -8.888e+00             298.001          -1.007e+01             345.884           7.171e+00     
 148.000         270.000           -6.370e+00          -8.826e+00             297.919          -1.001e+01             349.751           6.399e+00     
 147.000         270.000           -6.295e+00          -8.752e+00             297.876          -9.938e+00             353.594           5.680e+00     
 146.000         270.000           -6.205e+00          -8.666e+00             297.873          -9.844e+00             357.396           5.010e+00     
 145.000         270.000           -6.101e+00          -8.568e+00             297.911          -9.733e+00               1.137           4.385e+00     
 144.000         270.000           -5.985e+00          -8.460e+00             297.990          -9.606e+00               4.800           3.803e+00     
 143.000         270.000           -5.857e+00          -8.341e+00             298.108          -9.466e+00               8.368           3.262e+00     
 142.000         270.000           -5.718e+00          -8.213e+00             298.263          -9.313e+00              11.828           2.762e+00     
 141.000         270.000           -5.570e+00          -8.075e+00             298.455          -9.151e+00              15.168           2.304e+00     
 140.000         270.000           -5.414e+00          -7.930e+00             298.682          -8.982e+00              18.378           1.894e+00     
 139.000         270.000           -5.252e+00          -7.778e+00             298.937          -8.808e+00              21.451           1.537e+00     
 138.000         270.000           -5.086e+00          -7.619e+00             299.219          -8.632e+00              24.381           1.252e+00     
 137.000         270.000           -4.916e+00          -7.455e+00             299.524          -8.455e+00              27.166           1.062e+00     
 136.000         270.000           -4.745e+00          -7.288e+00             299.847          -8.279e+00              29.802           9.918e-01     
 135.000         270.000           -4.573e+00          -7.117e+00             300.186          -8.107e+00              32.290           1.041e+00     
 134.000         270.000           -4.403e+00          -6.943e+00             300.535          -7.941e+00              34.628           1.176e+00     
 133.000         270.000           -4.235e+00          -6.769e+00             300.890          -7.781e+00              36.818           1.355e+00     
 132.000         270.000           -4.071e+00          -6.595e+00             301.248          -7.629e+00              38.861           1.554e+00     
 131.000         270.000           -3.912e+00          -6.422e+00             301.602          -7.487e+00              40.759           1.757e+00     
 130.000         270.000           -3.758e+00          -6.252e+00             301.951          -7.355e+00              42.513           1.955e+00     
 129.000         270.000           -3.611e+00          -6.084e+00             302.289          -7.233e+00              44.124           2.146e+00     
 128.000         270.000           -3.471e+00          -5.921e+00             302.613          -7.124e+00              45.595           2.327e+00     
 127.000         270.000           -3.339e+00          -5.763e+00             302.918          -7.026e+00              46.928           2.496e+00     
 126.000         270.000           -3.215e+00          -5.612e+00             303.201          -6.941e+00              48.122           2.654e+00     
 125.000         270.000           -3.101e+00          -5.467e+00             303.459          -6.868e+00              49.180           2.800e+00     
 124.000         270.000           -2.996e+00          -5.331e+00             303.689          -6.807e+00              50.102           2.933e+00     
 123.000         270.000           -2.901e+00          -5.203e+00             303.885          -6.757e+00              50.890           3.055e+00     
 122.000         270.000           -2.816e+00          -5.085e+00             304.047          -6.720e+00              51.544           3.165e+00     
 121.000         270.000           -2.741e+00          -4.978e+00             304.169          -6.693e+00              52.065           3.263e+00     
 120.000         270.000           -2.677e+00          -4.882e+00             304.250          -6.675e+00              52.455           3.348e+00     
 119.000         270.000           -2.623e+00          -4.798e+00             304.285          -6.667e+00              52.715           3.420e+00     
 118.000         270.000           -2.579e+00          -4.727e+00             304.271          -6.666e+00              52.848           3.480e+00     
 117.000         270.000           -2.545e+00          -4.669e+00             304.206          -6.671e+00              52.856           3.527e+00     
 116.000         270.000           -2.522e+00          -4.624e+00             304.085          -6.681e+00              52.744           3.561e+00     
 115.000         270.000           -2.508e+00          -4.593e+00             303.905          -6.694e+00              52.517           3.581e+00     
 114.000         270.000           -2.503e+00          -4.577e+00             303.662          -6.709e+00              52.182           3.588e+00     
 113.000         270.000           -2.508e+00          -4.576e+00             303.352          -6.722e+00              51.748           3.581e+00     
 112.000         270.000           -2.520e+00          -4.590e+00             302.971          -6.734e+00              51.221           3.561e+00     
 111.000         270.000           -2.541e+00          -4.618e+00             302.515          -6.741e+00              50.620           3.529e+00     
 110.000         270.000           -2.569e+00          -4.662e+00             301.980          -6.743e+00              49.955           3.486e+00     
 109.000         270.000           -2.603e+00          -4.721e+00             301.360          -6.737e+00              49.242           3.435e+00     
 108.000         270.000           -2.642e+00          -4.794e+00             300.651          -6.723e+00              48.499           3.378e+00     
 107.000         270.000           -2.686e+00          -4.882e+00             299.848          -6.700e+00              47.743           3.320e+00     
 106.000         270.000           -2.733e+00          -4.983e+00             298.945          -6.666e+00              46.994           3.267e+00     
 105.000         270.000           -2.783e+00          -5.098e+00             297.939          -6.622e+00              46.270           3.225e+00     
 104.000         270.000           -2.834e+00          -5.224e+00             296.823          -6.567e+00              45.589           3.204e+00     
 103.000         270.000           -2.885e+00          -5.362e+00             295.595          -6.503e+00              44.969           3.213e+00     
 102.000         270.000           -2.934e+00          -5.509e+00             294.249          -6.429e+00              44.425           3.262e+00     
 101.000         270.000           -2.981e+00          -5.663e+00             292.785          -6.347e+00              43.971           3.361e+00     
 100.000         270.000           -3.025e+00          -5.824e+00             291.199          -6.256e+00              43.620           3.517e+00     
  99.000         270.000           -3.063e+00          -5.989e+00             289.494          -6.159e+00              43.380           3.735e+00     
  98.000         270.000           -3.095e+00          -6.155e+00             287.670          -6.057e+00              43.260           4.016e+00     
  97.000         270.000           -3.121e+00          -6.320e+00             285.735          -5.950e+00              43.262           4.361e+00     
  96.000         270.000           -3.138e+00          -6.482e+00             283.695          -5.840e+00              43.392           4.766e+00     
  95.000         270.000           -3.148e+00          -6.637e+00             281.562          -5.727e+00              43.647           5.229e+00     
  94.000         270.000           -3.148e+00          -6.783e+00             279.352          -5.612e+00              44.028           5.748e+00     
  93.000         270.000           -3.139e+00          -6.919e+00             277.083          -5.496e+00              44.531           6.319e+00     
  92.000         270.000           -3.121e+00          -7.041e+00             274.776          -5.379e+00              45.150           6.942e+00     
  91.000         270.000           -3.094e+00          -7.149e+00             272.456          -5.262e+00              45.879           7.614e+00     
  90.000         270.000           -3.058e+00          -7.242e+00             270.149          -5.145e+00              46.712           8.336e+00     
  89.000         270.000           -3.014e+00          -7.319e+00             267.883          -5.028e+00              47.639           9.108e+00     
  88.000         270.000           -2.963e+00          -7.380e+00             265.686          -4.912e+00              48.650           9.929e+00     
  87.000         270.000           -2.905e+00          -7.426e+00             263.584          -4.796e+00              49.735           1.080e+01     
  86.000         270.000           -2.842e+00          -7.459e+00             261.602          -4.681e+00              50.883           1.173e+01     
  85.000         270.000           -2.774e+00          -7.481e+00             259.761          -4.567e+00              52.083           1.271e+01     
  84.000         270.000           -2.702e+00          -7.493e+00             258.081          -4.453e+00              53.323           1.374e+01     
  83.000         270.000           -2.628e+00          -7.497e+00             256.577          -4.341e+00              54.592           1.483e+01     
  82.000         270.000           -2.552e+00          -7.496e+00             255.263          -4.230e+00              55.878           1.598e+01     
  81.000         270.000           -2.476e+00          -7.491e+00             254.148          -4.121e+00              57.170           1.719e+01     
  80.000         270.000           -2.400e+00          -7.484e+00             253.237          -4.013e+00              58.457           1.844e+01     
  79.000         270.000           -2.326e+00          -7.478e+00             252.537          -3.908e+00              59.728           1.973e+01     
  78.000         270.000           -2.252e+00          -7.472e+00             252.049          -3.806e+00              60.975           2.103e+01     
  77.000         270.000           -2.182e+00          -7.468e+00             251.774          -3.706e+00              62.187           2.233e+01     
  76.000         270.000           -2.114e+00          -7.466e+00             251.709          -3.611e+00              63.358           2.357e+01     
  75.000         270.000           -2.049e+00          -7.466e+00             251.853          -3.519e+00              64.478           2.469e+01     
  74.000         270.000           -1.987e+00          -7.468e+00             252.201          -3.433e+00              65.542           2.562e+01     
  73.000         270.000           -1.929e+00          -7.471e+00             252.748          -3.351e+00              66.543           2.627e+01     
  72.000         270.000           -1.875e+00          -7.474e+00             253.486          -3.275e+00              67.476           2.658e+01     
  71.000         270.000           -1.824e+00          -7.476e+00             254.406          -3.204e+00              68.337           2.653e+01     
  70.000         270.000           -1.777e+00          -7.475e+00             255.499          -3.140e+00              69.122           2.613e+01     
  69.000         270.000           -1.733e+00          -7.470e+00             256.752          -3.081e+00              69.828           2.544e+01     
  68.000         270.000           -1.692e+00          -7.459e+00             258.150          -3.029e+00              70.452           2.453e+01     
  67.000         270.000           -1.654e+00          -7.442e+00             259.680          -2.983e+00              70.992           2.350e+01     
  66.000         270.000           -1.618e+00          -7.415e+00             261.319          -2.944e+00              71.447           2.239e+01     
  65.000         270.000           -1.584e+00          -7.379e+00             263.050          -2.911e+00              71.816           2.127e+01     
  64.000         270.000           -1.551e+00          -7.332e+00             264.853          -2.884e+00              72.099           2.015e+01     
  63.000         270.000           -1.520e+00          -7.273e+00             266.705          -2.862e+00              72.295           1.907e+01     
  62.000         270.000           -1.489e+00          -7.203e+00             268.587          -2.846e+00              72.405           1.803e+01     
  61.000         270.000           -1.459e+00          -7.121e+00             270.476          -2.834e+00              72.430           1.705e+01     
  60.000         270.000           -1.428e+00          -7.029e+00             272.353          -2.827e+00              72.372           1.612e+01     
  59.000         270.000           -1.397e+00          -6.927e+00             274.199          -2.823e+00              72.233           1.524e+01     
  58.000         270.000           -1.365e+00          -6.816e+00             275.998          -2.823e+00              72.014           1.442e+01     
  57.000         270.000           -1.332e+00          -6.698e+00             277.735          -2.824e+00              71.720           1.365e+01     
  56.000         270.000           -1.298e+00          -6.574e+00             279.398          -2.827e+00              71.354           1.293e+01     
  55.000         270.000           -1.263e+00          -6.446e+00             280.979          -2.831e+00              70.919           1.225e+01     
  54.000         270.000           -1.225e+00          -6.315e+00             282.468          -2.836e+00              70.421           1.163e+01     
  53.000         270.000           -1.187e+00          -6.183e+00             283.861          -2.839e+00              69.864           1.104e+01     
  52.000         270.000           -1.146e+00          -6.052e+00             285.155          -2.841e+00              69.254           1.050e+01     
  51.000         270.000           -1.105e+00          -5.923e+00             286.347          -2.842e+00              68.597           9.988e+00     
  50.000         270.000           -1.061e+00          -5.798e+00             287.438          -2.840e+00              67.900           9.517e+00     
  49.000         270.000           -1.017e+00          -5.676e+00             288.427          -2.835e+00              67.168           9.082e+00     
  48.000         270.000           -9.712e-01          -5.560e+00             289.316          -2.826e+00              66.408           8.679e+00     
  47.000         270.000           -9.248e-01          -5.450e+00             290.107          -2.814e+00              65.628           8.309e+00     
  46.000         270.000           -8.778e-01          -5.347e+00             290.803          -2.798e+00              64.834           7.969e+00     
  45.000         270.000           -8.304e-01          -5.252e+00             291.407          -2.777e+00              64.033           7.659e+00     
  44.000         270.000           -7.829e-01          -5.164e+00             291.921          -2.753e+00              63.231           7.377e+00     
  43.000         270.000           -7.355e-01          -5.084e+00             292.350          -2.725e+00              62.435           7.123e+00     
  42.000         270.000           -6.885e-01          -5.012e+00             292.696          -2.692e+00              61.650           6.896e+00     
  41.000         270.000           -6.421e-01          -4.948e+00             292.962          -2.656e+00              60.881           6.695e+00     
  40.000         270.000           -5.966e-01          -4.893e+00             293.153          -2.616e+00              60.133           6.519e+00     
  39.000         270.000           -5.520e-01          -4.846e+00             293.269          -2.573e+00              59.411           6.367e+00     
  38.000         270.000           -5.088e-01          -4.807e+00             293.316          -2.527e+00              58.718           6.240e+00     
  37.000         270.000           -4.669e-01          -4.776e+00             293.296          -2.479e+00              58.056           6.136e+00     
  36.000         270.000           -4.267e-01          -4.753e+00             293.211          -2.428e+00              57.429           6.054e+00     
  35.000         270.000           -3.881e-01          -4.737e+00             293.063          -2.377e+00              56.839           5.994e+00     
  34.000         270.000           -3.513e-01          -4.729e+00             292.857          -2.323e+00              56.286           5.956e+00     
  33.000         270.000           -3.165e-01          -4.727e+00             292.593          -2.270e+00              55.772           5.938e+00     
  32.000         270.000           -2.836e-01          -4.732e+00             292.274          -2.215e+00              55.297           5.940e+00     
  31.000         270.000           -2.527e-01          -4.743e+00             291.903          -2.161e+00              54.861           5.960e+00     
  30.000         270.000           -2.240e-01          -4.760e+00             291.481          -2.107e+00              54.464           5.999e+00     
  29.000         270.000           -1.973e-01          -4.783e+00             291.011          -2.054e+00              54.105           6.055e+00     
  28.000         270.000           -1.728e-01          -4.810e+00             290.495          -2.002e+00              53.784           6.128e+00     
  27.000         270.000           -1.505e-01          -4.843e+00             289.934          -1.951e+00              53.499           6.216e+00     
  26.000         270.000           -1.303e-01          -4.879e+00             289.330          -1.902e+00              53.249           6.319e+00     
  25.000         270.000           -1.122e-01          -4.920e+00             288.686          -1.855e+00              53.033           6.437e+00     
  24.000         270.000           -9.631e-02          -4.964e+00             288.002          -1.810e+00              52.850           6.568e+00     
  23.000         270.000           -8.255e-02          -5.012e+00             287.282          -1.766e+00              52.697           6.712e+00     
  22.000         270.000           -7.092e-02          -5.063e+00             286.527          -1.726e+00              52.574           6.868e+00     
  21.000         270.000           -6.140e-02          -5.116e+00             285.738          -1.687e+00              52.478           7.035e+00     
  20.000         270.000           -5.398e-02          -5.172e+00             284.918          -1.651e+00              52.408           7.214e+00     
  19.000         270.000           -4.865e-02          -5.229e+00             284.069          -1.618e+00              52.363           7.404e+00     
  18.000         270.000           -4.538e-02          -5.289e+00             283.191          -1.588e+00              52.342           7.604e+00     
  17.000         270.000           -4.416e-02          -5.350e+00             282.288          -1.561e+00              52.342           7.814e+00     
  16.000         270.000           -4.497e-02          -5.412e+00             281.361          -1.536e+00              52.363           8.034e+00     
  15.000         270.000           -4.781e-02          -5.475e+00             280.411          -1.515e+00              52.403           8.264e+00     
  14.000         270.000           -5.267e-02          -5.539e+00             279.441          -1.496e+00              52.461           8.503e+00     
  13.000         270.000           -5.952e-02          -5.603e+00             278.453          -1.480e+00              52.537           8.751e+00     
  12.000         270.000           -6.835e-02          -5.668e+00             277.448          -1.468e+00              52.629           9.009e+00     
  11.000         270.000           -7.916e-02          -5.734e+00             276.428          -1.458e+00              52.736           9.276e+00     
  10.000         270.000           -9.193e-02          -5.799e+00             275.395          -1.451e+00              52.857           9.554e+00     
   9.000         270.000           -1.066e-01          -5.865e+00             274.352          -1.447e+00              52.993           9.841e+00     
   8.000         270.000           -1.233e-01          -5.931e+00             273.299          -1.446e+00              53.142           1.014e+01     
   7.000         270.000           -1.419e-01          -5.997e+00             272.239          -1.448e+00              53.304           1.045e+01     
   6.000         270.000           -1.623e-01          -6.063e+00             271.173          -1.452e+00              53.479           1.076e+01     
   5.000         270.000           -1.846e-01          -6.130e+00             270.103          -1.459e+00              53.666           1.109e+01     
   4.000         270.000           -2.088e-01          -6.196e+00             269.032          -1.469e+00              53.865           1.144e+01     
   3.000         270.000           -2.347e-01          -6.263e+00             267.961          -1.482e+00              54.077           1.179e+01     
   2.000         270.000           -2.624e-01          -6.330e+00             266.891          -1.496e+00              54.301           1.216e+01     
   1.000         270.000           -2.918e-01          -6.397e+00             265.825          -1.513e+00              54.538           1.255e+01     
