Theta [deg.]  Phi   [deg.]  Abs(Dir.)[dBi   ]   Abs(Theta)[dBi   ]  Phase(Theta)[deg.]  Abs(Phi  )[dBi   ]  Phase(Phi  )[deg.]  Ax.Ratio[dB    ]    
------------------------------------------------------------------------------------------------------------------------------------------------------
   0.000          90.000           -6.863e-01          -2.442e+01             131.480          -7.047e-01             186.440           2.546e+01     
   1.000          90.000           -6.738e-01          -2.348e+01             135.648          -6.967e-01             185.882           2.509e+01     
   2.000          90.000           -6.585e-01          -2.260e+01             138.915          -6.864e-01             185.303           2.474e+01     
   3.000          90.000           -6.404e-01          -2.178e+01             141.477          -6.739e-01             184.702           2.443e+01     
   4.000          90.000           -6.193e-01          -2.101e+01             143.483          -6.592e-01             184.080           2.413e+01     
   5.000          90.000           -5.955e-01          -2.031e+01             145.045          -6.422e-01             183.439           2.386e+01     
   6.000          90.000           -5.687e-01          -1.965e+01             146.245          -6.227e-01             182.778           2.360e+01     
   7.000          90.000           -5.392e-01          -1.904e+01             147.146          -6.010e-01             182.100           2.336e+01     
   8.000          90.000           -5.068e-01          -1.848e+01             147.795          -5.767e-01             181.405           2.313e+01     
   9.000          90.000           -4.717e-01          -1.795e+01             148.227          -5.501e-01             180.695           2.292e+01     
  10.000          90.000           -4.339e-01          -1.746e+01             148.470          -5.209e-01             179.970           2.271e+01     
  11.000          90.000           -3.935e-01          -1.700e+01             148.547          -4.893e-01             179.231           2.250e+01     
  12.000          90.000           -3.504e-01          -1.658e+01             148.472          -4.552e-01             178.481           2.230e+01     
  13.000          90.000           -3.048e-01          -1.618e+01             148.260          -4.186e-01             177.720           2.210e+01     
  14.000          90.000           -2.568e-01          -1.581e+01             147.921          -3.796e-01             176.950           2.190e+01     
  15.000          90.000           -2.065e-01          -1.546e+01             147.462          -3.381e-01             176.172           2.169e+01     
  16.000          90.000           -1.539e-01          -1.513e+01             146.890          -2.943e-01             175.388           2.148e+01     
  17.000          90.000           -9.921e-02          -1.482e+01             146.209          -2.482e-01             174.599           2.126e+01     
  18.000          90.000           -4.248e-02          -1.453e+01             145.424          -1.998e-01             173.807           2.104e+01     
  19.000          90.000            1.617e-02          -1.426e+01             144.535          -1.492e-01             173.012           2.080e+01     
  20.000          90.000            7.660e-02          -1.400e+01             143.546          -9.666e-02             172.217           2.055e+01     
  21.000          90.000            1.387e-01          -1.376e+01             142.458          -4.212e-02             171.424           2.029e+01     
  22.000          90.000            2.023e-01          -1.353e+01             141.271           1.424e-02             170.632           2.002e+01     
  23.000          90.000            2.673e-01          -1.331e+01             139.987           7.228e-02             169.844           1.973e+01     
  24.000          90.000            3.336e-01          -1.310e+01             138.606           1.318e-01             169.061           1.943e+01     
  25.000          90.000            4.011e-01          -1.289e+01             137.128           1.928e-01             168.285           1.912e+01     
  26.000          90.000            4.695e-01          -1.270e+01             135.555           2.549e-01             167.516           1.879e+01     
  27.000          90.000            5.388e-01          -1.251e+01             133.887           3.180e-01             166.756           1.845e+01     
  28.000          90.000            6.088e-01          -1.232e+01             132.126           3.819e-01             166.005           1.810e+01     
  29.000          90.000            6.793e-01          -1.214e+01             130.274           4.463e-01             165.266           1.774e+01     
  30.000          90.000            7.503e-01          -1.196e+01             128.334           5.112e-01             164.538           1.736e+01     
  31.000          90.000            8.217e-01          -1.178e+01             126.309           5.761e-01             163.822           1.698e+01     
  32.000          90.000            8.932e-01          -1.159e+01             124.205           6.410e-01             163.120           1.659e+01     
  33.000          90.000            9.648e-01          -1.141e+01             122.026           7.056e-01             162.432           1.619e+01     
  34.000          90.000            1.036e+00          -1.121e+01             119.780           7.695e-01             161.759           1.578e+01     
  35.000          90.000            1.108e+00          -1.102e+01             117.475           8.326e-01             161.101           1.537e+01     
  36.000          90.000            1.178e+00          -1.081e+01             115.119           8.947e-01             160.458           1.496e+01     
  37.000          90.000            1.249e+00          -1.060e+01             112.722           9.553e-01             159.832           1.454e+01     
  38.000          90.000            1.319e+00          -1.038e+01             110.295           1.014e+00             159.223           1.412e+01     
  39.000          90.000            1.388e+00          -1.014e+01             107.849           1.072e+00             158.630           1.370e+01     
  40.000          90.000            1.456e+00          -9.904e+00             105.396           1.127e+00             158.053           1.328e+01     
  41.000          90.000            1.524e+00          -9.653e+00             102.947           1.179e+00             157.494           1.286e+01     
  42.000          90.000            1.590e+00          -9.393e+00             100.514           1.229e+00             156.952           1.245e+01     
  43.000          90.000            1.655e+00          -9.123e+00              98.108           1.276e+00             156.428           1.203e+01     
  44.000          90.000            1.719e+00          -8.845e+00              95.739           1.320e+00             155.920           1.162e+01     
  45.000          90.000            1.781e+00          -8.560e+00              93.418           1.360e+00             155.429           1.121e+01     
  46.000          90.000            1.842e+00          -8.267e+00              91.151           1.396e+00             154.955           1.080e+01     
  47.000          90.000            1.901e+00          -7.968e+00              88.948           1.429e+00             154.498           1.040e+01     
  48.000          90.000            1.958e+00          -7.665e+00              86.812           1.457e+00             154.058           1.000e+01     
  49.000          90.000            2.014e+00          -7.358e+00              84.752           1.480e+00             153.634           9.607e+00     
  50.000          90.000            2.067e+00          -7.049e+00              82.770           1.499e+00             153.225           9.217e+00     
  51.000          90.000            2.118e+00          -6.739e+00              80.869           1.512e+00             152.832           8.832e+00     
  52.000          90.000            2.166e+00          -6.429e+00              79.050           1.520e+00             152.454           8.451e+00     
  53.000          90.000            2.212e+00          -6.121e+00              77.316           1.523e+00             152.092           8.075e+00     
  54.000          90.000            2.255e+00          -5.814e+00              75.666           1.519e+00             151.743           7.704e+00     
  55.000          90.000            2.296e+00          -5.511e+00              74.099           1.509e+00             151.409           7.337e+00     
  56.000          90.000            2.333e+00          -5.212e+00              72.616           1.492e+00             151.089           6.974e+00     
  57.000          90.000            2.367e+00          -4.919e+00              71.214           1.469e+00             150.782           6.616e+00     
  58.000          90.000            2.398e+00          -4.631e+00              69.892           1.438e+00             150.488           6.262e+00     
  59.000          90.000            2.425e+00          -4.350e+00              68.648           1.400e+00             150.206           5.912e+00     
  60.000          90.000            2.448e+00          -4.076e+00              67.480           1.355e+00             149.936           5.565e+00     
  61.000          90.000            2.468e+00          -3.810e+00              66.386           1.301e+00             149.678           5.222e+00     
  62.000          90.000            2.483e+00          -3.552e+00              65.365           1.239e+00             149.430           4.883e+00     
  63.000          90.000            2.494e+00          -3.303e+00              64.413           1.168e+00             149.193           4.546e+00     
  64.000          90.000            2.501e+00          -3.063e+00              63.528           1.088e+00             148.965           4.212e+00     
  65.000          90.000            2.503e+00          -2.833e+00              62.709           9.985e-01             148.747           3.881e+00     
  66.000          90.000            2.500e+00          -2.612e+00              61.954           8.994e-01             148.537           3.552e+00     
  67.000          90.000            2.491e+00          -2.402e+00              61.261           7.901e-01             148.335           3.224e+00     
  68.000          90.000            2.478e+00          -2.202e+00              60.627           6.703e-01             148.141           2.898e+00     
  69.000          90.000            2.459e+00          -2.012e+00              60.052           5.395e-01             147.952           2.572e+00     
  70.000          90.000            2.434e+00          -1.833e+00              59.534           3.974e-01             147.770           2.247e+00     
  71.000          90.000            2.403e+00          -1.665e+00              59.072           2.434e-01             147.592           1.922e+00     
  72.000          90.000            2.367e+00          -1.508e+00              58.664           7.710e-02             147.418           1.597e+00     
  73.000          90.000            2.324e+00          -1.362e+00              58.309          -1.020e-01             147.247           1.271e+00     
  74.000          90.000            2.274e+00          -1.228e+00              58.006          -2.946e-01             147.078           9.436e-01     
  75.000          90.000            2.218e+00          -1.104e+00              57.755          -5.011e-01             146.910           6.164e-01     
  76.000          90.000            2.155e+00          -9.918e-01              57.555          -7.222e-01             146.740           2.965e-01     
  77.000          90.000            2.086e+00          -8.908e-01              57.405          -9.586e-01             146.569           1.438e-01     
  78.000          90.000            2.009e+00          -8.012e-01              57.305          -1.211e+00             146.393           4.326e-01     
  79.000          90.000            1.925e+00          -7.229e-01              57.255          -1.480e+00             146.210           7.738e-01     
  80.000          90.000            1.834e+00          -6.560e-01              57.254          -1.767e+00             146.020           1.127e+00     
  81.000          90.000            1.736e+00          -6.004e-01              57.302          -2.073e+00             145.818           1.490e+00     
  82.000          90.000            1.630e+00          -5.561e-01              57.401          -2.398e+00             145.601           1.863e+00     
  83.000          90.000            1.517e+00          -5.231e-01              57.549          -2.745e+00             145.366           2.247e+00     
  84.000          90.000            1.396e+00          -5.013e-01              57.747          -3.113e+00             145.109           2.644e+00     
  85.000          90.000            1.269e+00          -4.906e-01              57.996          -3.506e+00             144.824           3.055e+00     
  86.000          90.000            1.134e+00          -4.910e-01              58.297          -3.924e+00             144.504           3.483e+00     
  87.000          90.000            9.915e-01          -5.023e-01              58.649          -4.369e+00             144.142           3.930e+00     
  88.000          90.000            8.425e-01          -5.245e-01              59.054          -4.843e+00             143.729           4.400e+00     
  89.000          90.000            6.868e-01          -5.573e-01              59.513          -5.350e+00             143.253           4.895e+00     
  90.000          90.000            5.247e-01          -6.007e-01              60.027          -5.891e+00             142.700           5.420e+00     
  91.000          90.000            3.565e-01          -6.544e-01              60.597          -6.470e+00             142.051           5.980e+00     
  92.000          90.000            1.827e-01          -7.183e-01              61.224          -7.091e+00             141.281           6.580e+00     
  93.000          90.000            3.826e-03          -7.920e-01              61.909          -7.758e+00             140.363           7.229e+00     
  94.000          90.000           -1.795e-01          -8.754e-01              62.655          -8.475e+00             139.254           7.936e+00     
  95.000          90.000           -3.667e-01          -9.681e-01              63.461          -9.250e+00             137.904           8.713e+00     
  96.000          90.000           -5.567e-01          -1.070e+00              64.331          -1.009e+01             136.239           9.576e+00     
  97.000          90.000           -7.489e-01          -1.180e+00              65.264          -1.099e+01             134.161           1.055e+01     
  98.000          90.000           -9.421e-01          -1.298e+00              66.263          -1.198e+01             131.534           1.165e+01     
  99.000          90.000           -1.135e+00          -1.425e+00              67.329          -1.304e+01             128.163           1.294e+01     
 100.000          90.000           -1.327e+00          -1.558e+00              68.464          -1.419e+01             123.775           1.449e+01     
 101.000          90.000           -1.517e+00          -1.698e+00              69.667          -1.539e+01             117.992           1.640e+01     
 102.000          90.000           -1.702e+00          -1.844e+00              70.942          -1.662e+01             110.332           1.890e+01     
 103.000          90.000           -1.882e+00          -1.996e+00              72.287          -1.776e+01             100.311           2.250e+01     
 104.000          90.000           -2.055e+00          -2.152e+00              73.704          -1.863e+01              87.788           2.893e+01     
 105.000          90.000           -2.220e+00          -2.312e+00              75.193          -1.902e+01              73.530           4.000e+01     
 106.000          90.000           -2.376e+00          -2.475e+00              76.754          -1.882e+01              59.308           2.699e+01     
 107.000          90.000           -2.520e+00          -2.641e+00              78.385          -1.814e+01              46.884           2.131e+01     
 108.000          90.000           -2.652e+00          -2.808e+00              80.086          -1.719e+01              37.013           1.787e+01     
 109.000          90.000           -2.771e+00          -2.975e+00              81.855          -1.616e+01              29.548           1.538e+01     
 110.000          90.000           -2.877e+00          -3.142e+00              83.689          -1.515e+01              24.002           1.343e+01     
 111.000          90.000           -2.968e+00          -3.308e+00              85.584          -1.420e+01              19.895           1.183e+01     
 112.000          90.000           -3.044e+00          -3.472e+00              87.538          -1.333e+01              16.850           1.047e+01     
 113.000          90.000           -3.106e+00          -3.632e+00              89.545          -1.253e+01              14.594           9.290e+00     
 114.000          90.000           -3.154e+00          -3.789e+00              91.599          -1.181e+01              12.933           8.259e+00     
 115.000          90.000           -3.188e+00          -3.942e+00              93.695          -1.116e+01              11.732           7.346e+00     
 116.000          90.000           -3.209e+00          -4.090e+00              95.826          -1.057e+01              10.890           6.534e+00     
 117.000          90.000           -3.218e+00          -4.232e+00              97.985          -1.003e+01              10.337           5.813e+00     
 118.000          90.000           -3.216e+00          -4.368e+00             100.163          -9.541e+00              10.019           5.173e+00     
 119.000          90.000           -3.204e+00          -4.499e+00             102.354          -9.093e+00               9.897           4.611e+00     
 120.000          90.000           -3.185e+00          -4.623e+00             104.548          -8.682e+00               9.938           4.123e+00     
 121.000          90.000           -3.158e+00          -4.742e+00             106.739          -8.306e+00              10.120           3.711e+00     
 122.000          90.000           -3.125e+00          -4.854e+00             108.918          -7.959e+00              10.423           3.374e+00     
 123.000          90.000           -3.087e+00          -4.962e+00             111.077          -7.640e+00              10.831           3.113e+00     
 124.000          90.000           -3.046e+00          -5.064e+00             113.211          -7.345e+00              11.332           2.927e+00     
 125.000          90.000           -3.003e+00          -5.163e+00             115.311          -7.072e+00              11.915           2.813e+00     
 126.000          90.000           -2.958e+00          -5.258e+00             117.373          -6.820e+00              12.571           2.765e+00     
 127.000          90.000           -2.913e+00          -5.350e+00             119.391          -6.585e+00              13.293           2.772e+00     
 128.000          90.000           -2.868e+00          -5.440e+00             121.361          -6.366e+00              14.074           2.822e+00     
 129.000          90.000           -2.824e+00          -5.530e+00             123.279          -6.162e+00              14.908           2.906e+00     
 130.000          90.000           -2.781e+00          -5.619e+00             125.143          -5.971e+00              15.789           3.013e+00     
 131.000          90.000           -2.740e+00          -5.709e+00             126.950          -5.793e+00              16.712           3.135e+00     
 132.000          90.000           -2.702e+00          -5.801e+00             128.698          -5.625e+00              17.672           3.267e+00     
 133.000          90.000           -2.665e+00          -5.896e+00             130.389          -5.466e+00              18.668           3.403e+00     
 134.000          90.000           -2.632e+00          -5.994e+00             132.018          -5.317e+00              19.691           3.543e+00     
 135.000          90.000           -2.602e+00          -6.097e+00             133.588          -5.176e+00              20.738           3.683e+00     
 136.000          90.000           -2.574e+00          -6.205e+00             135.098          -5.042e+00              21.807           3.824e+00     
 137.000          90.000           -2.550e+00          -6.319e+00             136.549          -4.915e+00              22.893           3.965e+00     
 138.000          90.000           -2.529e+00          -6.440e+00             137.942          -4.794e+00              23.993           4.107e+00     
 139.000          90.000           -2.511e+00          -6.568e+00             139.279          -4.678e+00              25.103           4.251e+00     
 140.000          90.000           -2.496e+00          -6.705e+00             140.561          -4.567e+00              26.220           4.398e+00     
 141.000          90.000           -2.483e+00          -6.851e+00             141.789          -4.461e+00              27.340           4.549e+00     
 142.000          90.000           -2.474e+00          -7.006e+00             142.964          -4.359e+00              28.461           4.706e+00     
 143.000          90.000           -2.467e+00          -7.172e+00             144.089          -4.261e+00              29.578           4.870e+00     
 144.000          90.000           -2.462e+00          -7.349e+00             145.165          -4.166e+00              30.691           5.043e+00     
 145.000          90.000           -2.460e+00          -7.538e+00             146.193          -4.075e+00              31.794           5.225e+00     
 146.000          90.000           -2.460e+00          -7.739e+00             147.175          -3.987e+00              32.887           5.419e+00     
 147.000          90.000           -2.461e+00          -7.953e+00             148.112          -3.902e+00              33.966           5.626e+00     
 148.000          90.000           -2.465e+00          -8.181e+00             149.006          -3.821e+00              35.029           5.847e+00     
 149.000          90.000           -2.470e+00          -8.425e+00             149.858          -3.742e+00              36.074           6.084e+00     
 150.000          90.000           -2.477e+00          -8.683e+00             150.669          -3.667e+00              37.098           6.337e+00     
 151.000          90.000           -2.485e+00          -8.959e+00             151.440          -3.594e+00              38.100           6.608e+00     
 152.000          90.000           -2.495e+00          -9.252e+00             152.172          -3.524e+00              39.077           6.897e+00     
 153.000          90.000           -2.505e+00          -9.564e+00             152.865          -3.457e+00              40.029           7.207e+00     
 154.000          90.000           -2.517e+00          -9.897e+00             153.520          -3.394e+00              40.953           7.538e+00     
 155.000          90.000           -2.529e+00          -1.025e+01             154.138          -3.333e+00              41.848           7.892e+00     
 156.000          90.000           -2.543e+00          -1.063e+01             154.717          -3.276e+00              42.714           8.271e+00     
 157.000          90.000           -2.556e+00          -1.103e+01             155.258          -3.222e+00              43.547           8.675e+00     
 158.000          90.000           -2.571e+00          -1.146e+01             155.760          -3.171e+00              44.349           9.107e+00     
 159.000          90.000           -2.586e+00          -1.193e+01             156.221          -3.124e+00              45.117           9.570e+00     
 160.000          90.000           -2.602e+00          -1.242e+01             156.640          -3.080e+00              45.851           1.007e+01     
 161.000          90.000           -2.618e+00          -1.296e+01             157.014          -3.040e+00              46.549           1.060e+01     
 162.000          90.000           -2.635e+00          -1.353e+01             157.339          -3.004e+00              47.212           1.117e+01     
 163.000          90.000           -2.653e+00          -1.416e+01             157.609          -2.971e+00              47.838           1.179e+01     
 164.000          90.000           -2.670e+00          -1.484e+01             157.817          -2.942e+00              48.427           1.247e+01     
 165.000          90.000           -2.689e+00          -1.558e+01             157.952          -2.918e+00              48.978           1.320e+01     
 166.000          90.000           -2.708e+00          -1.641e+01             158.000          -2.897e+00              49.491           1.401e+01     
 167.000          90.000           -2.727e+00          -1.732e+01             157.937          -2.881e+00              49.964           1.491e+01     
 168.000          90.000           -2.747e+00          -1.835e+01             157.730          -2.868e+00              50.398           1.591e+01     
 169.000          90.000           -2.767e+00          -1.952e+01             157.325          -2.860e+00              50.791           1.704e+01     
 170.000          90.000           -2.788e+00          -2.088e+01             156.630          -2.856e+00              51.144           1.835e+01     
 171.000          90.000           -2.810e+00          -2.249e+01             155.481          -2.857e+00              51.455           1.990e+01     
 172.000          90.000           -2.832e+00          -2.446e+01             153.545          -2.862e+00              51.724           2.179e+01     
 173.000          90.000           -2.855e+00          -2.699e+01             150.048          -2.871e+00              51.951           2.421e+01     
 174.000          90.000           -2.878e+00          -3.046e+01             142.725          -2.885e+00              52.134           2.757e+01     
 175.000          90.000           -2.901e+00          -3.552e+01             122.290          -2.904e+00              52.273           3.315e+01     
 176.000          90.000           -2.925e+00          -3.848e+01              59.815          -2.926e+00              52.367           4.000e+01     
 177.000          90.000           -2.950e+00          -3.317e+01              17.444          -2.954e+00              52.416           3.506e+01     
 178.000          90.000           -2.974e+00          -2.887e+01               4.751          -2.986e+00              52.418           2.852e+01     
 179.000          90.000           -2.999e+00          -2.588e+01             359.432          -3.022e+00              52.372           2.484e+01     
 180.000          90.000           -3.025e+00          -2.364e+01             356.613          -3.063e+00              52.278           2.226e+01     
 179.000         270.000           -3.050e+00          -2.185e+01             174.902          -3.108e+00             232.135           2.029e+01     
 178.000         270.000           -3.075e+00          -2.038e+01             173.770          -3.157e+00             231.941           1.868e+01     
 177.000         270.000           -3.101e+00          -1.912e+01             172.973          -3.211e+00             231.696           1.733e+01     
 176.000         270.000           -3.125e+00          -1.803e+01             172.384          -3.268e+00             231.398           1.617e+01     
 175.000         270.000           -3.150e+00          -1.706e+01             171.929          -3.330e+00             231.046           1.516e+01     
 174.000         270.000           -3.174e+00          -1.620e+01             171.563          -3.396e+00             230.640           1.426e+01     
 173.000         270.000           -3.197e+00          -1.543e+01             171.257          -3.465e+00             230.176           1.346e+01     
 172.000         270.000           -3.219e+00          -1.473e+01             170.992          -3.538e+00             229.656           1.274e+01     
 171.000         270.000           -3.241e+00          -1.408e+01             170.753          -3.614e+00             229.076           1.210e+01     
 170.000         270.000           -3.261e+00          -1.349e+01             170.529          -3.694e+00             228.436           1.151e+01     
 169.000         270.000           -3.279e+00          -1.294e+01             170.314          -3.776e+00             227.735           1.098e+01     
 168.000         270.000           -3.296e+00          -1.244e+01             170.101          -3.861e+00             226.972           1.051e+01     
 167.000         270.000           -3.311e+00          -1.197e+01             169.885          -3.948e+00             226.145           1.008e+01     
 166.000         270.000           -3.325e+00          -1.153e+01             169.662          -4.037e+00             225.253           9.703e+00     
 165.000         270.000           -3.336e+00          -1.112e+01             169.428          -4.127e+00             224.296           9.372e+00     
 164.000         270.000           -3.344e+00          -1.074e+01             169.181          -4.219e+00             223.273           9.085e+00     
 163.000         270.000           -3.351e+00          -1.038e+01             168.919          -4.311e+00             222.184           8.843e+00     
 162.000         270.000           -3.355e+00          -1.004e+01             168.637          -4.404e+00             221.028           8.644e+00     
 161.000         270.000           -3.356e+00          -9.723e+00             168.336          -4.496e+00             219.805           8.489e+00     
 160.000         270.000           -3.355e+00          -9.425e+00             168.011          -4.588e+00             218.516           8.376e+00     
 159.000         270.000           -3.351e+00          -9.146e+00             167.662          -4.678e+00             217.162           8.304e+00     
 158.000         270.000           -3.344e+00          -8.884e+00             167.286          -4.767e+00             215.743           8.273e+00     
 157.000         270.000           -3.335e+00          -8.637e+00             166.882          -4.853e+00             214.261           8.281e+00     
 156.000         270.000           -3.323e+00          -8.405e+00             166.447          -4.936e+00             212.719           8.326e+00     
 155.000         270.000           -3.309e+00          -8.188e+00             165.979          -5.017e+00             211.118           8.405e+00     
 154.000         270.000           -3.292e+00          -7.984e+00             165.477          -5.093e+00             209.461           8.517e+00     
 153.000         270.000           -3.273e+00          -7.794e+00             164.938          -5.165e+00             207.752           8.658e+00     
 152.000         270.000           -3.253e+00          -7.615e+00             164.360          -5.233e+00             205.994           8.825e+00     
 151.000         270.000           -3.230e+00          -7.448e+00             163.741          -5.296e+00             204.192           9.016e+00     
 150.000         270.000           -3.206e+00          -7.292e+00             163.080          -5.354e+00             202.349           9.227e+00     
 149.000         270.000           -3.180e+00          -7.147e+00             162.373          -5.407e+00             200.471           9.455e+00     
 148.000         270.000           -3.153e+00          -7.012e+00             161.618          -5.454e+00             198.563           9.697e+00     
 147.000         270.000           -3.126e+00          -6.887e+00             160.813          -5.497e+00             196.628           9.949e+00     
 146.000         270.000           -3.098e+00          -6.770e+00             159.957          -5.534e+00             194.672           1.021e+01     
 145.000         270.000           -3.070e+00          -6.662e+00             159.045          -5.566e+00             192.700           1.047e+01     
 144.000         270.000           -3.041e+00          -6.563e+00             158.077          -5.594e+00             190.716           1.073e+01     
 143.000         270.000           -3.013e+00          -6.470e+00             157.049          -5.618e+00             188.725           1.099e+01     
 142.000         270.000           -2.985e+00          -6.384e+00             155.961          -5.639e+00             186.729           1.125e+01     
 141.000         270.000           -2.958e+00          -6.305e+00             154.808          -5.657e+00             184.733           1.149e+01     
 140.000         270.000           -2.932e+00          -6.231e+00             153.590          -5.672e+00             182.739           1.172e+01     
 139.000         270.000           -2.907e+00          -6.161e+00             152.306          -5.686e+00             180.748           1.194e+01     
 138.000         270.000           -2.883e+00          -6.096e+00             150.952          -5.700e+00             178.764           1.214e+01     
 137.000         270.000           -2.860e+00          -6.034e+00             149.529          -5.713e+00             176.786           1.231e+01     
 136.000         270.000           -2.839e+00          -5.974e+00             148.036          -5.728e+00             174.814           1.247e+01     
 135.000         270.000           -2.818e+00          -5.915e+00             146.473          -5.744e+00             172.848           1.261e+01     
 134.000         270.000           -2.799e+00          -5.857e+00             144.839          -5.763e+00             170.886           1.272e+01     
 133.000         270.000           -2.781e+00          -5.798e+00             143.137          -5.785e+00             168.927           1.281e+01     
 132.000         270.000           -2.763e+00          -5.737e+00             141.367          -5.810e+00             166.965           1.287e+01     
 131.000         270.000           -2.747e+00          -5.674e+00             139.534          -5.841e+00             165.002           1.292e+01     
 130.000         270.000           -2.730e+00          -5.608e+00             137.641          -5.877e+00             163.032           1.295e+01     
 129.000         270.000           -2.714e+00          -5.537e+00             135.691          -5.920e+00             161.049           1.297e+01     
 128.000         270.000           -2.697e+00          -5.460e+00             133.691          -5.969e+00             159.048           1.297e+01     
 127.000         270.000           -2.679e+00          -5.377e+00             131.647          -6.025e+00             157.024           1.298e+01     
 126.000         270.000           -2.659e+00          -5.287e+00             129.566          -6.088e+00             154.969           1.298e+01     
 125.000         270.000           -2.638e+00          -5.190e+00             127.456          -6.160e+00             152.876           1.300e+01     
 124.000         270.000           -2.613e+00          -5.085e+00             125.326          -6.239e+00             150.738           1.302e+01     
 123.000         270.000           -2.586e+00          -4.972e+00             123.183          -6.326e+00             148.545           1.307e+01     
 122.000         270.000           -2.555e+00          -4.850e+00             121.038          -6.421e+00             146.288           1.315e+01     
 121.000         270.000           -2.519e+00          -4.720e+00             118.899          -6.523e+00             143.958           1.327e+01     
 120.000         270.000           -2.478e+00          -4.583e+00             116.776          -6.633e+00             141.544           1.343e+01     
 119.000         270.000           -2.431e+00          -4.438e+00             114.677          -6.748e+00             139.036           1.365e+01     
 118.000         270.000           -2.378e+00          -4.286e+00             112.610          -6.869e+00             136.423           1.393e+01     
 117.000         270.000           -2.318e+00          -4.128e+00             110.583          -6.993e+00             133.693           1.429e+01     
 116.000         270.000           -2.251e+00          -3.965e+00             108.602          -7.120e+00             130.838           1.473e+01     
 115.000         270.000           -2.178e+00          -3.797e+00             106.674          -7.246e+00             127.846           1.528e+01     
 114.000         270.000           -2.096e+00          -3.627e+00             104.804          -7.369e+00             124.709           1.594e+01     
 113.000         270.000           -2.008e+00          -3.454e+00             102.994          -7.487e+00             121.423           1.675e+01     
 112.000         270.000           -1.912e+00          -3.279e+00             101.250          -7.595e+00             117.982           1.772e+01     
 111.000         270.000           -1.809e+00          -3.105e+00              99.573          -7.690e+00             114.389           1.891e+01     
 110.000         270.000           -1.699e+00          -2.932e+00              97.964          -7.769e+00             110.648           2.039e+01     
 109.000         270.000           -1.583e+00          -2.761e+00              96.425          -7.826e+00             106.771           2.228e+01     
 108.000         270.000           -1.461e+00          -2.592e+00              94.955          -7.859e+00             102.773           2.483e+01     
 107.000         270.000           -1.335e+00          -2.428e+00              93.556          -7.863e+00              98.679           2.859e+01     
 106.000         270.000           -1.204e+00          -2.268e+00              92.225          -7.835e+00              94.516           3.566e+01     
 105.000         270.000           -1.070e+00          -2.113e+00              90.963          -7.774e+00              90.317           4.000e+01     
 104.000         270.000           -9.329e-01          -1.965e+00              89.767          -7.678e+00              86.119           3.170e+01     
 103.000         270.000           -7.940e-01          -1.824e+00              88.636          -7.547e+00              81.957           2.645e+01     
 102.000         270.000           -6.540e-01          -1.691e+00              87.568          -7.384e+00              77.869           2.319e+01     
 101.000         270.000           -5.137e-01          -1.565e+00              86.562          -7.189e+00              73.886           2.083e+01     
 100.000         270.000           -3.740e-01          -1.448e+00              85.616          -6.966e+00              70.036           1.898e+01     
  99.000         270.000           -2.354e-01          -1.341e+00              84.728          -6.720e+00              66.342           1.746e+01     
  98.000         270.000           -9.884e-02          -1.243e+00              83.895          -6.453e+00              62.819           1.617e+01     
  97.000         270.000            3.519e-02          -1.154e+00              83.116          -6.170e+00              59.478           1.507e+01     
  96.000         270.000            1.660e-01          -1.076e+00              82.390          -5.876e+00              56.325           1.410e+01     
  95.000         270.000            2.931e-01          -1.009e+00              81.714          -5.573e+00              53.359           1.323e+01     
  94.000         270.000            4.160e-01          -9.523e-01              81.088          -5.266e+00              50.577           1.246e+01     
  93.000         270.000            5.343e-01          -9.068e-01              80.508          -4.958e+00              47.975           1.176e+01     
  92.000         270.000            6.475e-01          -8.726e-01              79.975          -4.650e+00              45.545           1.112e+01     
  91.000         270.000            7.553e-01          -8.499e-01              79.486          -4.345e+00              43.277           1.054e+01     
  90.000         270.000            8.574e-01          -8.390e-01              79.041          -4.046e+00              41.162           1.001e+01     
  89.000         270.000            9.537e-01          -8.399e-01              78.638          -3.753e+00              39.190           9.520e+00     
  88.000         270.000            1.044e+00          -8.529e-01              78.276          -3.468e+00              37.353           9.068e+00     
  87.000         270.000            1.128e+00          -8.780e-01              77.956          -3.191e+00              35.640           8.651e+00     
  86.000         270.000            1.206e+00          -9.155e-01              77.675          -2.924e+00              34.042           8.267e+00     
  85.000         270.000            1.277e+00          -9.654e-01              77.434          -2.667e+00              32.551           7.912e+00     
  84.000         270.000            1.342e+00          -1.028e+00              77.232          -2.420e+00              31.159           7.587e+00     
  83.000         270.000            1.400e+00          -1.103e+00              77.070          -2.184e+00              29.858           7.289e+00     
  82.000         270.000            1.453e+00          -1.191e+00              76.946          -1.959e+00              28.642           7.017e+00     
  81.000         270.000            1.498e+00          -1.292e+00              76.861          -1.744e+00              27.504           6.773e+00     
  80.000         270.000            1.538e+00          -1.405e+00              76.815          -1.540e+00              26.439           6.554e+00     
  79.000         270.000            1.572e+00          -1.532e+00              76.808          -1.347e+00              25.441           6.362e+00     
  78.000         270.000            1.599e+00          -1.672e+00              76.842          -1.165e+00              24.506           6.196e+00     
  77.000         270.000            1.621e+00          -1.825e+00              76.917          -9.928e-01              23.629           6.057e+00     
  76.000         270.000            1.638e+00          -1.991e+00              77.033          -8.312e-01              22.806           5.945e+00     
  75.000         270.000            1.649e+00          -2.171e+00              77.192          -6.798e-01              22.035           5.861e+00     
  74.000         270.000            1.654e+00          -2.364e+00              77.396          -5.383e-01              21.310           5.805e+00     
  73.000         270.000            1.655e+00          -2.571e+00              77.645          -4.065e-01              20.630           5.776e+00     
  72.000         270.000            1.651e+00          -2.791e+00              77.942          -2.841e-01              19.992           5.775e+00     
  71.000         270.000            1.643e+00          -3.025e+00              78.288          -1.709e-01              19.393           5.802e+00     
  70.000         270.000            1.630e+00          -3.272e+00              78.686          -6.668e-02              18.830           5.856e+00     
  69.000         270.000            1.613e+00          -3.534e+00              79.139           2.888e-02              18.303           5.937e+00     
  68.000         270.000            1.593e+00          -3.808e+00              79.648           1.160e-01              17.809           6.044e+00     
  67.000         270.000            1.569e+00          -4.097e+00              80.219           1.950e-01              17.347           6.176e+00     
  66.000         270.000            1.542e+00          -4.399e+00              80.853           2.662e-01              16.914           6.331e+00     
  65.000         270.000            1.512e+00          -4.715e+00              81.555           3.298e-01              16.509           6.510e+00     
  64.000         270.000            1.480e+00          -5.044e+00              82.329           3.860e-01              16.132           6.710e+00     
  63.000         270.000            1.445e+00          -5.386e+00              83.181           4.353e-01              15.781           6.931e+00     
  62.000         270.000            1.408e+00          -5.741e+00              84.114           4.777e-01              15.454           7.172e+00     
  61.000         270.000            1.369e+00          -6.109e+00              85.135           5.137e-01              15.151           7.432e+00     
  60.000         270.000            1.328e+00          -6.489e+00              86.249           5.435e-01              14.871           7.709e+00     
  59.000         270.000            1.286e+00          -6.881e+00              87.463           5.674e-01              14.613           8.004e+00     
  58.000         270.000            1.243e+00          -7.284e+00              88.784           5.857e-01              14.375           8.315e+00     
  57.000         270.000            1.198e+00          -7.697e+00              90.218           5.986e-01              14.158           8.642e+00     
  56.000         270.000            1.153e+00          -8.120e+00              91.773           6.064e-01              13.960           8.984e+00     
  55.000         270.000            1.107e+00          -8.551e+00              93.456           6.094e-01              13.781           9.340e+00     
  54.000         270.000            1.060e+00          -8.989e+00              95.273           6.078e-01              13.620           9.711e+00     
  53.000         270.000            1.013e+00          -9.431e+00              97.233           6.020e-01              13.476           1.010e+01     
  52.000         270.000            9.655e-01          -9.877e+00              99.339           5.922e-01              13.348           1.049e+01     
  51.000         270.000            9.178e-01          -1.032e+01             101.598           5.786e-01              13.237           1.091e+01     
  50.000         270.000            8.701e-01          -1.077e+01             104.012           5.616e-01              13.140           1.133e+01     
  49.000         270.000            8.223e-01          -1.121e+01             106.582           5.414e-01              13.057           1.177e+01     
  48.000         270.000            7.745e-01          -1.164e+01             109.305           5.182e-01              12.988           1.222e+01     
  47.000         270.000            7.268e-01          -1.207e+01             112.180           4.924e-01              12.932           1.269e+01     
  46.000         270.000            6.793e-01          -1.248e+01             115.190           4.641e-01              12.887           1.316e+01     
  45.000         270.000            6.319e-01          -1.287e+01             118.326           4.335e-01              12.854           1.365e+01     
  44.000         270.000            5.847e-01          -1.324e+01             121.569           4.010e-01              12.832           1.416e+01     
  43.000         270.000            5.377e-01          -1.360e+01             124.898           3.668e-01              12.819           1.468e+01     
  42.000         270.000            4.910e-01          -1.393e+01             128.288           3.311e-01              12.814           1.521e+01     
  41.000         270.000            4.446e-01          -1.423e+01             131.710           2.940e-01              12.817           1.575e+01     
  40.000         270.000            3.984e-01          -1.451e+01             135.137           2.560e-01              12.827           1.631e+01     
  39.000         270.000            3.526e-01          -1.477e+01             138.540           2.170e-01              12.842           1.689e+01     
  38.000         270.000            3.070e-01          -1.501e+01             141.893           1.774e-01              12.862           1.748e+01     
  37.000         270.000            2.618e-01          -1.522e+01             145.172           1.373e-01              12.886           1.810e+01     
  36.000         270.000            2.170e-01          -1.543e+01             148.356           9.692e-02              12.912           1.873e+01     
  35.000         270.000            1.726e-01          -1.561e+01             151.430           5.641e-02              12.940           1.938e+01     
  34.000         270.000            1.285e-01          -1.579e+01             154.384           1.595e-02              12.968           2.005e+01     
  33.000         270.000            8.489e-02          -1.596e+01             157.210          -2.433e-02              12.995           2.075e+01     
  32.000         270.000            4.174e-02          -1.614e+01             159.905          -6.426e-02              13.019           2.147e+01     
  31.000         270.000           -8.943e-04          -1.631e+01             162.472          -1.037e-01              13.041           2.223e+01     
  30.000         270.000           -4.298e-02          -1.649e+01             164.913          -1.426e-01              13.058           2.303e+01     
  29.000         270.000           -8.446e-02          -1.667e+01             167.236          -1.808e-01              13.069           2.387e+01     
  28.000         270.000           -1.253e-01          -1.687e+01             169.450          -2.181e-01              13.074           2.475e+01     
  27.000         270.000           -1.654e-01          -1.709e+01             171.564          -2.546e-01              13.070           2.570e+01     
  26.000         270.000           -2.047e-01          -1.732e+01             173.593          -2.900e-01              13.057           2.673e+01     
  25.000         270.000           -2.432e-01          -1.757e+01             175.548          -3.244e-01              13.033           2.784e+01     
  24.000         270.000           -2.808e-01          -1.784e+01             177.446          -3.576e-01              12.998           2.906e+01     
  23.000         270.000           -3.174e-01          -1.814e+01             179.303          -3.896e-01              12.950           3.044e+01     
  22.000         270.000           -3.529e-01          -1.847e+01             181.139          -4.204e-01              12.888           3.200e+01     
  21.000         270.000           -3.873e-01          -1.883e+01             182.973          -4.498e-01              12.812           3.385e+01     
  20.000         270.000           -4.204e-01          -1.923e+01             184.832          -4.779e-01              12.719           3.611e+01     
  19.000         270.000           -4.522e-01          -1.966e+01             186.742          -5.046e-01              12.609           3.907e+01     
  18.000         270.000           -4.825e-01          -2.013e+01             188.740          -5.299e-01              12.482           4.000e+01     
  17.000         270.000           -5.114e-01          -2.065e+01             190.868          -5.537e-01              12.335           4.000e+01     
  16.000         270.000           -5.386e-01          -2.122e+01             193.177          -5.760e-01              12.170           4.000e+01     
  15.000         270.000           -5.642e-01          -2.184e+01             195.737          -5.967e-01              11.983           4.000e+01     
  14.000         270.000           -5.880e-01          -2.251e+01             198.635          -6.159e-01              11.776           4.000e+01     
  13.000         270.000           -6.099e-01          -2.325e+01             201.989          -6.336e-01              11.547           3.750e+01     
  12.000         270.000           -6.298e-01          -2.405e+01             205.951          -6.496e-01              11.296           3.538e+01     
  11.000         270.000           -6.477e-01          -2.491e+01             210.728          -6.640e-01              11.022           3.371e+01     
  10.000         270.000           -6.634e-01          -2.580e+01             216.581          -6.767e-01              10.725           3.236e+01     
   9.000         270.000           -6.769e-01          -2.671e+01             223.819          -6.878e-01              10.404           3.121e+01     
   8.000         270.000           -6.881e-01          -2.754e+01             232.737          -6.971e-01              10.060           3.023e+01     
   7.000         270.000           -6.969e-01          -2.821e+01             243.446          -7.046e-01               9.691           2.938e+01     
   6.000         270.000           -7.033e-01          -2.857e+01             255.613          -7.104e-01               9.299           2.862e+01     
   5.000         270.000           -7.071e-01          -2.852e+01             268.313          -7.143e-01               8.882           2.795e+01     
   4.000         270.000           -7.083e-01          -2.806e+01             280.339          -7.163e-01               8.441           2.735e+01     
   3.000         270.000           -7.069e-01          -2.731e+01             290.787          -7.164e-01               7.976           2.681e+01     
   2.000         270.000           -7.028e-01          -2.638e+01             299.349          -7.146e-01               7.487           2.632e+01     
   1.000         270.000           -6.959e-01          -2.540e+01             306.148          -7.107e-01               6.975           2.587e+01     
