Theta [deg.]  Phi   [deg.]  Abs(Dir.)[dBi   ]   Abs(Theta)[dBi   ]  Phase(Theta)[deg.]  Abs(Phi  )[dBi   ]  Phase(Phi  )[deg.]  Ax.Ratio[dB    ]    
------------------------------------------------------------------------------------------------------------------------------------------------------
   0.000          90.000           -3.489e+00          -1.804e+01             241.967          -3.644e+00             125.654           1.541e+01     
   1.000          90.000           -3.510e+00          -1.854e+01             248.090          -3.649e+00             125.502           1.646e+01     
   2.000          90.000           -3.531e+00          -1.895e+01             254.906          -3.658e+00             125.333           1.766e+01     
   3.000          90.000           -3.552e+00          -1.924e+01             262.303          -3.671e+00             125.148           1.905e+01     
   4.000          90.000           -3.572e+00          -1.938e+01             270.075          -3.688e+00             124.948           2.071e+01     
   5.000          90.000           -3.592e+00          -1.935e+01             277.941          -3.708e+00             124.732           2.275e+01     
   6.000          90.000           -3.611e+00          -1.916e+01             285.599          -3.733e+00             124.500           2.544e+01     
   7.000          90.000           -3.629e+00          -1.883e+01             292.791          -3.762e+00             124.252           2.936e+01     
   8.000          90.000           -3.647e+00          -1.838e+01             299.346          -3.796e+00             123.987           3.672e+01     
   9.000          90.000           -3.665e+00          -1.786e+01             305.189          -3.833e+00             123.706           4.000e+01     
  10.000          90.000           -3.682e+00          -1.729e+01             310.317          -3.875e+00             123.408           3.219e+01     
  11.000          90.000           -3.698e+00          -1.670e+01             314.779          -3.922e+00             123.093           2.708e+01     
  12.000          90.000           -3.714e+00          -1.610e+01             318.645          -3.973e+00             122.760           2.386e+01     
  13.000          90.000           -3.730e+00          -1.551e+01             321.992          -4.028e+00             122.410           2.151e+01     
  14.000          90.000           -3.745e+00          -1.493e+01             324.893          -4.089e+00             122.040           1.965e+01     
  15.000          90.000           -3.760e+00          -1.437e+01             327.416          -4.155e+00             121.652           1.811e+01     
  16.000          90.000           -3.774e+00          -1.383e+01             329.616          -4.226e+00             121.245           1.679e+01     
  17.000          90.000           -3.788e+00          -1.331e+01             331.544          -4.302e+00             120.817           1.563e+01     
  18.000          90.000           -3.801e+00          -1.281e+01             333.239          -4.384e+00             120.368           1.461e+01     
  19.000          90.000           -3.814e+00          -1.234e+01             334.735          -4.471e+00             119.897           1.368e+01     
  20.000          90.000           -3.826e+00          -1.189e+01             336.062          -4.565e+00             119.403           1.284e+01     
  21.000          90.000           -3.838e+00          -1.145e+01             337.242          -4.664e+00             118.886           1.206e+01     
  22.000          90.000           -3.850e+00          -1.104e+01             338.296          -4.771e+00             118.344           1.134e+01     
  23.000          90.000           -3.861e+00          -1.064e+01             339.240          -4.884e+00             117.775           1.067e+01     
  24.000          90.000           -3.871e+00          -1.026e+01             340.088          -5.003e+00             117.179           1.004e+01     
  25.000          90.000           -3.882e+00          -9.903e+00             340.852          -5.131e+00             116.554           9.456e+00     
  26.000          90.000           -3.891e+00          -9.557e+00             341.541          -5.265e+00             115.897           8.902e+00     
  27.000          90.000           -3.900e+00          -9.227e+00             342.166          -5.408e+00             115.207           8.380e+00     
  28.000          90.000           -3.909e+00          -8.910e+00             342.733          -5.559e+00             114.481           7.887e+00     
  29.000          90.000           -3.917e+00          -8.607e+00             343.249          -5.719e+00             113.718           7.422e+00     
  30.000          90.000           -3.924e+00          -8.317e+00             343.718          -5.888e+00             112.913           6.984e+00     
  31.000          90.000           -3.931e+00          -8.039e+00             344.147          -6.066e+00             112.064           6.575e+00     
  32.000          90.000           -3.937e+00          -7.772e+00             344.539          -6.254e+00             111.168           6.193e+00     
  33.000          90.000           -3.942e+00          -7.518e+00             344.899          -6.453e+00             110.218           5.841e+00     
  34.000          90.000           -3.947e+00          -7.273e+00             345.228          -6.662e+00             109.212           5.522e+00     
  35.000          90.000           -3.951e+00          -7.040e+00             345.531          -6.883e+00             108.143           5.237e+00     
  36.000          90.000           -3.953e+00          -6.816e+00             345.810          -7.116e+00             107.005           4.992e+00     
  37.000          90.000           -3.955e+00          -6.603e+00             346.068          -7.361e+00             105.791           4.789e+00     
  38.000          90.000           -3.956e+00          -6.398e+00             346.306          -7.620e+00             104.493           4.635e+00     
  39.000          90.000           -3.955e+00          -6.203e+00             346.526          -7.891e+00             103.101           4.533e+00     
  40.000          90.000           -3.954e+00          -6.017e+00             346.730          -8.177e+00             101.603           4.488e+00     
  41.000          90.000           -3.951e+00          -5.840e+00             346.920          -8.477e+00              99.988           4.502e+00     
  42.000          90.000           -3.946e+00          -5.671e+00             347.098          -8.791e+00              98.241           4.577e+00     
  43.000          90.000           -3.940e+00          -5.511e+00             347.263          -9.120e+00              96.345           4.713e+00     
  44.000          90.000           -3.933e+00          -5.358e+00             347.419          -9.464e+00              94.280           4.907e+00     
  45.000          90.000           -3.924e+00          -5.214e+00             347.565          -9.823e+00              92.024           5.157e+00     
  46.000          90.000           -3.912e+00          -5.078e+00             347.703          -1.019e+01              89.551           5.461e+00     
  47.000          90.000           -3.899e+00          -4.950e+00             347.834          -1.058e+01              86.833           5.815e+00     
  48.000          90.000           -3.884e+00          -4.829e+00             347.959          -1.097e+01              83.837           6.217e+00     
  49.000          90.000           -3.867e+00          -4.716e+00             348.078          -1.137e+01              80.528           6.667e+00     
  50.000          90.000           -3.847e+00          -4.611e+00             348.193          -1.177e+01              76.870           7.163e+00     
  51.000          90.000           -3.825e+00          -4.513e+00             348.304          -1.217e+01              72.828           7.708e+00     
  52.000          90.000           -3.801e+00          -4.423e+00             348.412          -1.254e+01              68.369           8.303e+00     
  53.000          90.000           -3.774e+00          -4.341e+00             348.518          -1.290e+01              63.475           8.952e+00     
  54.000          90.000           -3.744e+00          -4.265e+00             348.622          -1.321e+01              58.140           9.660e+00     
  55.000          90.000           -3.711e+00          -4.198e+00             348.725          -1.346e+01              52.390           1.044e+01     
  56.000          90.000           -3.676e+00          -4.137e+00             348.827          -1.364e+01              46.280           1.129e+01     
  57.000          90.000           -3.638e+00          -4.085e+00             348.930          -1.374e+01              39.903           1.224e+01     
  58.000          90.000           -3.597e+00          -4.039e+00             349.034          -1.374e+01              33.384           1.330e+01     
  59.000          90.000           -3.553e+00          -4.001e+00             349.139          -1.364e+01              26.865           1.450e+01     
  60.000          90.000           -3.506e+00          -3.971e+00             349.246          -1.344e+01              20.491           1.588e+01     
  61.000          90.000           -3.456e+00          -3.948e+00             349.356          -1.316e+01              14.383           1.751e+01     
  62.000          90.000           -3.402e+00          -3.932e+00             349.469          -1.280e+01               8.635           1.951e+01     
  63.000          90.000           -3.346e+00          -3.924e+00             349.586          -1.239e+01               3.303           2.207e+01     
  64.000          90.000           -3.287e+00          -3.924e+00             349.707          -1.194e+01             358.407           2.567e+01     
  65.000          90.000           -3.225e+00          -3.932e+00             349.833          -1.146e+01             353.946           3.182e+01     
  66.000          90.000           -3.161e+00          -3.947e+00             349.964          -1.097e+01             349.899           4.000e+01     
  67.000          90.000           -3.093e+00          -3.970e+00             350.102          -1.047e+01             346.233           3.167e+01     
  68.000          90.000           -3.023e+00          -4.002e+00             350.247          -9.976e+00             342.913           2.579e+01     
  69.000          90.000           -2.951e+00          -4.041e+00             350.399          -9.487e+00             339.904           2.237e+01     
  70.000          90.000           -2.876e+00          -4.088e+00             350.559          -9.009e+00             337.169           1.996e+01     
  71.000          90.000           -2.798e+00          -4.143e+00             350.729          -8.544e+00             334.677           1.812e+01     
  72.000          90.000           -2.719e+00          -4.207e+00             350.908          -8.093e+00             332.400           1.664e+01     
  73.000          90.000           -2.638e+00          -4.279e+00             351.097          -7.658e+00             330.310           1.541e+01     
  74.000          90.000           -2.555e+00          -4.360e+00             351.298          -7.238e+00             328.387           1.437e+01     
  75.000          90.000           -2.470e+00          -4.449e+00             351.510          -6.834e+00             326.611           1.348e+01     
  76.000          90.000           -2.384e+00          -4.548e+00             351.736          -6.447e+00             324.965           1.270e+01     
  77.000          90.000           -2.297e+00          -4.655e+00             351.976          -6.075e+00             323.434           1.202e+01     
  78.000          90.000           -2.209e+00          -4.771e+00             352.231          -5.718e+00             322.005           1.143e+01     
  79.000          90.000           -2.119e+00          -4.897e+00             352.503          -5.376e+00             320.669           1.091e+01     
  80.000          90.000           -2.030e+00          -5.032e+00             352.792          -5.049e+00             319.414           1.046e+01     
  81.000          90.000           -1.940e+00          -5.176e+00             353.100          -4.735e+00             318.234           1.007e+01     
  82.000          90.000           -1.850e+00          -5.331e+00             353.428          -4.435e+00             317.120           9.742e+00     
  83.000          90.000           -1.759e+00          -5.495e+00             353.779          -4.148e+00             316.066           9.463e+00     
  84.000          90.000           -1.669e+00          -5.670e+00             354.153          -3.874e+00             315.068           9.233e+00     
  85.000          90.000           -1.580e+00          -5.855e+00             354.552          -3.611e+00             314.120           9.049e+00     
  86.000          90.000           -1.491e+00          -6.051e+00             354.980          -3.361e+00             313.217           8.910e+00     
  87.000          90.000           -1.402e+00          -6.257e+00             355.437          -3.122e+00             312.357           8.814e+00     
  88.000          90.000           -1.315e+00          -6.475e+00             355.927          -2.893e+00             311.536           8.757e+00     
  89.000          90.000           -1.228e+00          -6.705e+00             356.452          -2.676e+00             310.750           8.739e+00     
  90.000          90.000           -1.143e+00          -6.946e+00             357.015          -2.468e+00             309.999           8.756e+00     
  91.000          90.000           -1.060e+00          -7.199e+00             357.620          -2.271e+00             309.278           8.808e+00     
  92.000          90.000           -9.779e-01          -7.464e+00             358.271          -2.083e+00             308.586           8.892e+00     
  93.000          90.000           -8.977e-01          -7.742e+00             358.972          -1.904e+00             307.922           9.006e+00     
  94.000          90.000           -8.192e-01          -8.033e+00             359.727          -1.734e+00             307.282           9.148e+00     
  95.000          90.000           -7.428e-01          -8.337e+00               0.543          -1.573e+00             306.667           9.318e+00     
  96.000          90.000           -6.685e-01          -8.654e+00               1.425          -1.421e+00             306.075           9.513e+00     
  97.000          90.000           -5.964e-01          -8.986e+00               2.381          -1.276e+00             305.504           9.731e+00     
  98.000          90.000           -5.267e-01          -9.331e+00               3.417          -1.140e+00             304.954           9.973e+00     
  99.000          90.000           -4.593e-01          -9.690e+00               4.542          -1.011e+00             304.423           1.024e+01     
 100.000          90.000           -3.945e-01          -1.006e+01               5.767          -8.904e-01             303.911           1.052e+01     
 101.000          90.000           -3.323e-01          -1.045e+01               7.102          -7.768e-01             303.417           1.082e+01     
 102.000          90.000           -2.728e-01          -1.085e+01               8.560          -6.703e-01             302.940           1.115e+01     
 103.000          90.000           -2.160e-01          -1.127e+01              10.155          -5.708e-01             302.480           1.149e+01     
 104.000          90.000           -1.621e-01          -1.170e+01              11.903          -4.780e-01             302.035           1.185e+01     
 105.000          90.000           -1.110e-01          -1.214e+01              13.821          -3.919e-01             301.607           1.223e+01     
 106.000          90.000           -6.280e-02          -1.260e+01              15.928          -3.122e-01             301.193           1.263e+01     
 107.000          90.000           -1.759e-02          -1.306e+01              18.245          -2.387e-01             300.794           1.305e+01     
 108.000          90.000            2.461e-02          -1.353e+01              20.795          -1.713e-01             300.409           1.349e+01     
 109.000          90.000            6.378e-02          -1.400e+01              23.600          -1.099e-01             300.038           1.395e+01     
 110.000          90.000            9.988e-02          -1.448e+01              26.682          -5.421e-02             299.680           1.444e+01     
 111.000          90.000            1.329e-01          -1.494e+01              30.061          -4.157e-03             299.336           1.494e+01     
 112.000          90.000            1.628e-01          -1.540e+01              33.752           4.043e-02             299.005           1.547e+01     
 113.000          90.000            1.897e-01          -1.583e+01              37.763           7.970e-02             298.687           1.603e+01     
 114.000          90.000            2.134e-01          -1.623e+01              42.089           1.138e-01             298.381           1.661e+01     
 115.000          90.000            2.340e-01          -1.659e+01              46.711           1.429e-01             298.087           1.722e+01     
 116.000          90.000            2.515e-01          -1.691e+01              51.589           1.671e-01             297.806           1.787e+01     
 117.000          90.000            2.659e-01          -1.716e+01              56.668           1.866e-01             297.537           1.856e+01     
 118.000          90.000            2.772e-01          -1.735e+01              61.871           2.015e-01             297.279           1.929e+01     
 119.000          90.000            2.855e-01          -1.746e+01              67.113           2.120e-01             297.033           2.006e+01     
 120.000          90.000            2.907e-01          -1.751e+01              72.303           2.181e-01             296.799           2.089e+01     
 121.000          90.000            2.930e-01          -1.750e+01              77.355           2.201e-01             296.577           2.179e+01     
 122.000          90.000            2.922e-01          -1.742e+01              82.196           2.181e-01             296.365           2.276e+01     
 123.000          90.000            2.886e-01          -1.730e+01              86.773           2.123e-01             296.165           2.381e+01     
 124.000          90.000            2.820e-01          -1.714e+01              91.048           2.027e-01             295.976           2.498e+01     
 125.000          90.000            2.726e-01          -1.695e+01              95.006           1.896e-01             295.798           2.628e+01     
 126.000          90.000            2.605e-01          -1.674e+01              98.643           1.730e-01             295.631           2.776e+01     
 127.000          90.000            2.455e-01          -1.652e+01             101.968           1.532e-01             295.475           2.948e+01     
 128.000          90.000            2.279e-01          -1.630e+01             104.997           1.302e-01             295.330           3.154e+01     
 129.000          90.000            2.077e-01          -1.607e+01             107.749           1.042e-01             295.196           3.413e+01     
 130.000          90.000            1.850e-01          -1.585e+01             110.248           7.544e-02             295.072           3.765e+01     
 131.000          90.000            1.598e-01          -1.564e+01             112.515           4.398e-02             294.958           4.000e+01     
 132.000          90.000            1.322e-01          -1.544e+01             114.573           1.000e-02             294.855           4.000e+01     
 133.000          90.000            1.023e-01          -1.525e+01             116.441          -2.634e-02             294.762           4.000e+01     
 134.000          90.000            7.015e-02          -1.507e+01             118.139          -6.489e-02             294.680           3.966e+01     
 135.000          90.000            3.589e-02          -1.491e+01             119.683          -1.055e-01             294.607           3.615e+01     
 136.000          90.000           -3.994e-04          -1.476e+01             121.089          -1.480e-01             294.545           3.377e+01     
 137.000          90.000           -3.863e-02          -1.463e+01             122.371          -1.922e-01             294.492           3.200e+01     
 138.000          90.000           -7.868e-02          -1.451e+01             123.539          -2.379e-01             294.449           3.062e+01     
 139.000          90.000           -1.205e-01          -1.441e+01             124.605          -2.851e-01             294.416           2.949e+01     
 140.000          90.000           -1.638e-01          -1.433e+01             125.578          -3.335e-01             294.392           2.857e+01     
 141.000          90.000           -2.087e-01          -1.426e+01             126.466          -3.830e-01             294.377           2.779e+01     
 142.000          90.000           -2.549e-01          -1.421e+01             127.276          -4.333e-01             294.372           2.714e+01     
 143.000          90.000           -3.024e-01          -1.417e+01             128.015          -4.844e-01             294.375           2.658e+01     
 144.000          90.000           -3.509e-01          -1.415e+01             128.687          -5.360e-01             294.387           2.611e+01     
 145.000          90.000           -4.004e-01          -1.414e+01             129.298          -5.881e-01             294.408           2.571e+01     
 146.000          90.000           -4.508e-01          -1.415e+01             129.851          -6.403e-01             294.437           2.537e+01     
 147.000          90.000           -5.018e-01          -1.417e+01             130.350          -6.926e-01             294.474           2.509e+01     
 148.000          90.000           -5.533e-01          -1.421e+01             130.797          -7.448e-01             294.519           2.486e+01     
 149.000          90.000           -6.052e-01          -1.426e+01             131.197          -7.966e-01             294.572           2.468e+01     
 150.000          90.000           -6.572e-01          -1.432e+01             131.549          -8.480e-01             294.632           2.455e+01     
 151.000          90.000           -7.093e-01          -1.441e+01             131.857          -8.988e-01             294.699           2.446e+01     
 152.000          90.000           -7.613e-01          -1.450e+01             132.122          -9.488e-01             294.772           2.441e+01     
 153.000          90.000           -8.129e-01          -1.461e+01             132.344          -9.978e-01             294.853           2.440e+01     
 154.000          90.000           -8.641e-01          -1.474e+01             132.524          -1.046e+00             294.939           2.442e+01     
 155.000          90.000           -9.146e-01          -1.488e+01             132.662          -1.092e+00             295.032           2.449e+01     
 156.000          90.000           -9.643e-01          -1.504e+01             132.759          -1.138e+00             295.130           2.459e+01     
 157.000          90.000           -1.013e+00          -1.521e+01             132.814          -1.181e+00             295.234           2.474e+01     
 158.000          90.000           -1.060e+00          -1.540e+01             132.825          -1.223e+00             295.342           2.492e+01     
 159.000          90.000           -1.106e+00          -1.561e+01             132.793          -1.263e+00             295.455           2.515e+01     
 160.000          90.000           -1.151e+00          -1.584e+01             132.715          -1.301e+00             295.573           2.542e+01     
 161.000          90.000           -1.194e+00          -1.608e+01             132.588          -1.337e+00             295.694           2.574e+01     
 162.000          90.000           -1.234e+00          -1.634e+01             132.412          -1.371e+00             295.819           2.610e+01     
 163.000          90.000           -1.273e+00          -1.662e+01             132.181          -1.402e+00             295.948           2.652e+01     
 164.000          90.000           -1.309e+00          -1.692e+01             131.892          -1.430e+00             296.079           2.700e+01     
 165.000          90.000           -1.343e+00          -1.724e+01             131.541          -1.457e+00             296.214           2.755e+01     
 166.000          90.000           -1.375e+00          -1.758e+01             131.121          -1.480e+00             296.350           2.817e+01     
 167.000          90.000           -1.403e+00          -1.795e+01             130.625          -1.501e+00             296.489           2.887e+01     
 168.000          90.000           -1.429e+00          -1.834e+01             130.045          -1.518e+00             296.630           2.968e+01     
 169.000          90.000           -1.452e+00          -1.875e+01             129.369          -1.533e+00             296.772           3.060e+01     
 170.000          90.000           -1.471e+00          -1.920e+01             128.586          -1.545e+00             296.916           3.167e+01     
 171.000          90.000           -1.487e+00          -1.967e+01             127.679          -1.554e+00             297.060           3.294e+01     
 172.000          90.000           -1.500e+00          -2.018e+01             126.629          -1.559e+00             297.206           3.445e+01     
 173.000          90.000           -1.510e+00          -2.072e+01             125.412          -1.562e+00             297.352           3.632e+01     
 174.000          90.000           -1.515e+00          -2.130e+01             123.997          -1.561e+00             297.499           3.875e+01     
 175.000          90.000           -1.518e+00          -2.191e+01             122.345          -1.557e+00             297.647           4.000e+01     
 176.000          90.000           -1.516e+00          -2.258e+01             120.408          -1.551e+00             297.794           4.000e+01     
 177.000          90.000           -1.511e+00          -2.328e+01             118.122          -1.540e+00             297.942           4.000e+01     
 178.000          90.000           -1.503e+00          -2.403e+01             115.406          -1.527e+00             298.089           4.000e+01     
 179.000          90.000           -1.490e+00          -2.484e+01             112.153          -1.511e+00             298.237           4.000e+01     
 180.000          90.000           -1.474e+00          -2.568e+01             108.231          -1.491e+00             298.385           3.930e+01     
 179.000         270.000           -1.455e+00          -2.656e+01             283.466          -1.468e+00             118.532           3.682e+01     
 178.000         270.000           -1.432e+00          -2.746e+01             277.658          -1.443e+00             118.680           3.494e+01     
 177.000         270.000           -1.405e+00          -2.833e+01             270.596          -1.414e+00             118.828           3.343e+01     
 176.000         270.000           -1.375e+00          -2.913e+01             262.120          -1.382e+00             118.975           3.220e+01     
 175.000         270.000           -1.342e+00          -2.976e+01             252.239          -1.348e+00             119.123           3.115e+01     
 174.000         270.000           -1.305e+00          -3.014e+01             241.276          -1.311e+00             119.271           3.027e+01     
 173.000         270.000           -1.266e+00          -3.020e+01             229.902          -1.271e+00             119.419           2.950e+01     
 172.000         270.000           -1.223e+00          -2.995e+01             218.941          -1.229e+00             119.568           2.884e+01     
 171.000         270.000           -1.178e+00          -2.946e+01             209.048          -1.184e+00             119.717           2.827e+01     
 170.000         270.000           -1.130e+00          -2.880e+01             200.524          -1.137e+00             119.867           2.778e+01     
 169.000         270.000           -1.080e+00          -2.807e+01             193.366          -1.088e+00             120.018           2.735e+01     
 168.000         270.000           -1.027e+00          -2.732e+01             187.406          -1.037e+00             120.170           2.699e+01     
 167.000         270.000           -9.718e-01          -2.659e+01             182.433          -9.837e-01             120.323           2.668e+01     
 166.000         270.000           -9.149e-01          -2.590e+01             178.245          -9.287e-01             120.478           2.643e+01     
 165.000         270.000           -8.561e-01          -2.525e+01             174.672          -8.719e-01             120.634           2.623e+01     
 164.000         270.000           -7.958e-01          -2.465e+01             171.579          -8.137e-01             120.793           2.607e+01     
 163.000         270.000           -7.339e-01          -2.411e+01             168.860          -7.540e-01             120.953           2.596e+01     
 162.000         270.000           -6.709e-01          -2.360e+01             166.432          -6.930e-01             121.116           2.590e+01     
 161.000         270.000           -6.067e-01          -2.315e+01             164.229          -6.310e-01             121.281           2.588e+01     
 160.000         270.000           -5.417e-01          -2.273e+01             162.200          -5.679e-01             121.449           2.590e+01     
 159.000         270.000           -4.759e-01          -2.236e+01             160.303          -5.041e-01             121.620           2.597e+01     
 158.000         270.000           -4.096e-01          -2.202e+01             158.505          -4.397e-01             121.794           2.609e+01     
 157.000         270.000           -3.430e-01          -2.172e+01             156.777          -3.747e-01             121.971           2.626e+01     
 156.000         270.000           -2.762e-01          -2.145e+01             155.094          -3.094e-01             122.152           2.648e+01     
 155.000         270.000           -2.093e-01          -2.121e+01             153.436          -2.440e-01             122.336           2.676e+01     
 154.000         270.000           -1.427e-01          -2.100e+01             151.783          -1.785e-01             122.525           2.710e+01     
 153.000         270.000           -7.636e-02          -2.082e+01             150.118          -1.131e-01             122.717           2.751e+01     
 152.000         270.000           -1.052e-02          -2.066e+01             148.424          -4.804e-02             122.914           2.800e+01     
 151.000         270.000            5.467e-02          -2.053e+01             146.686           1.658e-02             123.115           2.858e+01     
 150.000         270.000            1.191e-01          -2.043e+01             144.888           8.060e-02             123.321           2.927e+01     
 149.000         270.000            1.825e-01          -2.034e+01             143.014           1.439e-01             123.531           3.009e+01     
 148.000         270.000            2.449e-01          -2.028e+01             141.049           2.062e-01             123.747           3.109e+01     
 147.000         270.000            3.061e-01          -2.023e+01             138.976           2.675e-01             123.967           3.230e+01     
 146.000         270.000            3.659e-01          -2.020e+01             136.780           3.276e-01             124.192           3.383e+01     
 145.000         270.000            4.242e-01          -2.019e+01             134.443           3.863e-01             124.423           3.583e+01     
 144.000         270.000            4.809e-01          -2.018e+01             131.949           4.435e-01             124.659           3.863e+01     
 143.000         270.000            5.359e-01          -2.019e+01             129.280           4.990e-01             124.900           4.000e+01     
 142.000         270.000            5.891e-01          -2.020e+01             126.422           5.528e-01             125.147           4.000e+01     
 141.000         270.000            6.404e-01          -2.022e+01             123.360           6.046e-01             125.399           4.000e+01     
 140.000         270.000            6.896e-01          -2.023e+01             120.083           6.543e-01             125.658           4.000e+01     
 139.000         270.000            7.366e-01          -2.023e+01             116.585           7.017e-01             125.921           3.680e+01     
 138.000         270.000            7.814e-01          -2.022e+01             112.863           7.468e-01             126.191           3.378e+01     
 137.000         270.000            8.239e-01          -2.019e+01             108.926           7.894e-01             126.467           3.146e+01     
 136.000         270.000            8.641e-01          -2.013e+01             104.791           8.294e-01             126.749           2.956e+01     
 135.000         270.000            9.017e-01          -2.004e+01             100.482           8.665e-01             127.036           2.795e+01     
 134.000         270.000            9.367e-01          -1.990e+01              96.040           9.008e-01             127.330           2.655e+01     
 133.000         270.000            9.692e-01          -1.973e+01              91.510           9.320e-01             127.630           2.530e+01     
 132.000         270.000            9.989e-01          -1.950e+01              86.945           9.601e-01             127.936           2.417e+01     
 131.000         270.000            1.026e+00          -1.923e+01              82.404           9.848e-01             128.248           2.314e+01     
 130.000         270.000            1.050e+00          -1.891e+01              77.941           1.006e+00             128.567           2.219e+01     
 129.000         270.000            1.071e+00          -1.855e+01              73.607           1.024e+00             128.892           2.131e+01     
 128.000         270.000            1.090e+00          -1.815e+01              69.444           1.038e+00             129.224           2.049e+01     
 127.000         270.000            1.105e+00          -1.772e+01              65.485           1.048e+00             129.562           1.971e+01     
 126.000         270.000            1.118e+00          -1.726e+01              61.750           1.054e+00             129.906           1.898e+01     
 125.000         270.000            1.127e+00          -1.679e+01              58.252           1.057e+00             130.257           1.829e+01     
 124.000         270.000            1.134e+00          -1.630e+01              54.994           1.055e+00             130.615           1.764e+01     
 123.000         270.000            1.137e+00          -1.580e+01              51.972           1.049e+00             130.980           1.701e+01     
 122.000         270.000            1.138e+00          -1.529e+01              49.179           1.038e+00             131.351           1.642e+01     
 121.000         270.000            1.135e+00          -1.479e+01              46.602           1.023e+00             131.729           1.585e+01     
 120.000         270.000            1.129e+00          -1.429e+01              44.228           1.003e+00             132.115           1.530e+01     
 119.000         270.000            1.121e+00          -1.379e+01              42.043           9.781e-01             132.508           1.477e+01     
 118.000         270.000            1.109e+00          -1.330e+01              40.032           9.485e-01             132.908           1.426e+01     
 117.000         270.000            1.094e+00          -1.282e+01              38.181           9.138e-01             133.315           1.378e+01     
 116.000         270.000            1.076e+00          -1.235e+01              36.476           8.740e-01             133.730           1.330e+01     
 115.000         270.000            1.055e+00          -1.190e+01              34.904           8.288e-01             134.153           1.285e+01     
 114.000         270.000            1.031e+00          -1.145e+01              33.454           7.782e-01             134.584           1.241e+01     
 113.000         270.000            1.004e+00          -1.101e+01              32.115           7.220e-01             135.023           1.199e+01     
 112.000         270.000            9.741e-01          -1.059e+01              30.876           6.601e-01             135.471           1.158e+01     
 111.000         270.000            9.415e-01          -1.018e+01              29.730           5.924e-01             135.927           1.119e+01     
 110.000         270.000            9.061e-01          -9.782e+00              28.667           5.187e-01             136.392           1.081e+01     
 109.000         270.000            8.679e-01          -9.397e+00              27.681           4.388e-01             136.867           1.044e+01     
 108.000         270.000            8.272e-01          -9.023e+00              26.765           3.527e-01             137.352           1.009e+01     
 107.000         270.000            7.839e-01          -8.662e+00              25.913           2.601e-01             137.846           9.747e+00     
 106.000         270.000            7.381e-01          -8.313e+00              25.120           1.610e-01             138.352           9.423e+00     
 105.000         270.000            6.899e-01          -7.976e+00              24.380           5.513e-02             138.868           9.114e+00     
 104.000         270.000            6.394e-01          -7.650e+00              23.690          -5.765e-02             139.396           8.821e+00     
 103.000         270.000            5.868e-01          -7.335e+00              23.045          -1.775e-01             139.936           8.543e+00     
 102.000         270.000            5.321e-01          -7.032e+00              22.442          -3.046e-01             140.490           8.283e+00     
 101.000         270.000            4.754e-01          -6.739e+00              21.878          -4.392e-01             141.056           8.042e+00     
 100.000         270.000            4.170e-01          -6.458e+00              21.350          -5.814e-01             141.638           7.820e+00     
  99.000         270.000            3.569e-01          -6.186e+00              20.855          -7.314e-01             142.235           7.619e+00     
  98.000         270.000            2.952e-01          -5.926e+00              20.391          -8.895e-01             142.848           7.441e+00     
  97.000         270.000            2.321e-01          -5.675e+00              19.955          -1.056e+00             143.479           7.288e+00     
  96.000         270.000            1.678e-01          -5.434e+00              19.546          -1.231e+00             144.128           7.162e+00     
  95.000         270.000            1.024e-01          -5.203e+00              19.163          -1.414e+00             144.798           7.064e+00     
  94.000         270.000            3.610e-02          -4.981e+00              18.802          -1.607e+00             145.490           6.996e+00     
  93.000         270.000           -3.100e-02          -4.769e+00              18.463          -1.809e+00             146.205           6.962e+00     
  92.000         270.000           -9.870e-02          -4.566e+00              18.144          -2.020e+00             146.945           6.961e+00     
  91.000         270.000           -1.669e-01          -4.372e+00              17.844          -2.241e+00             147.713           6.996e+00     
  90.000         270.000           -2.353e-01          -4.187e+00              17.563          -2.472e+00             148.512           7.069e+00     
  89.000         270.000           -3.038e-01          -4.010e+00              17.297          -2.714e+00             149.342           7.180e+00     
  88.000         270.000           -3.723e-01          -3.842e+00              17.048          -2.967e+00             150.208           7.331e+00     
  87.000         270.000           -4.406e-01          -3.683e+00              16.814          -3.231e+00             151.114           7.523e+00     
  86.000         270.000           -5.085e-01          -3.532e+00              16.594          -3.506e+00             152.064           7.757e+00     
  85.000         270.000           -5.759e-01          -3.389e+00              16.388          -3.793e+00             153.061           8.033e+00     
  84.000         270.000           -6.427e-01          -3.254e+00              16.194          -4.093e+00             154.110           8.352e+00     
  83.000         270.000           -7.086e-01          -3.126e+00              16.012          -4.405e+00             155.218           8.716e+00     
  82.000         270.000           -7.736e-01          -3.007e+00              15.841          -4.731e+00             156.392           9.128e+00     
  81.000         270.000           -8.375e-01          -2.895e+00              15.682          -5.070e+00             157.637           9.589e+00     
  80.000         270.000           -9.002e-01          -2.791e+00              15.532          -5.423e+00             158.964           1.010e+01     
  79.000         270.000           -9.617e-01          -2.694e+00              15.393          -5.790e+00             160.382           1.067e+01     
  78.000         270.000           -1.022e+00          -2.605e+00              15.263          -6.172e+00             161.902           1.131e+01     
  77.000         270.000           -1.080e+00          -2.523e+00              15.142          -6.568e+00             163.536           1.201e+01     
  76.000         270.000           -1.137e+00          -2.448e+00              15.030          -6.980e+00             165.301           1.280e+01     
  75.000         270.000           -1.193e+00          -2.380e+00              14.926          -7.406e+00             167.213           1.369e+01     
  74.000         270.000           -1.247e+00          -2.319e+00              14.830          -7.847e+00             169.291           1.469e+01     
  73.000         270.000           -1.299e+00          -2.265e+00              14.742          -8.301e+00             171.557           1.584e+01     
  72.000         270.000           -1.350e+00          -2.218e+00              14.662          -8.768e+00             174.038           1.719e+01     
  71.000         270.000           -1.398e+00          -2.177e+00              14.588          -9.246e+00             176.759           1.879e+01     
  70.000         270.000           -1.446e+00          -2.143e+00              14.522          -9.730e+00             179.752           2.078e+01     
  69.000         270.000           -1.491e+00          -2.116e+00              14.463          -1.022e+01             183.049           2.338e+01     
  68.000         270.000           -1.535e+00          -2.095e+00              14.410          -1.071e+01             186.682           2.714e+01     
  67.000         270.000           -1.577e+00          -2.081e+00              14.364          -1.118e+01             190.681           3.395e+01     
  66.000         270.000           -1.618e+00          -2.073e+00              14.324          -1.164e+01             195.070           4.000e+01     
  65.000         270.000           -1.658e+00          -2.072e+00              14.290          -1.207e+01             199.859           3.108e+01     
  64.000         270.000           -1.696e+00          -2.076e+00              14.262          -1.245e+01             205.043           2.568e+01     
  63.000         270.000           -1.732e+00          -2.087e+00              14.240          -1.278e+01             210.589           2.237e+01     
  62.000         270.000           -1.767e+00          -2.105e+00              14.225          -1.304e+01             216.435           1.997e+01     
  61.000         270.000           -1.802e+00          -2.128e+00              14.215          -1.321e+01             222.489           1.809e+01     
  60.000         270.000           -1.835e+00          -2.157e+00              14.211          -1.329e+01             228.633           1.654e+01     
  59.000         270.000           -1.867e+00          -2.192e+00              14.213          -1.328e+01             234.740           1.522e+01     
  58.000         270.000           -1.898e+00          -2.234e+00              14.220          -1.318e+01             240.683           1.408e+01     
  57.000         270.000           -1.928e+00          -2.281e+00              14.233          -1.300e+01             246.359           1.307e+01     
  56.000         270.000           -1.958e+00          -2.334e+00              14.253          -1.276e+01             251.689           1.215e+01     
  55.000         270.000           -1.987e+00          -2.393e+00              14.278          -1.247e+01             256.627           1.133e+01     
  54.000         270.000           -2.015e+00          -2.458e+00              14.308          -1.214e+01             261.156           1.057e+01     
  53.000         270.000           -2.043e+00          -2.529e+00              14.345          -1.179e+01             265.277           9.871e+00     
  52.000         270.000           -2.070e+00          -2.606e+00              14.388          -1.142e+01             269.011           9.222e+00     
  51.000         270.000           -2.097e+00          -2.689e+00              14.437          -1.105e+01             272.384           8.615e+00     
  50.000         270.000           -2.124e+00          -2.777e+00              14.492          -1.067e+01             275.428           8.046e+00     
  49.000         270.000           -2.150e+00          -2.872e+00              14.554          -1.030e+01             278.175           7.510e+00     
  48.000         270.000           -2.177e+00          -2.972e+00              14.622          -9.944e+00             280.658           7.003e+00     
  47.000         270.000           -2.203e+00          -3.078e+00              14.697          -9.594e+00             282.903           6.522e+00     
  46.000         270.000           -2.230e+00          -3.190e+00              14.778          -9.256e+00             284.939           6.066e+00     
  45.000         270.000           -2.256e+00          -3.308e+00              14.867          -8.931e+00             286.789           5.632e+00     
  44.000         270.000           -2.282e+00          -3.431e+00              14.964          -8.619e+00             288.474           5.218e+00     
  43.000         270.000           -2.309e+00          -3.561e+00              15.068          -8.321e+00             290.011           4.824e+00     
  42.000         270.000           -2.336e+00          -3.697e+00              15.181          -8.036e+00             291.416           4.449e+00     
  41.000         270.000           -2.362e+00          -3.839e+00              15.302          -7.765e+00             292.705           4.094e+00     
  40.000         270.000           -2.389e+00          -3.987e+00              15.431          -7.506e+00             293.887           3.758e+00     
  39.000         270.000           -2.417e+00          -4.142e+00              15.571          -7.260e+00             294.975           3.444e+00     
  38.000         270.000           -2.444e+00          -4.303e+00              15.720          -7.026e+00             295.978           3.153e+00     
  37.000         270.000           -2.472e+00          -4.470e+00              15.879          -6.803e+00             296.902           2.888e+00     
  36.000         270.000           -2.499e+00          -4.644e+00              16.050          -6.592e+00             297.756           2.654e+00     
  35.000         270.000           -2.527e+00          -4.825e+00              16.233          -6.391e+00             298.546           2.456e+00     
  34.000         270.000           -2.556e+00          -5.012e+00              16.428          -6.201e+00             299.276           2.301e+00     
  33.000         270.000           -2.584e+00          -5.207e+00              16.637          -6.020e+00             299.952           2.196e+00     
  32.000         270.000           -2.613e+00          -5.408e+00              16.860          -5.849e+00             300.578           2.146e+00     
  31.000         270.000           -2.641e+00          -5.618e+00              17.099          -5.686e+00             301.158           2.154e+00     
  30.000         270.000           -2.670e+00          -5.835e+00              17.355          -5.532e+00             301.694           2.218e+00     
  29.000         270.000           -2.700e+00          -6.059e+00              17.630          -5.386e+00             302.191           2.333e+00     
  28.000         270.000           -2.729e+00          -6.292e+00              17.923          -5.248e+00             302.650           2.492e+00     
  27.000         270.000           -2.758e+00          -6.534e+00              18.239          -5.118e+00             303.074           2.688e+00     
  26.000         270.000           -2.788e+00          -6.784e+00              18.578          -4.995e+00             303.464           2.913e+00     
  25.000         270.000           -2.817e+00          -7.043e+00              18.943          -4.878e+00             303.824           3.162e+00     
  24.000         270.000           -2.846e+00          -7.312e+00              19.336          -4.768e+00             304.154           3.432e+00     
  23.000         270.000           -2.876e+00          -7.591e+00              19.760          -4.665e+00             304.456           3.719e+00     
  22.000         270.000           -2.905e+00          -7.881e+00              20.219          -4.568e+00             304.732           4.020e+00     
  21.000         270.000           -2.935e+00          -8.182e+00              20.715          -4.476e+00             304.982           4.335e+00     
  20.000         270.000           -2.964e+00          -8.494e+00              21.255          -4.390e+00             305.208           4.662e+00     
  19.000         270.000           -2.993e+00          -8.818e+00              21.841          -4.310e+00             305.410           5.001e+00     
  18.000         270.000           -3.022e+00          -9.155e+00              22.480          -4.235e+00             305.590           5.353e+00     
  17.000         270.000           -3.051e+00          -9.506e+00              23.179          -4.165e+00             305.749           5.716e+00     
  16.000         270.000           -3.080e+00          -9.872e+00              23.946          -4.100e+00             305.887           6.092e+00     
  15.000         270.000           -3.108e+00          -1.025e+01              24.788          -4.039e+00             306.005           6.481e+00     
  14.000         270.000           -3.136e+00          -1.065e+01              25.718          -3.984e+00             306.103           6.885e+00     
  13.000         270.000           -3.164e+00          -1.106e+01              26.747          -3.933e+00             306.183           7.304e+00     
  12.000         270.000           -3.191e+00          -1.149e+01              27.889          -3.886e+00             306.243           7.740e+00     
  11.000         270.000           -3.219e+00          -1.195e+01              29.164          -3.844e+00             306.286           8.194e+00     
  10.000         270.000           -3.245e+00          -1.242e+01              30.591          -3.806e+00             306.312           8.668e+00     
   9.000         270.000           -3.272e+00          -1.291e+01              32.197          -3.772e+00             306.320           9.166e+00     
   8.000         270.000           -3.298e+00          -1.342e+01              34.010          -3.742e+00             306.311           9.689e+00     
   7.000         270.000           -3.323e+00          -1.396e+01              36.068          -3.716e+00             306.285           1.024e+01     
   6.000         270.000           -3.348e+00          -1.451e+01              38.413          -3.694e+00             306.243           1.083e+01     
   5.000         270.000           -3.373e+00          -1.509e+01              41.099          -3.676e+00             306.185           1.145e+01     
   4.000         270.000           -3.397e+00          -1.568e+01              44.184          -3.662e+00             306.110           1.212e+01     
   3.000         270.000           -3.421e+00          -1.628e+01              47.739          -3.651e+00             306.020           1.283e+01     
   2.000         270.000           -3.444e+00          -1.689e+01              51.840          -3.645e+00             305.914           1.361e+01     
   1.000         270.000           -3.467e+00          -1.748e+01              56.561          -3.642e+00             305.792           1.447e+01     
