Theta [deg.]  Phi   [deg.]  Abs(Dir.)[dBi   ]   Abs(Theta)[dBi   ]  Phase(Theta)[deg.]  Abs(Phi  )[dBi   ]  Phase(Phi  )[deg.]  Ax.Ratio[dB    ]    
------------------------------------------------------------------------------------------------------------------------------------------------------
   0.000          90.000           -7.941e+00          -3.749e+01              26.831          -7.946e+00              44.619           3.985e+01     
   1.000          90.000           -7.889e+00          -3.126e+01              69.953          -7.909e+00              44.589           3.075e+01     
   2.000          90.000           -7.815e+00          -2.677e+01              81.364          -7.871e+00              44.555           2.342e+01     
   3.000          90.000           -7.720e+00          -2.372e+01              86.079          -7.830e+00              44.518           1.958e+01     
   4.000          90.000           -7.604e+00          -2.144e+01              88.592          -7.788e+00              44.477           1.700e+01     
   5.000          90.000           -7.471e+00          -1.963e+01              90.131          -7.743e+00              44.433           1.507e+01     
   6.000          90.000           -7.321e+00          -1.814e+01              91.155          -7.697e+00              44.385           1.357e+01     
   7.000          90.000           -7.157e+00          -1.686e+01              91.875          -7.650e+00              44.334           1.234e+01     
   8.000          90.000           -6.981e+00          -1.575e+01              92.400          -7.600e+00              44.279           1.133e+01     
   9.000          90.000           -6.793e+00          -1.476e+01              92.793          -7.549e+00              44.221           1.048e+01     
  10.000          90.000           -6.597e+00          -1.388e+01              93.093          -7.496e+00              44.159           9.760e+00     
  11.000          90.000           -6.393e+00          -1.308e+01              93.324          -7.442e+00              44.094           9.150e+00     
  12.000          90.000           -6.183e+00          -1.235e+01              93.502          -7.386e+00              44.025           8.632e+00     
  13.000          90.000           -5.969e+00          -1.167e+01              93.640          -7.329e+00              43.952           8.193e+00     
  14.000          90.000           -5.751e+00          -1.105e+01              93.745          -7.270e+00              43.875           7.823e+00     
  15.000          90.000           -5.532e+00          -1.047e+01              93.824          -7.210e+00              43.795           7.512e+00     
  16.000          90.000           -5.311e+00          -9.931e+00              93.882          -7.149e+00              43.712           7.254e+00     
  17.000          90.000           -5.090e+00          -9.424e+00              93.923          -7.086e+00              43.624           7.042e+00     
  18.000          90.000           -4.869e+00          -8.947e+00              93.948          -7.023e+00              43.533           6.871e+00     
  19.000          90.000           -4.649e+00          -8.496e+00              93.961          -6.958e+00              43.438           6.734e+00     
  20.000          90.000           -4.431e+00          -8.070e+00              93.963          -6.892e+00              43.340           6.629e+00     
  21.000          90.000           -4.215e+00          -7.666e+00              93.955          -6.824e+00              43.237           6.549e+00     
  22.000          90.000           -4.001e+00          -7.282e+00              93.940          -6.756e+00              43.131           6.493e+00     
  23.000          90.000           -3.790e+00          -6.916e+00              93.917          -6.687e+00              43.022           6.455e+00     
  24.000          90.000           -3.582e+00          -6.567e+00              93.889          -6.617e+00              42.908           6.434e+00     
  25.000          90.000           -3.377e+00          -6.234e+00              93.854          -6.546e+00              42.791           6.427e+00     
  26.000          90.000           -3.175e+00          -5.915e+00              93.815          -6.474e+00              42.670           6.430e+00     
  27.000          90.000           -2.977e+00          -5.610e+00              93.772          -6.402e+00              42.546           6.443e+00     
  28.000          90.000           -2.783e+00          -5.317e+00              93.724          -6.328e+00              42.417           6.464e+00     
  29.000          90.000           -2.592e+00          -5.036e+00              93.673          -6.254e+00              42.285           6.490e+00     
  30.000          90.000           -2.405e+00          -4.766e+00              93.619          -6.180e+00              42.150           6.521e+00     
  31.000          90.000           -2.222e+00          -4.507e+00              93.562          -6.105e+00              42.010           6.555e+00     
  32.000          90.000           -2.043e+00          -4.258e+00              93.503          -6.029e+00              41.867           6.591e+00     
  33.000          90.000           -1.868e+00          -4.017e+00              93.442          -5.953e+00              41.721           6.629e+00     
  34.000          90.000           -1.696e+00          -3.786e+00              93.378          -5.876e+00              41.570           6.667e+00     
  35.000          90.000           -1.529e+00          -3.564e+00              93.312          -5.799e+00              41.417           6.706e+00     
  36.000          90.000           -1.365e+00          -3.349e+00              93.245          -5.722e+00              41.259           6.744e+00     
  37.000          90.000           -1.205e+00          -3.142e+00              93.177          -5.644e+00              41.098           6.782e+00     
  38.000          90.000           -1.049e+00          -2.943e+00              93.107          -5.566e+00              40.934           6.818e+00     
  39.000          90.000           -8.969e-01          -2.751e+00              93.036          -5.488e+00              40.766           6.853e+00     
  40.000          90.000           -7.484e-01          -2.565e+00              92.964          -5.410e+00              40.595           6.885e+00     
  41.000          90.000           -6.036e-01          -2.386e+00              92.891          -5.331e+00              40.420           6.916e+00     
  42.000          90.000           -4.626e-01          -2.214e+00              92.818          -5.253e+00              40.242           6.945e+00     
  43.000          90.000           -3.252e-01          -2.048e+00              92.743          -5.174e+00              40.061           6.971e+00     
  44.000          90.000           -1.915e-01          -1.887e+00              92.669          -5.096e+00              39.877           6.995e+00     
  45.000          90.000           -6.137e-02          -1.733e+00              92.593          -5.017e+00              39.690           7.017e+00     
  46.000          90.000            6.516e-02          -1.584e+00              92.518          -4.939e+00              39.499           7.036e+00     
  47.000          90.000            1.881e-01          -1.440e+00              92.442          -4.861e+00              39.306           7.052e+00     
  48.000          90.000            3.076e-01          -1.302e+00              92.366          -4.783e+00              39.109           7.066e+00     
  49.000          90.000            4.236e-01          -1.169e+00              92.290          -4.705e+00              38.910           7.076e+00     
  50.000          90.000            5.361e-01          -1.041e+00              92.214          -4.628e+00              38.708           7.084e+00     
  51.000          90.000            6.452e-01          -9.180e-01              92.138          -4.551e+00              38.503           7.090e+00     
  52.000          90.000            7.509e-01          -7.999e-01              92.062          -4.474e+00              38.296           7.092e+00     
  53.000          90.000            8.533e-01          -6.865e-01              91.986          -4.397e+00              38.086           7.092e+00     
  54.000          90.000            9.523e-01          -5.777e-01              91.911          -4.321e+00              37.873           7.089e+00     
  55.000          90.000            1.048e+00          -4.736e-01              91.836          -4.245e+00              37.658           7.084e+00     
  56.000          90.000            1.141e+00          -3.739e-01              91.761          -4.170e+00              37.441           7.076e+00     
  57.000          90.000            1.230e+00          -2.787e-01              91.687          -4.095e+00              37.222           7.065e+00     
  58.000          90.000            1.316e+00          -1.878e-01              91.614          -4.021e+00              37.000           7.051e+00     
  59.000          90.000            1.398e+00          -1.012e-01              91.541          -3.948e+00              36.776           7.035e+00     
  60.000          90.000            1.478e+00          -1.885e-02              91.468          -3.875e+00              36.551           7.017e+00     
  61.000          90.000            1.555e+00           5.931e-02              91.397          -3.802e+00              36.323           6.995e+00     
  62.000          90.000            1.628e+00           1.333e-01              91.326          -3.731e+00              36.094           6.972e+00     
  63.000          90.000            1.698e+00           2.033e-01              91.256          -3.660e+00              35.863           6.946e+00     
  64.000          90.000            1.765e+00           2.692e-01              91.187          -3.590e+00              35.630           6.917e+00     
  65.000          90.000            1.829e+00           3.310e-01              91.119          -3.520e+00              35.396           6.886e+00     
  66.000          90.000            1.890e+00           3.889e-01              91.052          -3.452e+00              35.161           6.853e+00     
  67.000          90.000            1.948e+00           4.429e-01              90.986          -3.384e+00              34.924           6.818e+00     
  68.000          90.000            2.003e+00           4.930e-01              90.921          -3.317e+00              34.686           6.780e+00     
  69.000          90.000            2.056e+00           5.392e-01              90.857          -3.250e+00              34.447           6.741e+00     
  70.000          90.000            2.105e+00           5.815e-01              90.795          -3.185e+00              34.207           6.699e+00     
  71.000          90.000            2.151e+00           6.201e-01              90.733          -3.121e+00              33.966           6.655e+00     
  72.000          90.000            2.194e+00           6.548e-01              90.673          -3.057e+00              33.725           6.609e+00     
  73.000          90.000            2.235e+00           6.858e-01              90.614          -2.995e+00              33.482           6.561e+00     
  74.000          90.000            2.272e+00           7.130e-01              90.557          -2.933e+00              33.239           6.511e+00     
  75.000          90.000            2.307e+00           7.365e-01              90.501          -2.872e+00              32.996           6.459e+00     
  76.000          90.000            2.339e+00           7.562e-01              90.446          -2.813e+00              32.752           6.405e+00     
  77.000          90.000            2.368e+00           7.723e-01              90.393          -2.754e+00              32.507           6.349e+00     
  78.000          90.000            2.394e+00           7.846e-01              90.342          -2.697e+00              32.263           6.292e+00     
  79.000          90.000            2.418e+00           7.933e-01              90.292          -2.640e+00              32.019           6.233e+00     
  80.000          90.000            2.439e+00           7.983e-01              90.243          -2.585e+00              31.774           6.173e+00     
  81.000          90.000            2.457e+00           7.997e-01              90.197          -2.530e+00              31.530           6.110e+00     
  82.000          90.000            2.472e+00           7.974e-01              90.152          -2.477e+00              31.285           6.047e+00     
  83.000          90.000            2.485e+00           7.915e-01              90.109          -2.425e+00              31.041           5.982e+00     
  84.000          90.000            2.495e+00           7.820e-01              90.067          -2.374e+00              30.798           5.915e+00     
  85.000          90.000            2.503e+00           7.689e-01              90.027          -2.324e+00              30.555           5.847e+00     
  86.000          90.000            2.508e+00           7.521e-01              89.990          -2.275e+00              30.312           5.778e+00     
  87.000          90.000            2.510e+00           7.317e-01              89.954          -2.227e+00              30.070           5.708e+00     
  88.000          90.000            2.510e+00           7.078e-01              89.920          -2.180e+00              29.829           5.636e+00     
  89.000          90.000            2.507e+00           6.802e-01              89.888          -2.135e+00              29.588           5.563e+00     
  90.000          90.000            2.502e+00           6.491e-01              89.858          -2.091e+00              29.349           5.490e+00     
  91.000          90.000            2.495e+00           6.143e-01              89.830          -2.047e+00              29.111           5.416e+00     
  92.000          90.000            2.485e+00           5.760e-01              89.804          -2.006e+00              28.873           5.340e+00     
  93.000          90.000            2.472e+00           5.341e-01              89.780          -1.965e+00              28.637           5.264e+00     
  94.000          90.000            2.458e+00           4.886e-01              89.758          -1.925e+00              28.402           5.188e+00     
  95.000          90.000            2.441e+00           4.395e-01              89.739          -1.887e+00              28.169           5.111e+00     
  96.000          90.000            2.421e+00           3.868e-01              89.721          -1.849e+00              27.936           5.033e+00     
  97.000          90.000            2.400e+00           3.305e-01              89.706          -1.813e+00              27.706           4.956e+00     
  98.000          90.000            2.376e+00           2.707e-01              89.693          -1.778e+00              27.476           4.878e+00     
  99.000          90.000            2.350e+00           2.072e-01              89.683          -1.744e+00              27.249           4.800e+00     
 100.000          90.000            2.323e+00           1.401e-01              89.674          -1.712e+00              27.023           4.723e+00     
 101.000          90.000            2.293e+00           6.946e-02              89.669          -1.680e+00              26.799           4.646e+00     
 102.000          90.000            2.260e+00          -4.844e-03              89.665          -1.650e+00              26.577           4.570e+00     
 103.000          90.000            2.226e+00          -8.277e-02              89.664          -1.620e+00              26.356           4.494e+00     
 104.000          90.000            2.190e+00          -1.643e-01              89.665          -1.592e+00              26.138           4.419e+00     
 105.000          90.000            2.153e+00          -2.495e-01              89.669          -1.565e+00              25.921           4.346e+00     
 106.000          90.000            2.113e+00          -3.384e-01              89.676          -1.539e+00              25.707           4.275e+00     
 107.000          90.000            2.071e+00          -4.309e-01              89.685          -1.515e+00              25.495           4.205e+00     
 108.000          90.000            2.028e+00          -5.271e-01              89.696          -1.491e+00              25.285           4.137e+00     
 109.000          90.000            1.983e+00          -6.271e-01              89.710          -1.468e+00              25.078           4.072e+00     
 110.000          90.000            1.936e+00          -7.307e-01              89.727          -1.447e+00              24.872           4.009e+00     
 111.000          90.000            1.888e+00          -8.381e-01              89.747          -1.426e+00              24.670           3.950e+00     
 112.000          90.000            1.838e+00          -9.492e-01              89.769          -1.407e+00              24.469           3.895e+00     
 113.000          90.000            1.787e+00          -1.064e+00              89.794          -1.389e+00              24.271           3.844e+00     
 114.000          90.000            1.734e+00          -1.183e+00              89.821          -1.371e+00              24.076           3.797e+00     
 115.000          90.000            1.680e+00          -1.305e+00              89.852          -1.355e+00              23.883           3.755e+00     
 116.000          90.000            1.625e+00          -1.432e+00              89.885          -1.340e+00              23.692           3.719e+00     
 117.000          90.000            1.568e+00          -1.562e+00              89.922          -1.325e+00              23.505           3.689e+00     
 118.000          90.000            1.510e+00          -1.697e+00              89.961          -1.312e+00              23.320           3.665e+00     
 119.000          90.000            1.451e+00          -1.835e+00              90.003          -1.299e+00              23.138           3.648e+00     
 120.000          90.000            1.391e+00          -1.977e+00              90.049          -1.288e+00              22.958           3.639e+00     
 121.000          90.000            1.330e+00          -2.124e+00              90.097          -1.277e+00              22.782           3.638e+00     
 122.000          90.000            1.269e+00          -2.274e+00              90.149          -1.268e+00              22.608           3.645e+00     
 123.000          90.000            1.206e+00          -2.429e+00              90.204          -1.259e+00              22.437           3.661e+00     
 124.000          90.000            1.142e+00          -2.588e+00              90.262          -1.251e+00              22.269           3.686e+00     
 125.000          90.000            1.078e+00          -2.751e+00              90.323          -1.244e+00              22.104           3.720e+00     
 126.000          90.000            1.013e+00          -2.919e+00              90.388          -1.237e+00              21.942           3.765e+00     
 127.000          90.000            9.475e-01          -3.091e+00              90.456          -1.232e+00              21.783           3.819e+00     
 128.000          90.000            8.815e-01          -3.268e+00              90.528          -1.227e+00              21.626           3.883e+00     
 129.000          90.000            8.150e-01          -3.449e+00              90.603          -1.223e+00              21.473           3.957e+00     
 130.000          90.000            7.482e-01          -3.636e+00              90.682          -1.220e+00              21.323           4.041e+00     
 131.000          90.000            6.811e-01          -3.827e+00              90.765          -1.218e+00              21.176           4.136e+00     
 132.000          90.000            6.138e-01          -4.023e+00              90.851          -1.216e+00              21.032           4.240e+00     
 133.000          90.000            5.464e-01          -4.224e+00              90.942          -1.215e+00              20.891           4.355e+00     
 134.000          90.000            4.789e-01          -4.431e+00              91.037          -1.214e+00              20.754           4.480e+00     
 135.000          90.000            4.114e-01          -4.643e+00              91.136          -1.215e+00              20.619           4.614e+00     
 136.000          90.000            3.439e-01          -4.861e+00              91.240          -1.215e+00              20.488           4.759e+00     
 137.000          90.000            2.767e-01          -5.085e+00              91.348          -1.217e+00              20.360           4.913e+00     
 138.000          90.000            2.096e-01          -5.314e+00              91.461          -1.219e+00              20.235           5.078e+00     
 139.000          90.000            1.429e-01          -5.550e+00              91.579          -1.221e+00              20.113           5.252e+00     
 140.000          90.000            7.652e-02          -5.793e+00              91.703          -1.224e+00              19.994           5.436e+00     
 141.000          90.000            1.061e-02          -6.042e+00              91.832          -1.228e+00              19.879           5.629e+00     
 142.000          90.000           -5.477e-02          -6.299e+00              91.966          -1.232e+00              19.767           5.833e+00     
 143.000          90.000           -1.196e-01          -6.563e+00              92.107          -1.237e+00              19.658           6.047e+00     
 144.000          90.000           -1.837e-01          -6.835e+00              92.255          -1.242e+00              19.552           6.271e+00     
 145.000          90.000           -2.471e-01          -7.115e+00              92.409          -1.247e+00              19.449           6.505e+00     
 146.000          90.000           -3.097e-01          -7.404e+00              92.571          -1.253e+00              19.350           6.750e+00     
 147.000          90.000           -3.714e-01          -7.702e+00              92.740          -1.259e+00              19.254           7.006e+00     
 148.000          90.000           -4.322e-01          -8.010e+00              92.919          -1.266e+00              19.162           7.274e+00     
 149.000          90.000           -4.920e-01          -8.329e+00              93.106          -1.273e+00              19.072           7.554e+00     
 150.000          90.000           -5.507e-01          -8.658e+00              93.304          -1.280e+00              18.986           7.846e+00     
 151.000          90.000           -6.083e-01          -9.000e+00              93.513          -1.288e+00              18.903           8.151e+00     
 152.000          90.000           -6.647e-01          -9.354e+00              93.734          -1.296e+00              18.824           8.470e+00     
 153.000          90.000           -7.198e-01          -9.722e+00              93.969          -1.304e+00              18.747           8.804e+00     
 154.000          90.000           -7.736e-01          -1.011e+01              94.219          -1.312e+00              18.674           9.153e+00     
 155.000          90.000           -8.261e-01          -1.050e+01              94.486          -1.321e+00              18.605           9.520e+00     
 156.000          90.000           -8.772e-01          -1.092e+01              94.772          -1.330e+00              18.538           9.905e+00     
 157.000          90.000           -9.267e-01          -1.136e+01              95.079          -1.339e+00              18.475           1.031e+01     
 158.000          90.000           -9.748e-01          -1.182e+01              95.412          -1.348e+00              18.416           1.074e+01     
 159.000          90.000           -1.021e+00          -1.230e+01              95.774          -1.358e+00              18.359           1.119e+01     
 160.000          90.000           -1.066e+00          -1.280e+01              96.170          -1.367e+00              18.306           1.166e+01     
 161.000          90.000           -1.109e+00          -1.334e+01              96.605          -1.377e+00              18.257           1.217e+01     
 162.000          90.000           -1.151e+00          -1.391e+01              97.088          -1.387e+00              18.210           1.271e+01     
 163.000          90.000           -1.190e+00          -1.452e+01              97.628          -1.397e+00              18.167           1.328e+01     
 164.000          90.000           -1.228e+00          -1.517e+01              98.238          -1.407e+00              18.128           1.390e+01     
 165.000          90.000           -1.264e+00          -1.587e+01              98.936          -1.418e+00              18.091           1.457e+01     
 166.000          90.000           -1.299e+00          -1.662e+01              99.744          -1.428e+00              18.059           1.529e+01     
 167.000          90.000           -1.331e+00          -1.745e+01             100.694          -1.438e+00              18.029           1.609e+01     
 168.000          90.000           -1.361e+00          -1.836e+01             101.833          -1.449e+00              18.003           1.696e+01     
 169.000          90.000           -1.389e+00          -1.936e+01             103.229          -1.459e+00              17.980           1.793e+01     
 170.000          90.000           -1.416e+00          -2.049e+01             104.985          -1.470e+00              17.961           1.903e+01     
 171.000          90.000           -1.440e+00          -2.177e+01             107.272          -1.481e+00              17.945           2.029e+01     
 172.000          90.000           -1.462e+00          -2.326e+01             110.377          -1.491e+00              17.933           2.177e+01     
 173.000          90.000           -1.483e+00          -2.500e+01             114.834          -1.502e+00              17.924           2.356e+01     
 174.000          90.000           -1.501e+00          -2.708e+01             121.704          -1.513e+00              17.918           2.582e+01     
 175.000          90.000           -1.517e+00          -2.953e+01             133.255          -1.523e+00              17.916           2.889e+01     
 176.000          90.000           -1.530e+00          -3.205e+01             153.952          -1.534e+00              17.918           3.369e+01     
 177.000          90.000           -1.542e+00          -3.312e+01             186.157          -1.545e+00              17.922           4.000e+01     
 178.000          90.000           -1.551e+00          -3.152e+01             216.214          -1.556e+00              17.931           4.000e+01     
 179.000          90.000           -1.559e+00          -2.894e+01             234.277          -1.567e+00              17.943           3.193e+01     
 180.000          90.000           -1.564e+00          -2.657e+01             244.429          -1.577e+00              17.958           2.780e+01     
 179.000         270.000           -1.567e+00          -2.459e+01              70.595          -1.588e+00             197.977           2.501e+01     
 178.000         270.000           -1.567e+00          -2.291e+01              74.670          -1.599e+00             197.999           2.290e+01     
 177.000         270.000           -1.566e+00          -2.149e+01              77.552          -1.610e+00             198.025           2.119e+01     
 176.000         270.000           -1.562e+00          -2.025e+01              79.698          -1.621e+00             198.055           1.977e+01     
 175.000         270.000           -1.556e+00          -1.916e+01              81.363          -1.632e+00             198.088           1.854e+01     
 174.000         270.000           -1.547e+00          -1.818e+01              82.696          -1.643e+00             198.125           1.746e+01     
 173.000         270.000           -1.537e+00          -1.730e+01              83.793          -1.654e+00             198.165           1.650e+01     
 172.000         270.000           -1.524e+00          -1.649e+01              84.713          -1.665e+00             198.209           1.563e+01     
 171.000         270.000           -1.509e+00          -1.576e+01              85.501          -1.676e+00             198.257           1.484e+01     
 170.000         270.000           -1.492e+00          -1.507e+01              86.185          -1.687e+00             198.308           1.411e+01     
 169.000         270.000           -1.473e+00          -1.444e+01              86.787          -1.698e+00             198.363           1.344e+01     
 168.000         270.000           -1.452e+00          -1.384e+01              87.322          -1.709e+00             198.421           1.281e+01     
 167.000         270.000           -1.428e+00          -1.329e+01              87.804          -1.721e+00             198.483           1.222e+01     
 166.000         270.000           -1.402e+00          -1.276e+01              88.242          -1.732e+00             198.549           1.167e+01     
 165.000         270.000           -1.375e+00          -1.226e+01              88.641          -1.744e+00             198.618           1.115e+01     
 164.000         270.000           -1.345e+00          -1.179e+01              89.009          -1.755e+00             198.692           1.066e+01     
 163.000         270.000           -1.313e+00          -1.134e+01              89.350          -1.767e+00             198.768           1.020e+01     
 162.000         270.000           -1.279e+00          -1.091e+01              89.668          -1.779e+00             198.849           9.757e+00     
 161.000         270.000           -1.243e+00          -1.050e+01              89.966          -1.791e+00             198.933           9.335e+00     
 160.000         270.000           -1.205e+00          -1.011e+01              90.245          -1.804e+00             199.021           8.933e+00     
 159.000         270.000           -1.166e+00          -9.733e+00              90.510          -1.816e+00             199.112           8.548e+00     
 158.000         270.000           -1.124e+00          -9.371e+00              90.760          -1.829e+00             199.207           8.180e+00     
 157.000         270.000           -1.081e+00          -9.022e+00              90.999          -1.842e+00             199.306           7.826e+00     
 156.000         270.000           -1.036e+00          -8.685e+00              91.226          -1.855e+00             199.409           7.487e+00     
 155.000         270.000           -9.893e-01          -8.359e+00              91.444          -1.868e+00             199.515           7.161e+00     
 154.000         270.000           -9.410e-01          -8.045e+00              91.653          -1.882e+00             199.625           6.848e+00     
 153.000         270.000           -8.911e-01          -7.740e+00              91.853          -1.896e+00             199.738           6.547e+00     
 152.000         270.000           -8.396e-01          -7.445e+00              92.047          -1.910e+00             199.856           6.257e+00     
 151.000         270.000           -7.867e-01          -7.159e+00              92.234          -1.925e+00             199.976           5.979e+00     
 150.000         270.000           -7.325e-01          -6.882e+00              92.414          -1.940e+00             200.101           5.712e+00     
 149.000         270.000           -6.769e-01          -6.612e+00              92.589          -1.955e+00             200.229           5.455e+00     
 148.000         270.000           -6.200e-01          -6.350e+00              92.759          -1.971e+00             200.360           5.209e+00     
 147.000         270.000           -5.620e-01          -6.094e+00              92.925          -1.987e+00             200.495           4.973e+00     
 146.000         270.000           -5.028e-01          -5.846e+00              93.085          -2.004e+00             200.634           4.747e+00     
 145.000         270.000           -4.427e-01          -5.604e+00              93.242          -2.021e+00             200.776           4.532e+00     
 144.000         270.000           -3.815e-01          -5.369e+00              93.394          -2.038e+00             200.922           4.328e+00     
 143.000         270.000           -3.195e-01          -5.139e+00              93.543          -2.056e+00             201.071           4.135e+00     
 142.000         270.000           -2.567e-01          -4.916e+00              93.689          -2.075e+00             201.224           3.952e+00     
 141.000         270.000           -1.931e-01          -4.697e+00              93.831          -2.094e+00             201.380           3.782e+00     
 140.000         270.000           -1.289e-01          -4.485e+00              93.971          -2.114e+00             201.539           3.623e+00     
 139.000         270.000           -6.417e-02          -4.277e+00              94.107          -2.134e+00             201.702           3.477e+00     
 138.000         270.000            1.070e-03          -4.074e+00              94.241          -2.155e+00             201.868           3.343e+00     
 137.000         270.000            6.671e-02          -3.877e+00              94.372          -2.176e+00             202.038           3.224e+00     
 136.000         270.000            1.327e-01          -3.684e+00              94.501          -2.198e+00             202.210           3.118e+00     
 135.000         270.000            1.988e-01          -3.495e+00              94.628          -2.221e+00             202.386           3.027e+00     
 134.000         270.000            2.652e-01          -3.311e+00              94.752          -2.244e+00             202.565           2.951e+00     
 133.000         270.000            3.316e-01          -3.132e+00              94.874          -2.268e+00             202.747           2.891e+00     
 132.000         270.000            3.980e-01          -2.957e+00              94.994          -2.293e+00             202.932           2.846e+00     
 131.000         270.000            4.642e-01          -2.786e+00              95.112          -2.319e+00             203.120           2.816e+00     
 130.000         270.000            5.303e-01          -2.619e+00              95.228          -2.345e+00             203.311           2.802e+00     
 129.000         270.000            5.962e-01          -2.456e+00              95.343          -2.372e+00             203.505           2.802e+00     
 128.000         270.000            6.616e-01          -2.298e+00              95.455          -2.400e+00             203.702           2.816e+00     
 127.000         270.000            7.267e-01          -2.143e+00              95.566          -2.429e+00             203.902           2.843e+00     
 126.000         270.000            7.912e-01          -1.992e+00              95.675          -2.459e+00             204.104           2.883e+00     
 125.000         270.000            8.552e-01          -1.845e+00              95.783          -2.489e+00             204.310           2.933e+00     
 124.000         270.000            9.185e-01          -1.702e+00              95.889          -2.521e+00             204.517           2.994e+00     
 123.000         270.000            9.811e-01          -1.562e+00              95.993          -2.553e+00             204.728           3.063e+00     
 122.000         270.000            1.043e+00          -1.426e+00              96.096          -2.586e+00             204.940           3.140e+00     
 121.000         270.000            1.104e+00          -1.294e+00              96.198          -2.620e+00             205.156           3.224e+00     
 120.000         270.000            1.164e+00          -1.166e+00              96.298          -2.655e+00             205.373           3.314e+00     
 119.000         270.000            1.222e+00          -1.041e+00              96.396          -2.691e+00             205.593           3.410e+00     
 118.000         270.000            1.280e+00          -9.195e-01              96.493          -2.728e+00             205.815           3.509e+00     
 117.000         270.000            1.337e+00          -8.017e-01              96.589          -2.766e+00             206.040           3.613e+00     
 116.000         270.000            1.392e+00          -6.876e-01              96.684          -2.804e+00             206.266           3.719e+00     
 115.000         270.000            1.446e+00          -5.769e-01              96.777          -2.844e+00             206.494           3.828e+00     
 114.000         270.000            1.499e+00          -4.697e-01              96.869          -2.885e+00             206.725           3.939e+00     
 113.000         270.000            1.550e+00          -3.661e-01              96.959          -2.927e+00             206.957           4.051e+00     
 112.000         270.000            1.600e+00          -2.659e-01              97.048          -2.970e+00             207.191           4.165e+00     
 111.000         270.000            1.648e+00          -1.692e-01              97.136          -3.013e+00             207.427           4.279e+00     
 110.000         270.000            1.694e+00          -7.591e-02              97.223          -3.058e+00             207.664           4.394e+00     
 109.000         270.000            1.739e+00           1.390e-02              97.309          -3.104e+00             207.903           4.510e+00     
 108.000         270.000            1.782e+00           1.003e-01              97.393          -3.151e+00             208.143           4.625e+00     
 107.000         270.000            1.824e+00           1.832e-01              97.476          -3.199e+00             208.385           4.741e+00     
 106.000         270.000            1.863e+00           2.627e-01              97.557          -3.248e+00             208.627           4.856e+00     
 105.000         270.000            1.901e+00           3.388e-01              97.638          -3.298e+00             208.872           4.971e+00     
 104.000         270.000            1.936e+00           4.115e-01              97.717          -3.349e+00             209.117           5.085e+00     
 103.000         270.000            1.970e+00           4.808e-01              97.795          -3.401e+00             209.363           5.198e+00     
 102.000         270.000            2.002e+00           5.466e-01              97.872          -3.454e+00             209.610           5.310e+00     
 101.000         270.000            2.031e+00           6.090e-01              97.948          -3.508e+00             209.858           5.422e+00     
 100.000         270.000            2.059e+00           6.680e-01              98.022          -3.563e+00             210.107           5.532e+00     
  99.000         270.000            2.084e+00           7.237e-01              98.095          -3.619e+00             210.357           5.642e+00     
  98.000         270.000            2.107e+00           7.758e-01              98.167          -3.677e+00             210.607           5.750e+00     
  97.000         270.000            2.128e+00           8.246e-01              98.238          -3.735e+00             210.857           5.856e+00     
  96.000         270.000            2.147e+00           8.700e-01              98.308          -3.794e+00             211.108           5.961e+00     
  95.000         270.000            2.163e+00           9.119e-01              98.376          -3.854e+00             211.359           6.065e+00     
  94.000         270.000            2.177e+00           9.504e-01              98.443          -3.915e+00             211.611           6.167e+00     
  93.000         270.000            2.188e+00           9.855e-01              98.509          -3.976e+00             211.862           6.268e+00     
  92.000         270.000            2.197e+00           1.017e+00              98.573          -4.039e+00             212.114           6.367e+00     
  91.000         270.000            2.204e+00           1.045e+00              98.637          -4.103e+00             212.365           6.464e+00     
  90.000         270.000            2.208e+00           1.070e+00              98.699          -4.167e+00             212.616           6.559e+00     
  89.000         270.000            2.209e+00           1.091e+00              98.760          -4.233e+00             212.867           6.652e+00     
  88.000         270.000            2.208e+00           1.109e+00              98.820          -4.299e+00             213.117           6.744e+00     
  87.000         270.000            2.204e+00           1.124e+00              98.878          -4.366e+00             213.367           6.833e+00     
  86.000         270.000            2.198e+00           1.135e+00              98.935          -4.434e+00             213.617           6.920e+00     
  85.000         270.000            2.189e+00           1.142e+00              98.991          -4.502e+00             213.865           7.005e+00     
  84.000         270.000            2.178e+00           1.146e+00              99.046          -4.571e+00             214.113           7.089e+00     
  83.000         270.000            2.163e+00           1.147e+00              99.100          -4.641e+00             214.360           7.169e+00     
  82.000         270.000            2.146e+00           1.144e+00              99.152          -4.712e+00             214.607           7.248e+00     
  81.000         270.000            2.126e+00           1.137e+00              99.203          -4.783e+00             214.852           7.324e+00     
  80.000         270.000            2.104e+00           1.127e+00              99.253          -4.854e+00             215.095           7.398e+00     
  79.000         270.000            2.079e+00           1.113e+00              99.301          -4.927e+00             215.338           7.469e+00     
  78.000         270.000            2.050e+00           1.096e+00              99.348          -4.999e+00             215.579           7.537e+00     
  77.000         270.000            2.019e+00           1.075e+00              99.394          -5.072e+00             215.819           7.603e+00     
  76.000         270.000            1.985e+00           1.051e+00              99.439          -5.146e+00             216.057           7.667e+00     
  75.000         270.000            1.949e+00           1.023e+00              99.483          -5.220e+00             216.293           7.727e+00     
  74.000         270.000            1.909e+00           9.914e-01              99.525          -5.294e+00             216.528           7.785e+00     
  73.000         270.000            1.866e+00           9.561e-01              99.566          -5.369e+00             216.760           7.840e+00     
  72.000         270.000            1.820e+00           9.172e-01              99.605          -5.443e+00             216.991           7.892e+00     
  71.000         270.000            1.772e+00           8.746e-01              99.644          -5.518e+00             217.220           7.940e+00     
  70.000         270.000            1.720e+00           8.283e-01              99.681          -5.593e+00             217.446           7.986e+00     
  69.000         270.000            1.665e+00           7.783e-01              99.717          -5.668e+00             217.671           8.028e+00     
  68.000         270.000            1.608e+00           7.245e-01              99.752          -5.743e+00             217.892           8.068e+00     
  67.000         270.000            1.547e+00           6.669e-01              99.785          -5.819e+00             218.112           8.104e+00     
  66.000         270.000            1.483e+00           6.054e-01              99.817          -5.894e+00             218.329           8.136e+00     
  65.000         270.000            1.416e+00           5.401e-01              99.848          -5.968e+00             218.543           8.165e+00     
  64.000         270.000            1.346e+00           4.709e-01              99.878          -6.043e+00             218.754           8.190e+00     
  63.000         270.000            1.272e+00           3.978e-01              99.906          -6.118e+00             218.963           8.212e+00     
  62.000         270.000            1.196e+00           3.206e-01              99.933          -6.192e+00             219.169           8.230e+00     
  61.000         270.000            1.116e+00           2.395e-01              99.959          -6.265e+00             219.372           8.244e+00     
  60.000         270.000            1.033e+00           1.543e-01              99.984          -6.339e+00             219.572           8.254e+00     
  59.000         270.000            9.466e-01           6.489e-02             100.008          -6.411e+00             219.768           8.260e+00     
  58.000         270.000            8.570e-01          -2.866e-02             100.030          -6.484e+00             219.961           8.261e+00     
  57.000         270.000            7.640e-01          -1.265e-01             100.051          -6.555e+00             220.152           8.259e+00     
  56.000         270.000            6.677e-01          -2.286e-01             100.071          -6.626e+00             220.338           8.252e+00     
  55.000         270.000            5.680e-01          -3.351e-01             100.090          -6.696e+00             220.522           8.241e+00     
  54.000         270.000            4.649e-01          -4.460e-01             100.108          -6.766e+00             220.701           8.226e+00     
  53.000         270.000            3.584e-01          -5.615e-01             100.125          -6.834e+00             220.878           8.206e+00     
  52.000         270.000            2.483e-01          -6.817e-01             100.141          -6.902e+00             221.050           8.181e+00     
  51.000         270.000            1.348e-01          -8.065e-01             100.155          -6.968e+00             221.219           8.152e+00     
  50.000         270.000            1.769e-02          -9.362e-01             100.169          -7.033e+00             221.384           8.117e+00     
  49.000         270.000           -1.030e-01          -1.071e+00             100.182          -7.098e+00             221.546           8.078e+00     
  48.000         270.000           -2.272e-01          -1.210e+00             100.193          -7.161e+00             221.703           8.034e+00     
  47.000         270.000           -3.551e-01          -1.355e+00             100.204          -7.223e+00             221.857           7.985e+00     
  46.000         270.000           -4.867e-01          -1.505e+00             100.214          -7.283e+00             222.006           7.930e+00     
  45.000         270.000           -6.219e-01          -1.661e+00             100.223          -7.342e+00             222.152           7.871e+00     
  44.000         270.000           -7.610e-01          -1.822e+00             100.231          -7.400e+00             222.294           7.806e+00     
  43.000         270.000           -9.037e-01          -1.989e+00             100.239          -7.456e+00             222.432           7.736e+00     
  42.000         270.000           -1.050e+00          -2.162e+00             100.246          -7.511e+00             222.566           7.661e+00     
  41.000         270.000           -1.201e+00          -2.341e+00             100.252          -7.564e+00             222.695           7.581e+00     
  40.000         270.000           -1.355e+00          -2.527e+00             100.258          -7.616e+00             222.821           7.495e+00     
  39.000         270.000           -1.513e+00          -2.719e+00             100.263          -7.665e+00             222.942           7.405e+00     
  38.000         270.000           -1.675e+00          -2.919e+00             100.268          -7.713e+00             223.060           7.309e+00     
  37.000         270.000           -1.841e+00          -3.125e+00             100.273          -7.760e+00             223.173           7.209e+00     
  36.000         270.000           -2.011e+00          -3.339e+00             100.278          -7.804e+00             223.282           7.104e+00     
  35.000         270.000           -2.184e+00          -3.560e+00             100.283          -7.846e+00             223.387           6.994e+00     
  34.000         270.000           -2.362e+00          -3.790e+00             100.287          -7.887e+00             223.488           6.880e+00     
  33.000         270.000           -2.544e+00          -4.029e+00             100.293          -7.925e+00             223.585           6.763e+00     
  32.000         270.000           -2.729e+00          -4.276e+00             100.298          -7.962e+00             223.678           6.643e+00     
  31.000         270.000           -2.918e+00          -4.533e+00             100.305          -7.996e+00             223.767           6.520e+00     
  30.000         270.000           -3.111e+00          -4.801e+00             100.312          -8.028e+00             223.851           6.395e+00     
  29.000         270.000           -3.307e+00          -5.079e+00             100.321          -8.058e+00             223.932           6.270e+00     
  28.000         270.000           -3.508e+00          -5.368e+00             100.331          -8.086e+00             224.008           6.147e+00     
  27.000         270.000           -3.711e+00          -5.669e+00             100.342          -8.112e+00             224.081           6.025e+00     
  26.000         270.000           -3.917e+00          -5.984e+00             100.357          -8.136e+00             224.149           5.908e+00     
  25.000         270.000           -4.127e+00          -6.312e+00             100.373          -8.157e+00             224.214           5.798e+00     
  24.000         270.000           -4.339e+00          -6.655e+00             100.394          -8.176e+00             224.275           5.698e+00     
  23.000         270.000           -4.553e+00          -7.015e+00             100.418          -8.193e+00             224.332           5.612e+00     
  22.000         270.000           -4.770e+00          -7.391e+00             100.446          -8.207e+00             224.384           5.543e+00     
  21.000         270.000           -4.988e+00          -7.787e+00             100.480          -8.219e+00             224.434           5.497e+00     
  20.000         270.000           -5.206e+00          -8.204e+00             100.521          -8.229e+00             224.479           5.479e+00     
  19.000         270.000           -5.425e+00          -8.644e+00             100.570          -8.236e+00             224.520           5.494e+00     
  18.000         270.000           -5.643e+00          -9.109e+00             100.628          -8.242e+00             224.558           5.551e+00     
  17.000         270.000           -5.860e+00          -9.602e+00             100.698          -8.244e+00             224.592           5.654e+00     
  16.000         270.000           -6.074e+00          -1.013e+01             100.782          -8.245e+00             224.622           5.811e+00     
  15.000         270.000           -6.285e+00          -1.069e+01             100.883          -8.243e+00             224.649           6.030e+00     
  14.000         270.000           -6.490e+00          -1.129e+01             101.005          -8.239e+00             224.672           6.316e+00     
  13.000         270.000           -6.690e+00          -1.193e+01             101.153          -8.233e+00             224.691           6.676e+00     
  12.000         270.000           -6.881e+00          -1.263e+01             101.335          -8.224e+00             224.707           7.118e+00     
  11.000         270.000           -7.063e+00          -1.340e+01             101.561          -8.213e+00             224.719           7.650e+00     
  10.000         270.000           -7.233e+00          -1.423e+01             101.843          -8.199e+00             224.727           8.281e+00     
   9.000         270.000           -7.390e+00          -1.516e+01             102.201          -8.184e+00             224.732           9.024e+00     
   8.000         270.000           -7.532e+00          -1.620e+01             102.666          -8.166e+00             224.734           9.896e+00     
   7.000         270.000           -7.657e+00          -1.739e+01             103.285          -8.146e+00             224.731           1.092e+01     
   6.000         270.000           -7.764e+00          -1.876e+01             104.137          -8.124e+00             224.726           1.214e+01     
   5.000         270.000           -7.850e+00          -2.038e+01             105.367          -8.099e+00             224.717           1.360e+01     
   4.000         270.000           -7.915e+00          -2.238e+01             107.268          -8.073e+00             224.704           1.541e+01     
   3.000         270.000           -7.957e+00          -2.495e+01             110.532          -8.044e+00             224.688           1.773e+01     
   2.000         270.000           -7.975e+00          -2.853e+01             117.240          -8.014e+00             224.668           2.093e+01     
   1.000         270.000           -7.970e+00          -3.402e+01             136.757          -7.981e+00             224.645           2.604e+01     
