Theta [deg.]  Phi   [deg.]  Abs(Grlz)[dBi   ]   Abs(Theta)[dBi   ]  Phase(Theta)[deg.]  Abs(Phi  )[dBi   ]  Phase(Phi  )[deg.]  Ax.Ratio[dB    ]    
------------------------------------------------------------------------------------------------------------------------------------------------------
  90.000           0.000           -6.506e+00          -2.193e+01             185.712          -6.633e+00             224.782           1.946e+01     
  90.000           1.000           -6.416e+00          -2.115e+01             179.121          -6.565e+00             227.164           1.729e+01     
  90.000           2.000           -6.340e+00          -2.029e+01             173.486          -6.518e+00             229.581           1.551e+01     
  90.000           3.000           -6.276e+00          -1.941e+01             168.763          -6.493e+00             232.033           1.399e+01     
  90.000           4.000           -6.225e+00          -1.853e+01             164.842          -6.488e+00             234.521           1.267e+01     
  90.000           5.000           -6.185e+00          -1.768e+01             161.598          -6.504e+00             237.045           1.151e+01     
  90.000           6.000           -6.155e+00          -1.687e+01             158.910          -6.540e+00             239.611           1.046e+01     
  90.000           7.000           -6.134e+00          -1.609e+01             156.675          -6.596e+00             242.220           9.528e+00     
  90.000           8.000           -6.122e+00          -1.536e+01             154.806          -6.673e+00             244.879           8.688e+00     
  90.000           9.000           -6.117e+00          -1.468e+01             153.235          -6.769e+00             247.593           7.941e+00     
  90.000          10.000           -6.118e+00          -1.403e+01             151.905          -6.884e+00             250.368           7.288e+00     
  90.000          11.000           -6.124e+00          -1.343e+01             150.771          -7.017e+00             253.213           6.738e+00     
  90.000          12.000           -6.134e+00          -1.287e+01             149.796          -7.168e+00             256.135           6.303e+00     
  90.000          13.000           -6.145e+00          -1.235e+01             148.953          -7.335e+00             259.143           5.999e+00     
  90.000          14.000           -6.157e+00          -1.186e+01             148.217          -7.516e+00             262.244           5.844e+00     
  90.000          15.000           -6.168e+00          -1.141e+01             147.569          -7.710e+00             265.448           5.852e+00     
  90.000          16.000           -6.177e+00          -1.099e+01             146.993          -7.915e+00             268.760           6.031e+00     
  90.000          17.000           -6.183e+00          -1.061e+01             146.477          -8.128e+00             272.187           6.379e+00     
  90.000          18.000           -6.184e+00          -1.025e+01             146.010          -8.346e+00             275.733           6.890e+00     
  90.000          19.000           -6.180e+00          -9.919e+00             145.581          -8.567e+00             279.399           7.555e+00     
  90.000          20.000           -6.170e+00          -9.615e+00             145.184          -8.785e+00             283.181           8.369e+00     
  90.000          21.000           -6.154e+00          -9.338e+00             144.811          -8.998e+00             287.072           9.334e+00     
  90.000          22.000           -6.132e+00          -9.085e+00             144.456          -9.201e+00             291.059           1.046e+01     
  90.000          23.000           -6.105e+00          -8.856e+00             144.115          -9.391e+00             295.122           1.177e+01     
  90.000          24.000           -6.073e+00          -8.650e+00             143.783          -9.564e+00             299.237           1.330e+01     
  90.000          25.000           -6.037e+00          -8.466e+00             143.454          -9.717e+00             303.372           1.513e+01     
  90.000          26.000           -5.998e+00          -8.303e+00             143.126          -9.850e+00             307.492           1.739e+01     
  90.000          27.000           -5.958e+00          -8.161e+00             142.795          -9.960e+00             311.559           2.033e+01     
  90.000          28.000           -5.919e+00          -8.039e+00             142.456          -1.005e+01             315.532           2.460e+01     
  90.000          29.000           -5.881e+00          -7.937e+00             142.108          -1.012e+01             319.374           3.272e+01     
  90.000          30.000           -5.848e+00          -7.853e+00             141.745          -1.017e+01             323.048           3.919e+01     
  90.000          31.000           -5.820e+00          -7.788e+00             141.367          -1.020e+01             326.522           2.727e+01     
  90.000          32.000           -5.799e+00          -7.740e+00             140.967          -1.023e+01             329.769           2.263e+01     
  90.000          33.000           -5.787e+00          -7.711e+00             140.545          -1.025e+01             332.768           1.978e+01     
  90.000          34.000           -5.785e+00          -7.698e+00             140.095          -1.027e+01             335.502           1.776e+01     
  90.000          35.000           -5.795e+00          -7.703e+00             139.615          -1.029e+01             337.958           1.624e+01     
  90.000          36.000           -5.817e+00          -7.723e+00             139.100          -1.031e+01             340.128           1.503e+01     
  90.000          37.000           -5.853e+00          -7.760e+00             138.546          -1.034e+01             342.005           1.407e+01     
  90.000          38.000           -5.903e+00          -7.812e+00             137.949          -1.039e+01             343.584           1.328e+01     
  90.000          39.000           -5.968e+00          -7.880e+00             137.306          -1.045e+01             344.862           1.263e+01     
  90.000          40.000           -6.049e+00          -7.962e+00             136.609          -1.053e+01             345.834           1.210e+01     
  90.000          41.000           -6.145e+00          -8.059e+00             135.856          -1.063e+01             346.495           1.168e+01     
  90.000          42.000           -6.257e+00          -8.169e+00             135.039          -1.074e+01             346.838           1.135e+01     
  90.000          43.000           -6.384e+00          -8.293e+00             134.153          -1.087e+01             346.855           1.110e+01     
  90.000          44.000           -6.525e+00          -8.429e+00             133.193          -1.102e+01             346.538           1.093e+01     
  90.000          45.000           -6.680e+00          -8.577e+00             132.150          -1.119e+01             345.874           1.083e+01     
  90.000          46.000           -6.847e+00          -8.736e+00             131.020          -1.137e+01             344.852           1.081e+01     
  90.000          47.000           -7.024e+00          -8.904e+00             129.793          -1.156e+01             343.458           1.086e+01     
  90.000          48.000           -7.208e+00          -9.082e+00             128.464          -1.176e+01             341.681           1.099e+01     
  90.000          49.000           -7.398e+00          -9.267e+00             127.023          -1.196e+01             339.509           1.119e+01     
  90.000          50.000           -7.589e+00          -9.458e+00             125.467          -1.215e+01             336.946           1.148e+01     
  90.000          51.000           -7.777e+00          -9.652e+00             123.786          -1.233e+01             333.993           1.184e+01     
  90.000          52.000           -7.959e+00          -9.849e+00             121.975          -1.248e+01             330.667           1.229e+01     
  90.000          53.000           -8.128e+00          -1.005e+01             120.030          -1.260e+01             327.001           1.282e+01     
  90.000          54.000           -8.280e+00          -1.024e+01             117.947          -1.268e+01             323.043           1.342e+01     
  90.000          55.000           -8.410e+00          -1.043e+01             115.725          -1.271e+01             318.857           1.410e+01     
  90.000          56.000           -8.512e+00          -1.061e+01             113.366          -1.269e+01             314.519           1.484e+01     
  90.000          57.000           -8.582e+00          -1.077e+01             110.875          -1.260e+01             310.114           1.562e+01     
  90.000          58.000           -8.618e+00          -1.092e+01             108.259          -1.247e+01             305.724           1.642e+01     
  90.000          59.000           -8.618e+00          -1.106e+01             105.531          -1.228e+01             301.426           1.719e+01     
  90.000          60.000           -8.580e+00          -1.117e+01             102.708          -1.206e+01             297.281           1.791e+01     
  90.000          61.000           -8.507e+00          -1.126e+01              99.809          -1.179e+01             293.334           1.854e+01     
  90.000          62.000           -8.400e+00          -1.132e+01              96.859          -1.150e+01             289.614           1.903e+01     
  90.000          63.000           -8.263e+00          -1.136e+01              93.883          -1.119e+01             286.135           1.939e+01     
  90.000          64.000           -8.100e+00          -1.137e+01              90.908          -1.087e+01             282.896           1.959e+01     
  90.000          65.000           -7.917e+00          -1.135e+01              87.961          -1.054e+01             279.891           1.966e+01     
  90.000          66.000           -7.717e+00          -1.130e+01              85.069          -1.022e+01             277.104           1.961e+01     
  90.000          67.000           -7.505e+00          -1.124e+01              82.256          -9.898e+00             274.517           1.948e+01     
  90.000          68.000           -7.285e+00          -1.114e+01              79.541          -9.585e+00             272.112           1.930e+01     
  90.000          69.000           -7.060e+00          -1.103e+01              76.942          -9.282e+00             269.869           1.910e+01     
  90.000          70.000           -6.834e+00          -1.091e+01              74.470          -8.991e+00             267.769           1.888e+01     
  90.000          71.000           -6.609e+00          -1.077e+01              72.135          -8.712e+00             265.794           1.868e+01     
  90.000          72.000           -6.387e+00          -1.062e+01              69.942          -8.445e+00             263.928           1.850e+01     
  90.000          73.000           -6.170e+00          -1.046e+01              67.892          -8.192e+00             262.156           1.836e+01     
  90.000          74.000           -5.958e+00          -1.030e+01              65.985          -7.951e+00             260.466           1.825e+01     
  90.000          75.000           -5.753e+00          -1.014e+01              64.217          -7.722e+00             258.845           1.817e+01     
  90.000          76.000           -5.556e+00          -9.974e+00              62.584          -7.504e+00             257.284           1.815e+01     
  90.000          77.000           -5.365e+00          -9.813e+00              61.080          -7.297e+00             255.774           1.816e+01     
  90.000          78.000           -5.182e+00          -9.656e+00              59.698          -7.100e+00             254.307           1.823e+01     
  90.000          79.000           -5.007e+00          -9.504e+00              58.431          -6.912e+00             252.877           1.833e+01     
  90.000          80.000           -4.840e+00          -9.358e+00              57.273          -6.733e+00             251.479           1.849e+01     
  90.000          81.000           -4.680e+00          -9.220e+00              56.215          -6.561e+00             250.107           1.870e+01     
  90.000          82.000           -4.527e+00          -9.090e+00              55.252          -6.396e+00             248.759           1.895e+01     
  90.000          83.000           -4.381e+00          -8.969e+00              54.377          -6.236e+00             247.431           1.926e+01     
  90.000          84.000           -4.242e+00          -8.858e+00              53.583          -6.082e+00             246.119           1.963e+01     
  90.000          85.000           -4.109e+00          -8.757e+00              52.865          -5.933e+00             244.823           2.006e+01     
  90.000          86.000           -3.983e+00          -8.667e+00              52.217          -5.787e+00             243.540           2.055e+01     
  90.000          87.000           -3.862e+00          -8.588e+00              51.634          -5.646e+00             242.269           2.112e+01     
  90.000          88.000           -3.747e+00          -8.520e+00              51.112          -5.507e+00             241.009           2.177e+01     
  90.000          89.000           -3.638e+00          -8.464e+00              50.646          -5.372e+00             239.759           2.252e+01     
  90.000          90.000           -3.534e+00          -8.420e+00              50.234          -5.239e+00             238.518           2.338e+01     
  90.000          91.000           -3.435e+00          -8.387e+00              49.871          -5.109e+00             237.284           2.438e+01     
  90.000          92.000           -3.342e+00          -8.366e+00              49.556          -4.981e+00             236.058           2.556e+01     
  90.000          93.000           -3.253e+00          -8.358e+00              49.285          -4.856e+00             234.839           2.698e+01     
  90.000          94.000           -3.169e+00          -8.362e+00              49.057          -4.734e+00             233.624           2.873e+01     
  90.000          95.000           -3.091e+00          -8.378e+00              48.871          -4.615e+00             232.414           3.099e+01     
  90.000          96.000           -3.017e+00          -8.407e+00              48.723          -4.499e+00             231.206           3.413e+01     
  90.000          97.000           -2.948e+00          -8.449e+00              48.615          -4.386e+00             230.000           3.927e+01     
  90.000          98.000           -2.885e+00          -8.503e+00              48.543          -4.278e+00             228.794           4.000e+01     
  90.000          99.000           -2.827e+00          -8.570e+00              48.510          -4.174e+00             227.587           4.000e+01     
  90.000         100.000           -2.775e+00          -8.649e+00              48.514          -4.074e+00             226.377           3.574e+01     
  90.000         101.000           -2.729e+00          -8.742e+00              48.555          -3.980e+00             225.161           3.181e+01     
  90.000         102.000           -2.688e+00          -8.847e+00              48.634          -3.892e+00             223.937           2.909e+01     
  90.000         103.000           -2.654e+00          -8.966e+00              48.752          -3.811e+00             222.704           2.700e+01     
  90.000         104.000           -2.627e+00          -9.097e+00              48.909          -3.736e+00             221.460           2.530e+01     
  90.000         105.000           -2.607e+00          -9.242e+00              49.106          -3.669e+00             220.200           2.387e+01     
  90.000         106.000           -2.594e+00          -9.400e+00              49.346          -3.610e+00             218.924           2.263e+01     
  90.000         107.000           -2.589e+00          -9.570e+00              49.629          -3.560e+00             217.628           2.153e+01     
  90.000         108.000           -2.592e+00          -9.754e+00              49.957          -3.519e+00             216.310           2.056e+01     
  90.000         109.000           -2.604e+00          -9.951e+00              50.333          -3.488e+00             214.966           1.967e+01     
  90.000         110.000           -2.625e+00          -1.016e+01              50.759          -3.468e+00             213.595           1.887e+01     
  90.000         111.000           -2.656e+00          -1.038e+01              51.237          -3.458e+00             212.193           1.813e+01     
  90.000         112.000           -2.696e+00          -1.062e+01              51.770          -3.459e+00             210.756           1.744e+01     
  90.000         113.000           -2.746e+00          -1.087e+01              52.362          -3.473e+00             209.283           1.681e+01     
  90.000         114.000           -2.807e+00          -1.113e+01              53.014          -3.498e+00             207.769           1.621e+01     
  90.000         115.000           -2.880e+00          -1.141e+01              53.731          -3.537e+00             206.211           1.566e+01     
  90.000         116.000           -2.963e+00          -1.169e+01              54.516          -3.588e+00             204.606           1.514e+01     
  90.000         117.000           -3.059e+00          -1.199e+01              55.371          -3.653e+00             202.951           1.465e+01     
  90.000         118.000           -3.166e+00          -1.230e+01              56.301          -3.731e+00             201.241           1.419e+01     
  90.000         119.000           -3.286e+00          -1.262e+01              57.309          -3.824e+00             199.472           1.376e+01     
  90.000         120.000           -3.418e+00          -1.295e+01              58.398          -3.931e+00             197.641           1.336e+01     
  90.000         121.000           -3.563e+00          -1.330e+01              59.571          -4.052e+00             195.745           1.299e+01     
  90.000         122.000           -3.721e+00          -1.365e+01              60.832          -4.187e+00             193.777           1.264e+01     
  90.000         123.000           -3.893e+00          -1.401e+01              62.182          -4.337e+00             191.734           1.233e+01     
  90.000         124.000           -4.077e+00          -1.438e+01              63.623          -4.502e+00             189.612           1.204e+01     
  90.000         125.000           -4.274e+00          -1.475e+01              65.156          -4.682e+00             187.404           1.178e+01     
  90.000         126.000           -4.485e+00          -1.513e+01              66.781          -4.876e+00             185.107           1.156e+01     
  90.000         127.000           -4.708e+00          -1.552e+01              68.498          -5.084e+00             182.716           1.138e+01     
  90.000         128.000           -4.944e+00          -1.591e+01              70.304          -5.306e+00             180.225           1.123e+01     
  90.000         129.000           -5.192e+00          -1.630e+01              72.194          -5.542e+00             177.628           1.114e+01     
  90.000         130.000           -5.453e+00          -1.670e+01              74.165          -5.791e+00             174.921           1.109e+01     
  90.000         131.000           -5.725e+00          -1.710e+01              76.208          -6.053e+00             172.099           1.110e+01     
  90.000         132.000           -6.008e+00          -1.750e+01              78.311          -6.328e+00             169.155           1.117e+01     
  90.000         133.000           -6.301e+00          -1.789e+01              80.471          -6.613e+00             166.087           1.131e+01     
  90.000         134.000           -6.605e+00          -1.829e+01              82.671          -6.910e+00             162.887           1.153e+01     
  90.000         135.000           -6.917e+00          -1.869e+01              84.897          -7.216e+00             159.553           1.183e+01     
  90.000         136.000           -7.238e+00          -1.909e+01              87.135          -7.531e+00             156.080           1.224e+01     
  90.000         137.000           -7.566e+00          -1.949e+01              89.366          -7.855e+00             152.464           1.275e+01     
  90.000         138.000           -7.902e+00          -1.989e+01              91.574          -8.186e+00             148.702           1.340e+01     
  90.000         139.000           -8.243e+00          -2.030e+01              93.739          -8.523e+00             144.790           1.419e+01     
  90.000         140.000           -8.590e+00          -2.071e+01              95.844          -8.865e+00             140.726           1.516e+01     
  90.000         141.000           -8.943e+00          -2.114e+01              97.869          -9.213e+00             136.504           1.636e+01     
  90.000         142.000           -9.300e+00          -2.158e+01              99.793          -9.565e+00             132.122           1.784e+01     
  90.000         143.000           -9.662e+00          -2.204e+01             101.597          -9.921e+00             127.573           1.972e+01     
  90.000         144.000           -1.003e+01          -2.253e+01             103.256          -1.028e+01             122.850           2.219e+01     
  90.000         145.000           -1.040e+01          -2.304e+01             104.748          -1.064e+01             117.944           2.570e+01     
  90.000         146.000           -1.077e+01          -2.360e+01             106.041          -1.100e+01             112.840           3.159e+01     
  90.000         147.000           -1.115e+01          -2.421e+01             107.102          -1.137e+01             107.521           4.000e+01     
  90.000         148.000           -1.153e+01          -2.487e+01             107.882          -1.173e+01             101.965           3.328e+01     
  90.000         149.000           -1.191e+01          -2.561e+01             108.318          -1.210e+01              96.146           2.739e+01     
  90.000         150.000           -1.228e+01          -2.643e+01             108.321          -1.245e+01              90.031           2.435e+01     
  90.000         151.000           -1.265e+01          -2.736e+01             107.753          -1.280e+01              83.583           2.257e+01     
  90.000         152.000           -1.299e+01          -2.842e+01             106.411          -1.312e+01              76.775           2.161e+01     
  90.000         153.000           -1.331e+01          -2.963e+01             103.955          -1.342e+01              69.575           2.132e+01     
  90.000         154.000           -1.359e+01          -3.103e+01              99.813          -1.367e+01              61.971           2.171e+01     
  90.000         155.000           -1.380e+01          -3.261e+01              93.005          -1.386e+01              53.975           2.284e+01     
  90.000         156.000           -1.393e+01          -3.428e+01              81.937          -1.397e+01              45.635           2.492e+01     
  90.000         157.000           -1.396e+01          -3.566e+01              64.841          -1.399e+01              37.046           2.834e+01     
  90.000         158.000           -1.388e+01          -3.600e+01              42.727          -1.390e+01              28.341           3.424e+01     
  90.000         159.000           -1.367e+01          -3.495e+01              21.810          -1.370e+01              19.684           4.000e+01     
  90.000         160.000           -1.335e+01          -3.314e+01               6.748          -1.339e+01              11.247           4.000e+01     
  90.000         161.000           -1.292e+01          -3.122e+01             357.046          -1.299e+01               3.180           3.779e+01     
  90.000         162.000           -1.241e+01          -2.945e+01             350.833          -1.250e+01             355.594           3.874e+01     
  90.000         163.000           -1.184e+01          -2.787e+01             346.744          -1.195e+01             348.556           4.000e+01     
  90.000         164.000           -1.123e+01          -2.647e+01             343.969          -1.136e+01             342.089           4.000e+01     
  90.000         165.000           -1.060e+01          -2.523e+01             342.035          -1.075e+01             336.183           3.461e+01     
  90.000         166.000           -9.959e+00          -2.411e+01             340.656          -1.013e+01             330.814           2.966e+01     
  90.000         167.000           -9.324e+00          -2.311e+01             339.664          -9.509e+00             325.928           2.644e+01     
  90.000         168.000           -8.701e+00          -2.220e+01             338.940          -8.899e+00             321.482           2.412e+01     
  90.000         169.000           -8.096e+00          -2.137e+01             338.408          -8.306e+00             317.431           2.235e+01     
  90.000         170.000           -7.513e+00          -2.060e+01             338.016          -7.732e+00             313.728           2.096e+01     
  90.000         171.000           -6.955e+00          -1.990e+01             337.724          -7.181e+00             310.334           1.983e+01     
  90.000         172.000           -6.422e+00          -1.925e+01             337.509          -6.655e+00             307.211           1.889e+01     
  90.000         173.000           -5.916e+00          -1.865e+01             337.350          -6.154e+00             304.329           1.811e+01     
  90.000         174.000           -5.437e+00          -1.810e+01             337.232          -5.679e+00             301.657           1.745e+01     
  90.000         175.000           -4.986e+00          -1.758e+01             337.143          -5.232e+00             299.173           1.688e+01     
  90.000         176.000           -4.561e+00          -1.710e+01             337.076          -4.810e+00             296.854           1.639e+01     
  90.000         177.000           -4.163e+00          -1.666e+01             337.023          -4.415e+00             294.681           1.596e+01     
  90.000         178.000           -3.791e+00          -1.625e+01             336.981          -4.045e+00             292.638           1.559e+01     
  90.000         179.000           -3.446e+00          -1.587e+01             336.945          -3.702e+00             290.711           1.525e+01     
  90.000         180.000           -3.125e+00          -1.551e+01             336.910          -3.383e+00             288.889           1.495e+01     
  90.000         181.000           -2.830e+00          -1.519e+01             336.878          -3.090e+00             287.155           1.468e+01     
  90.000         182.000           -2.559e+00          -1.489e+01             336.845          -2.821e+00             285.504           1.443e+01     
  90.000         183.000           -2.313e+00          -1.462e+01             336.810          -2.576e+00             283.925           1.421e+01     
  90.000         184.000           -2.090e+00          -1.437e+01             336.773          -2.355e+00             282.411           1.400e+01     
  90.000         185.000           -1.891e+00          -1.414e+01             336.731          -2.158e+00             280.954           1.381e+01     
  90.000         186.000           -1.715e+00          -1.393e+01             336.687          -1.984e+00             279.548           1.363e+01     
  90.000         187.000           -1.562e+00          -1.375e+01             336.638          -1.833e+00             278.188           1.347e+01     
  90.000         188.000           -1.432e+00          -1.359e+01             336.586          -1.705e+00             276.867           1.331e+01     
  90.000         189.000           -1.324e+00          -1.345e+01             336.530          -1.599e+00             275.581           1.316e+01     
  90.000         190.000           -1.239e+00          -1.333e+01             336.471          -1.516e+00             274.326           1.301e+01     
  90.000         191.000           -1.177e+00          -1.323e+01             336.410          -1.456e+00             273.097           1.287e+01     
  90.000         192.000           -1.136e+00          -1.315e+01             336.348          -1.418e+00             271.890           1.274e+01     
  90.000         193.000           -1.117e+00          -1.309e+01             336.286          -1.402e+00             270.702           1.261e+01     
  90.000         194.000           -1.121e+00          -1.305e+01             336.224          -1.409e+00             269.530           1.248e+01     
  90.000         195.000           -1.147e+00          -1.303e+01             336.163          -1.438e+00             268.371           1.236e+01     
  90.000         196.000           -1.195e+00          -1.303e+01             336.107          -1.489e+00             267.220           1.223e+01     
  90.000         197.000           -1.265e+00          -1.306e+01             336.055          -1.562e+00             266.075           1.211e+01     
  90.000         198.000           -1.357e+00          -1.310e+01             336.009          -1.658e+00             264.933           1.199e+01     
  90.000         199.000           -1.471e+00          -1.316e+01             335.973          -1.776e+00             263.792           1.187e+01     
  90.000         200.000           -1.608e+00          -1.324e+01             335.947          -1.917e+00             262.649           1.176e+01     
  90.000         201.000           -1.767e+00          -1.335e+01             335.935          -2.080e+00             261.500           1.164e+01     
  90.000         202.000           -1.949e+00          -1.348e+01             335.940          -2.266e+00             260.344           1.153e+01     
  90.000         203.000           -2.154e+00          -1.363e+01             335.965          -2.475e+00             259.177           1.142e+01     
  90.000         204.000           -2.383e+00          -1.380e+01             336.015          -2.708e+00             257.997           1.132e+01     
  90.000         205.000           -2.634e+00          -1.400e+01             336.093          -2.963e+00             256.800           1.121e+01     
  90.000         206.000           -2.909e+00          -1.422e+01             336.207          -3.243e+00             255.582           1.112e+01     
  90.000         207.000           -3.208e+00          -1.447e+01             336.361          -3.545e+00             254.341           1.103e+01     
  90.000         208.000           -3.531e+00          -1.475e+01             336.564          -3.872e+00             253.073           1.095e+01     
  90.000         209.000           -3.878e+00          -1.506e+01             336.825          -4.222e+00             251.773           1.088e+01     
  90.000         210.000           -4.250e+00          -1.540e+01             337.156          -4.597e+00             250.439           1.082e+01     
  90.000         211.000           -4.647e+00          -1.577e+01             337.570          -4.995e+00             249.063           1.078e+01     
  90.000         212.000           -5.068e+00          -1.618e+01             338.083          -5.418e+00             247.640           1.077e+01     
  90.000         213.000           -5.515e+00          -1.663e+01             338.718          -5.864e+00             246.165           1.078e+01     
  90.000         214.000           -5.987e+00          -1.712e+01             339.500          -6.334e+00             244.632           1.083e+01     
  90.000         215.000           -6.483e+00          -1.766e+01             340.464          -6.827e+00             243.032           1.092e+01     
  90.000         216.000           -7.004e+00          -1.825e+01             341.654          -7.343e+00             241.358           1.108e+01     
  90.000         217.000           -7.549e+00          -1.890e+01             343.128          -7.880e+00             239.602           1.130e+01     
  90.000         218.000           -8.116e+00          -1.960e+01             344.965          -8.436e+00             237.753           1.163e+01     
  90.000         219.000           -8.705e+00          -2.038e+01             347.269          -9.011e+00             235.803           1.208e+01     
  90.000         220.000           -9.312e+00          -2.122e+01             350.186          -9.601e+00             233.740           1.270e+01     
  90.000         221.000           -9.934e+00          -2.213e+01             353.914          -1.020e+01             231.556           1.356e+01     
  90.000         222.000           -1.057e+01          -2.311e+01             358.721          -1.081e+01             229.240           1.475e+01     
  90.000         223.000           -1.120e+01          -2.412e+01               4.956          -1.143e+01             226.787           1.647e+01     
  90.000         224.000           -1.183e+01          -2.511e+01              13.017          -1.204e+01             224.193           1.910e+01     
  90.000         225.000           -1.244e+01          -2.598e+01              23.211          -1.264e+01             221.460           2.378e+01     
  90.000         226.000           -1.302e+01          -2.655e+01              35.438          -1.322e+01             218.595           3.891e+01     
  90.000         227.000           -1.355e+01          -2.668e+01              48.831          -1.377e+01             215.619           2.615e+01     
  90.000         228.000           -1.402e+01          -2.632e+01              61.908          -1.428e+01             212.561           1.865e+01     
  90.000         229.000           -1.440e+01          -2.557e+01              73.367          -1.474e+01             209.466           1.439e+01     
  90.000         230.000           -1.468e+01          -2.460e+01              82.684          -1.514e+01             206.379           1.138e+01     
  90.000         231.000           -1.485e+01          -2.356e+01              89.975          -1.548e+01             203.367           9.069e+00     
  90.000         232.000           -1.491e+01          -2.252e+01              95.611          -1.573e+01             200.496           7.233e+00     
  90.000         233.000           -1.486e+01          -2.154e+01              99.979          -1.591e+01             197.828           5.766e+00     
  90.000         234.000           -1.472e+01          -2.062e+01             103.396          -1.601e+01             195.418           4.616e+00     
  90.000         235.000           -1.450e+01          -1.976e+01             106.098          -1.603e+01             193.307           3.762e+00     
  90.000         236.000           -1.421e+01          -1.898e+01             108.259          -1.597e+01             191.515           3.189e+00     
  90.000         237.000           -1.387e+01          -1.826e+01             110.008          -1.583e+01             190.044           2.872e+00     
  90.000         238.000           -1.349e+01          -1.760e+01             111.435          -1.563e+01             188.880           2.757e+00     
  90.000         239.000           -1.309e+01          -1.698e+01             112.611          -1.537e+01             187.991           2.773e+00     
  90.000         240.000           -1.267e+01          -1.642e+01             113.587          -1.505e+01             187.339           2.858e+00     
  90.000         241.000           -1.223e+01          -1.589e+01             114.404          -1.468e+01             186.876           2.970e+00     
  90.000         242.000           -1.179e+01          -1.541e+01             115.090          -1.426e+01             186.560           3.088e+00     
  90.000         243.000           -1.134e+01          -1.496e+01             115.671          -1.382e+01             186.346           3.207e+00     
  90.000         244.000           -1.089e+01          -1.454e+01             116.165          -1.334e+01             186.195           3.325e+00     
  90.000         245.000           -1.044e+01          -1.415e+01             116.587          -1.284e+01             186.076           3.449e+00     
  90.000         246.000           -9.990e+00          -1.379e+01             116.950          -1.233e+01             185.964           3.582e+00     
  90.000         247.000           -9.544e+00          -1.346e+01             117.264          -1.181e+01             185.841           3.729e+00     
  90.000         248.000           -9.102e+00          -1.314e+01             117.537          -1.128e+01             185.693           3.894e+00     
  90.000         249.000           -8.664e+00          -1.285e+01             117.776          -1.075e+01             185.513           4.077e+00     
  90.000         250.000           -8.232e+00          -1.257e+01             117.987          -1.022e+01             185.297           4.279e+00     
  90.000         251.000           -7.806e+00          -1.232e+01             118.173          -9.702e+00             185.046           4.499e+00     
  90.000         252.000           -7.387e+00          -1.208e+01             118.340          -9.187e+00             184.760           4.734e+00     
  90.000         253.000           -6.976e+00          -1.186e+01             118.491          -8.682e+00             184.445           4.982e+00     
  90.000         254.000           -6.573e+00          -1.165e+01             118.628          -8.188e+00             184.104           5.241e+00     
  90.000         255.000           -6.178e+00          -1.146e+01             118.754          -7.706e+00             183.744           5.508e+00     
  90.000         256.000           -5.792e+00          -1.127e+01             118.871          -7.237e+00             183.370           5.781e+00     
  90.000         257.000           -5.416e+00          -1.110e+01             118.981          -6.782e+00             182.990           6.056e+00     
  90.000         258.000           -5.049e+00          -1.094e+01             119.085          -6.341e+00             182.610           6.332e+00     
  90.000         259.000           -4.692e+00          -1.079e+01             119.184          -5.915e+00             182.236           6.607e+00     
  90.000         260.000           -4.346e+00          -1.065e+01             119.279          -5.504e+00             181.873           6.878e+00     
  90.000         261.000           -4.010e+00          -1.052e+01             119.372          -5.108e+00             181.530           7.144e+00     
  90.000         262.000           -3.686e+00          -1.040e+01             119.462          -4.727e+00             181.209           7.403e+00     
  90.000         263.000           -3.372e+00          -1.028e+01             119.550          -4.362e+00             180.919           7.654e+00     
  90.000         264.000           -3.070e+00          -1.017e+01             119.638          -4.012e+00             180.662           7.895e+00     
  90.000         265.000           -2.779e+00          -1.006e+01             119.726          -3.678e+00             180.444           8.125e+00     
  90.000         266.000           -2.501e+00          -9.962e+00             119.814          -3.360e+00             180.269           8.342e+00     
  90.000         267.000           -2.235e+00          -9.866e+00             119.903          -3.057e+00             180.142           8.546e+00     
  90.000         268.000           -1.980e+00          -9.774e+00             119.992          -2.770e+00             180.066           8.735e+00     
  90.000         269.000           -1.739e+00          -9.686e+00             120.082          -2.498e+00             180.044           8.909e+00     
  90.000         270.000           -1.509e+00          -9.600e+00             120.175          -2.242e+00             180.081           9.066e+00     
  90.000         271.000           -1.293e+00          -9.518e+00             120.269          -2.001e+00             180.178           9.206e+00     
  90.000         272.000           -1.089e+00          -9.438e+00             120.367          -1.776e+00             180.340           9.328e+00     
  90.000         273.000           -8.977e-01          -9.359e+00             120.467          -1.565e+00             180.568           9.433e+00     
  90.000         274.000           -7.193e-01          -9.283e+00             120.571          -1.370e+00             180.865           9.518e+00     
  90.000         275.000           -5.538e-01          -9.207e+00             120.680          -1.190e+00             181.232           9.585e+00     
  90.000         276.000           -4.010e-01          -9.133e+00             120.795          -1.025e+00             181.673           9.633e+00     
  90.000         277.000           -2.610e-01          -9.060e+00             120.915          -8.750e-01             182.189           9.663e+00     
  90.000         278.000           -1.337e-01          -8.988e+00             121.042          -7.394e-01             182.781           9.674e+00     
  90.000         279.000           -1.886e-02          -8.917e+00             121.177          -6.180e-01             183.451           9.666e+00     
  90.000         280.000            8.356e-02          -8.847e+00             121.321          -5.108e-01             184.201           9.641e+00     
  90.000         281.000            1.737e-01          -8.778e+00             121.475          -4.176e-01             185.030           9.600e+00     
  90.000         282.000            2.519e-01          -8.710e+00             121.639          -3.379e-01             185.942           9.541e+00     
  90.000         283.000            3.182e-01          -8.644e+00             121.816          -2.716e-01             186.934           9.468e+00     
  90.000         284.000            3.730e-01          -8.579e+00             122.006          -2.183e-01             188.010           9.380e+00     
  90.000         285.000            4.165e-01          -8.516e+00             122.209          -1.777e-01             189.167           9.280e+00     
  90.000         286.000            4.489e-01          -8.455e+00             122.429          -1.494e-01             190.407           9.167e+00     
  90.000         287.000            4.707e-01          -8.397e+00             122.664          -1.331e-01             191.729           9.044e+00     
  90.000         288.000            4.821e-01          -8.341e+00             122.917          -1.282e-01             193.132           8.913e+00     
  90.000         289.000            4.835e-01          -8.289e+00             123.189          -1.345e-01             194.615           8.774e+00     
  90.000         290.000            4.752e-01          -8.241e+00             123.481          -1.515e-01             196.176           8.630e+00     
  90.000         291.000            4.576e-01          -8.198e+00             123.793          -1.787e-01             197.813           8.482e+00     
  90.000         292.000            4.308e-01          -8.159e+00             124.128          -2.159e-01             199.524           8.332e+00     
  90.000         293.000            3.953e-01          -8.126e+00             124.485          -2.625e-01             201.306           8.183e+00     
  90.000         294.000            3.512e-01          -8.100e+00             124.865          -3.183e-01             203.155           8.035e+00     
  90.000         295.000            2.988e-01          -8.080e+00             125.271          -3.829e-01             205.068           7.890e+00     
  90.000         296.000            2.383e-01          -8.067e+00             125.702          -4.560e-01             207.040           7.752e+00     
  90.000         297.000            1.696e-01          -8.063e+00             126.160          -5.374e-01             209.066           7.620e+00     
  90.000         298.000            9.292e-02          -8.067e+00             126.646          -6.271e-01             211.142           7.497e+00     
  90.000         299.000            8.123e-03          -8.080e+00             127.160          -7.248e-01             213.261           7.385e+00     
  90.000         300.000           -8.492e-02          -8.104e+00             127.704          -8.307e-01             215.418           7.284e+00     
  90.000         301.000           -1.864e-01          -8.139e+00             128.279          -9.449e-01             217.606           7.195e+00     
  90.000         302.000           -2.967e-01          -8.185e+00             128.885          -1.068e+00             219.819           7.119e+00     
  90.000         303.000           -4.161e-01          -8.243e+00             129.524          -1.199e+00             222.050           7.056e+00     
  90.000         304.000           -5.453e-01          -8.314e+00             130.198          -1.340e+00             224.292           7.007e+00     
  90.000         305.000           -6.848e-01          -8.398e+00             130.908          -1.490e+00             226.539           6.971e+00     
  90.000         306.000           -8.353e-01          -8.497e+00             131.656          -1.651e+00             228.783           6.948e+00     
  90.000         307.000           -9.976e-01          -8.612e+00             132.443          -1.824e+00             231.018           6.936e+00     
  90.000         308.000           -1.173e+00          -8.742e+00             133.272          -2.008e+00             233.237           6.935e+00     
  90.000         309.000           -1.361e+00          -8.888e+00             134.146          -2.206e+00             235.434           6.941e+00     
  90.000         310.000           -1.564e+00          -9.052e+00             135.067          -2.417e+00             237.600           6.955e+00     
  90.000         311.000           -1.783e+00          -9.234e+00             136.038          -2.645e+00             239.730           6.973e+00     
  90.000         312.000           -2.019e+00          -9.435e+00             137.064          -2.888e+00             241.817           6.993e+00     
  90.000         313.000           -2.273e+00          -9.655e+00             138.149          -3.150e+00             243.853           7.013e+00     
  90.000         314.000           -2.547e+00          -9.896e+00             139.298          -3.431e+00             245.830           7.029e+00     
  90.000         315.000           -2.842e+00          -1.016e+01             140.517          -3.733e+00             247.741           7.039e+00     
  90.000         316.000           -3.159e+00          -1.044e+01             141.814          -4.057e+00             249.576           7.040e+00     
  90.000         317.000           -3.499e+00          -1.075e+01             143.195          -4.406e+00             251.325           7.028e+00     
  90.000         318.000           -3.865e+00          -1.108e+01             144.670          -4.780e+00             252.977           7.000e+00     
  90.000         319.000           -4.258e+00          -1.143e+01             146.250          -5.182e+00             254.516           6.953e+00     
  90.000         320.000           -4.679e+00          -1.181e+01             147.948          -5.613e+00             255.928           6.882e+00     
  90.000         321.000           -5.131e+00          -1.222e+01             149.778          -6.076e+00             257.192           6.786e+00     
  90.000         322.000           -5.613e+00          -1.265e+01             151.756          -6.572e+00             258.284           6.660e+00     
  90.000         323.000           -6.129e+00          -1.310e+01             153.900          -7.103e+00             259.174           6.502e+00     
  90.000         324.000           -6.678e+00          -1.358e+01             156.234          -7.670e+00             259.825           6.313e+00     
  90.000         325.000           -7.262e+00          -1.408e+01             158.779          -8.275e+00             260.190           6.094e+00     
  90.000         326.000           -7.879e+00          -1.460e+01             161.564          -8.918e+00             260.214           5.853e+00     
  90.000         327.000           -8.528e+00          -1.514e+01             164.614          -9.597e+00             259.824           5.606e+00     
  90.000         328.000           -9.205e+00          -1.569e+01             167.960          -1.031e+01             258.936           5.386e+00     
  90.000         329.000           -9.903e+00          -1.626e+01             171.628          -1.105e+01             257.446           5.252e+00     
  90.000         330.000           -1.061e+01          -1.682e+01             175.639          -1.180e+01             255.238           5.291e+00     
  90.000         331.000           -1.130e+01          -1.737e+01             180.008          -1.254e+01             252.201           5.626e+00     
  90.000         332.000           -1.196e+01          -1.790e+01             184.729          -1.324e+01             248.235           6.386e+00     
  90.000         333.000           -1.254e+01          -1.840e+01             189.779          -1.385e+01             243.319           7.692e+00     
  90.000         334.000           -1.301e+01          -1.886e+01             195.106          -1.432e+01             237.557           9.683e+00     
  90.000         335.000           -1.332e+01          -1.925e+01             200.629          -1.460e+01             231.220           1.261e+01     
  90.000         336.000           -1.346e+01          -1.959e+01             206.240          -1.467e+01             224.727           1.715e+01     
  90.000         337.000           -1.341e+01          -1.985e+01             211.811          -1.453e+01             218.548           2.615e+01     
  90.000         338.000           -1.321e+01          -2.005e+01             217.212          -1.421e+01             213.071           3.067e+01     
  90.000         339.000           -1.288e+01          -2.019e+01             222.322          -1.377e+01             208.521           2.058e+01     
  90.000         340.000           -1.246e+01          -2.029e+01             227.042          -1.325e+01             204.960           1.693e+01     
  90.000         341.000           -1.200e+01          -2.035e+01             231.297          -1.269e+01             202.340           1.507e+01     
  90.000         342.000           -1.152e+01          -2.041e+01             235.040          -1.213e+01             200.555           1.409e+01     
  90.000         343.000           -1.105e+01          -2.046e+01             238.244          -1.158e+01             199.486           1.364e+01     
  90.000         344.000           -1.058e+01          -2.052e+01             240.892          -1.105e+01             199.015           1.353e+01     
  90.000         345.000           -1.014e+01          -2.060e+01             242.976          -1.055e+01             199.041           1.368e+01     
  90.000         346.000           -9.729e+00          -2.072e+01             244.488          -1.009e+01             199.479           1.402e+01     
  90.000         347.000           -9.342e+00          -2.088e+01             245.406          -9.659e+00             200.256           1.454e+01     
  90.000         348.000           -8.984e+00          -2.107e+01             245.706          -9.261e+00             201.315           1.521e+01     
  90.000         349.000           -8.654e+00          -2.132e+01             245.343          -8.896e+00             202.608           1.606e+01     
  90.000         350.000           -8.350e+00          -2.160e+01             244.254          -8.561e+00             204.096           1.711e+01     
  90.000         351.000           -8.073e+00          -2.193e+01             242.356          -8.255e+00             205.747           1.840e+01     
  90.000         352.000           -7.819e+00          -2.228e+01             239.547          -7.977e+00             207.535           2.005e+01     
  90.000         353.000           -7.588e+00          -2.264e+01             235.715          -7.726e+00             209.437           2.222e+01     
  90.000         354.000           -7.378e+00          -2.297e+01             230.766          -7.500e+00             211.436           2.529e+01     
  90.000         355.000           -7.189e+00          -2.323e+01             224.665          -7.298e+00             213.516           3.042e+01     
  90.000         356.000           -7.018e+00          -2.337e+01             217.506          -7.120e+00             215.665           4.000e+01     
  90.000         357.000           -6.866e+00          -2.332e+01             209.563          -6.965e+00             217.874           3.335e+01     
  90.000         358.000           -6.730e+00          -2.306e+01             201.284          -6.833e+00             220.133           2.623e+01     
  90.000         359.000           -6.611e+00          -2.258e+01             193.187          -6.722e+00             222.438           2.225e+01     
