Theta [deg.]  Phi   [deg.]  Abs(Grlz)[dBi   ]   Abs(Theta)[dBi   ]  Phase(Theta)[deg.]  Abs(Phi  )[dBi   ]  Phase(Phi  )[deg.]  Ax.Ratio[dB    ]    
------------------------------------------------------------------------------------------------------------------------------------------------------
  90.000           0.000           -9.803e+00          -1.560e+01             279.182          -1.113e+01             216.284           6.304e+00     
  90.000           1.000           -9.959e+00          -1.608e+01             274.485          -1.117e+01             218.424           7.558e+00     
  90.000           2.000           -1.015e+01          -1.656e+01             269.139          -1.128e+01             220.578           9.006e+00     
  90.000           3.000           -1.038e+01          -1.699e+01             263.108          -1.145e+01             222.779           1.075e+01     
  90.000           4.000           -1.065e+01          -1.735e+01             256.401          -1.169e+01             225.065           1.300e+01     
  90.000           5.000           -1.094e+01          -1.761e+01             249.094          -1.199e+01             227.477           1.619e+01     
  90.000           6.000           -1.127e+01          -1.775e+01             241.348          -1.237e+01             230.068           2.171e+01     
  90.000           7.000           -1.161e+01          -1.775e+01             233.399          -1.282e+01             232.902           4.000e+01     
  90.000           8.000           -1.196e+01          -1.760e+01             225.517          -1.335e+01             236.066           2.171e+01     
  90.000           9.000           -1.231e+01          -1.731e+01             217.957          -1.397e+01             239.673           1.502e+01     
  90.000          10.000           -1.264e+01          -1.691e+01             210.910          -1.467e+01             243.878           1.092e+01     
  90.000          11.000           -1.291e+01          -1.644e+01             204.484          -1.545e+01             248.890           7.861e+00     
  90.000          12.000           -1.310e+01          -1.591e+01             198.712          -1.631e+01             254.996           5.451e+00     
  90.000          13.000           -1.318e+01          -1.536e+01             193.571          -1.722e+01             262.563           3.778e+00     
  90.000          14.000           -1.313e+01          -1.479e+01             189.009          -1.812e+01             271.998           3.497e+00     
  90.000          15.000           -1.295e+01          -1.424e+01             184.958          -1.887e+01             283.589           4.835e+00     
  90.000          16.000           -1.264e+01          -1.369e+01             181.350          -1.932e+01             297.146           7.092e+00     
  90.000          17.000           -1.223e+01          -1.317e+01             178.121          -1.932e+01             311.666           1.000e+01     
  90.000          18.000           -1.173e+01          -1.267e+01             175.212          -1.883e+01             325.594           1.381e+01     
  90.000          19.000           -1.118e+01          -1.220e+01             172.577          -1.798e+01             337.702           1.953e+01     
  90.000          20.000           -1.061e+01          -1.175e+01             170.173          -1.695e+01             347.579           3.438e+01     
  90.000          21.000           -1.002e+01          -1.133e+01             167.964          -1.588e+01             355.415           2.487e+01     
  90.000          22.000           -9.451e+00          -1.094e+01             165.922          -1.483e+01               1.607           1.809e+01     
  90.000          23.000           -8.895e+00          -1.057e+01             164.020          -1.385e+01               6.538           1.467e+01     
  90.000          24.000           -8.364e+00          -1.022e+01             162.240          -1.295e+01              10.516           1.245e+01     
  90.000          25.000           -7.862e+00          -9.897e+00             160.562          -1.213e+01              13.768           1.085e+01     
  90.000          26.000           -7.391e+00          -9.596e+00             158.972          -1.139e+01              16.459           9.618e+00     
  90.000          27.000           -6.953e+00          -9.316e+00             157.458          -1.072e+01              18.708           8.638e+00     
  90.000          28.000           -6.547e+00          -9.056e+00             156.010          -1.013e+01              20.603           7.835e+00     
  90.000          29.000           -6.175e+00          -8.815e+00             154.618          -9.590e+00              22.205           7.164e+00     
  90.000          30.000           -5.834e+00          -8.593e+00             153.274          -9.112e+00              23.563           6.594e+00     
  90.000          31.000           -5.526e+00          -8.388e+00             151.971          -8.689e+00              24.711           6.103e+00     
  90.000          32.000           -5.248e+00          -8.201e+00             150.704          -8.316e+00              25.675           5.677e+00     
  90.000          33.000           -4.999e+00          -8.029e+00             149.468          -7.990e+00              26.474           5.304e+00     
  90.000          34.000           -4.780e+00          -7.873e+00             148.259          -7.709e+00              27.122           4.974e+00     
  90.000          35.000           -4.589e+00          -7.732e+00             147.071          -7.471e+00              27.629           4.682e+00     
  90.000          36.000           -4.426e+00          -7.605e+00             145.902          -7.273e+00              28.001           4.421e+00     
  90.000          37.000           -4.289e+00          -7.492e+00             144.748          -7.114e+00              28.242           4.188e+00     
  90.000          38.000           -4.177e+00          -7.392e+00             143.606          -6.992e+00              28.352           3.980e+00     
  90.000          39.000           -4.091e+00          -7.305e+00             142.475          -6.907e+00              28.331           3.796e+00     
  90.000          40.000           -4.029e+00          -7.230e+00             141.351          -6.856e+00              28.174           3.634e+00     
  90.000          41.000           -3.990e+00          -7.167e+00             140.233          -6.840e+00              27.877           3.495e+00     
  90.000          42.000           -3.974e+00          -7.115e+00             139.119          -6.857e+00              27.431           3.380e+00     
  90.000          43.000           -3.979e+00          -7.074e+00             138.006          -6.906e+00              26.827           3.291e+00     
  90.000          44.000           -4.004e+00          -7.043e+00             136.894          -6.986e+00              26.051           3.232e+00     
  90.000          45.000           -4.049e+00          -7.022e+00             135.780          -7.097e+00              25.089           3.208e+00     
  90.000          46.000           -4.112e+00          -7.011e+00             134.664          -7.237e+00              23.923           3.224e+00     
  90.000          47.000           -4.192e+00          -7.009e+00             133.543          -7.404e+00              22.532           3.284e+00     
  90.000          48.000           -4.286e+00          -7.016e+00             132.417          -7.597e+00              20.893           3.395e+00     
  90.000          49.000           -4.393e+00          -7.031e+00             131.284          -7.812e+00              18.981           3.561e+00     
  90.000          50.000           -4.511e+00          -7.053e+00             130.145          -8.045e+00              16.767           3.787e+00     
  90.000          51.000           -4.636e+00          -7.083e+00             128.997          -8.292e+00              14.222           4.074e+00     
  90.000          52.000           -4.765e+00          -7.120e+00             127.841          -8.546e+00              11.317           4.427e+00     
  90.000          53.000           -4.895e+00          -7.164e+00             126.675          -8.800e+00               8.029           4.847e+00     
  90.000          54.000           -5.022e+00          -7.213e+00             125.499          -9.042e+00               4.341           5.335e+00     
  90.000          55.000           -5.141e+00          -7.267e+00             124.314          -9.262e+00               0.251           5.893e+00     
  90.000          56.000           -5.248e+00          -7.327e+00             123.118          -9.446e+00             355.774           6.523e+00     
  90.000          57.000           -5.338e+00          -7.391e+00             121.913          -9.580e+00             350.954           7.226e+00     
  90.000          58.000           -5.408e+00          -7.458e+00             120.698          -9.653e+00             345.858           8.005e+00     
  90.000          59.000           -5.452e+00          -7.528e+00             119.474          -9.654e+00             340.583           8.858e+00     
  90.000          60.000           -5.469e+00          -7.602e+00             118.242          -9.579e+00             335.241           9.788e+00     
  90.000          61.000           -5.455e+00          -7.677e+00             117.004          -9.429e+00             329.954           1.079e+01     
  90.000          62.000           -5.409e+00          -7.753e+00             115.760          -9.208e+00             324.831           1.186e+01     
  90.000          63.000           -5.333e+00          -7.830e+00             114.512          -8.926e+00             319.964           1.300e+01     
  90.000          64.000           -5.227e+00          -7.907e+00             113.262          -8.596e+00             315.417           1.419e+01     
  90.000          65.000           -5.095e+00          -7.983e+00             112.013          -8.230e+00             311.227           1.543e+01     
  90.000          66.000           -4.939e+00          -8.059e+00             110.766          -7.842e+00             307.407           1.670e+01     
  90.000          67.000           -4.763e+00          -8.132e+00             109.525          -7.442e+00             303.950           1.798e+01     
  90.000          68.000           -4.572e+00          -8.203e+00             108.294          -7.039e+00             300.838           1.926e+01     
  90.000          69.000           -4.371e+00          -8.272e+00             107.074          -6.642e+00             298.044           2.051e+01     
  90.000          70.000           -4.162e+00          -8.337e+00             105.871          -6.255e+00             295.540           2.170e+01     
  90.000          71.000           -3.951e+00          -8.398e+00             104.686          -5.883e+00             293.295           2.283e+01     
  90.000          72.000           -3.740e+00          -8.455e+00             103.525          -5.529e+00             291.280           2.387e+01     
  90.000          73.000           -3.533e+00          -8.507e+00             102.391          -5.195e+00             289.470           2.479e+01     
  90.000          74.000           -3.331e+00          -8.555e+00             101.287          -4.883e+00             287.838           2.561e+01     
  90.000          75.000           -3.138e+00          -8.597e+00             100.219          -4.592e+00             286.363           2.630e+01     
  90.000          76.000           -2.955e+00          -8.633e+00              99.188          -4.325e+00             285.027           2.688e+01     
  90.000          77.000           -2.784e+00          -8.664e+00              98.200          -4.081e+00             283.811           2.736e+01     
  90.000          78.000           -2.625e+00          -8.689e+00              97.256          -3.860e+00             282.701           2.774e+01     
  90.000          79.000           -2.480e+00          -8.709e+00              96.361          -3.662e+00             281.684           2.805e+01     
  90.000          80.000           -2.349e+00          -8.722e+00              95.516          -3.487e+00             280.748           2.830e+01     
  90.000          81.000           -2.233e+00          -8.730e+00              94.725          -3.335e+00             279.883           2.851e+01     
  90.000          82.000           -2.132e+00          -8.732e+00              93.988          -3.205e+00             279.080           2.870e+01     
  90.000          83.000           -2.047e+00          -8.729e+00              93.307          -3.097e+00             278.332           2.887e+01     
  90.000          84.000           -1.978e+00          -8.720e+00              92.683          -3.011e+00             277.632           2.905e+01     
  90.000          85.000           -1.924e+00          -8.706e+00              92.117          -2.947e+00             276.974           2.924e+01     
  90.000          86.000           -1.887e+00          -8.687e+00              91.609          -2.904e+00             276.352           2.946e+01     
  90.000          87.000           -1.865e+00          -8.664e+00              91.158          -2.883e+00             275.762           2.972e+01     
  90.000          88.000           -1.859e+00          -8.636e+00              90.764          -2.883e+00             275.199           3.003e+01     
  90.000          89.000           -1.868e+00          -8.605e+00              90.426          -2.903e+00             274.660           3.040e+01     
  90.000          90.000           -1.894e+00          -8.570e+00              90.140          -2.945e+00             274.140           3.085e+01     
  90.000          91.000           -1.934e+00          -8.532e+00              89.908          -3.007e+00             273.638           3.140e+01     
  90.000          92.000           -1.990e+00          -8.491e+00              89.726          -3.090e+00             273.151           3.207e+01     
  90.000          93.000           -2.060e+00          -8.447e+00              89.592          -3.194e+00             272.675           3.290e+01     
  90.000          94.000           -2.146e+00          -8.402e+00              89.503          -3.319e+00             272.209           3.395e+01     
  90.000          95.000           -2.245e+00          -8.356e+00              89.457          -3.465e+00             271.749           3.529e+01     
  90.000          96.000           -2.359e+00          -8.309e+00              89.452          -3.632e+00             271.294           3.708e+01     
  90.000          97.000           -2.486e+00          -8.261e+00              89.484          -3.820e+00             270.842           3.962e+01     
  90.000          98.000           -2.626e+00          -8.213e+00              89.552          -4.030e+00             270.390           4.000e+01     
  90.000          99.000           -2.779e+00          -8.167e+00              89.652          -4.261e+00             269.936           4.000e+01     
  90.000         100.000           -2.944e+00          -8.121e+00              89.782          -4.515e+00             269.479           4.000e+01     
  90.000         101.000           -3.120e+00          -8.078e+00              89.940          -4.791e+00             269.015           4.000e+01     
  90.000         102.000           -3.308e+00          -8.037e+00              90.123          -5.090e+00             268.543           3.770e+01     
  90.000         103.000           -3.505e+00          -7.999e+00              90.329          -5.412e+00             268.060           3.444e+01     
  90.000         104.000           -3.712e+00          -7.965e+00              90.558          -5.757e+00             267.563           3.193e+01     
  90.000         105.000           -3.928e+00          -7.935e+00              90.806          -6.128e+00             267.049           2.987e+01     
  90.000         106.000           -4.151e+00          -7.910e+00              91.074          -6.523e+00             266.514           2.811e+01     
  90.000         107.000           -4.381e+00          -7.890e+00              91.358          -6.943e+00             265.954           2.657e+01     
  90.000         108.000           -4.616e+00          -7.877e+00              91.660          -7.390e+00             265.364           2.521e+01     
  90.000         109.000           -4.857e+00          -7.871e+00              91.978          -7.864e+00             264.739           2.398e+01     
  90.000         110.000           -5.101e+00          -7.872e+00              92.311          -8.365e+00             264.071           2.286e+01     
  90.000         111.000           -5.348e+00          -7.881e+00              92.661          -8.895e+00             263.353           2.185e+01     
  90.000         112.000           -5.596e+00          -7.898e+00              93.026          -9.454e+00             262.575           2.092e+01     
  90.000         113.000           -5.846e+00          -7.925e+00              93.409          -1.004e+01             261.726           2.006e+01     
  90.000         114.000           -6.095e+00          -7.962e+00              93.808          -1.066e+01             260.791           1.928e+01     
  90.000         115.000           -6.344e+00          -8.010e+00              94.226          -1.131e+01             259.754           1.856e+01     
  90.000         116.000           -6.591e+00          -8.069e+00              94.664          -1.199e+01             258.594           1.789e+01     
  90.000         117.000           -6.837e+00          -8.139e+00              95.124          -1.270e+01             257.288           1.728e+01     
  90.000         118.000           -7.081e+00          -8.223e+00              95.608          -1.344e+01             255.805           1.672e+01     
  90.000         119.000           -7.324e+00          -8.319e+00              96.118          -1.421e+01             254.112           1.620e+01     
  90.000         120.000           -7.565e+00          -8.429e+00              96.657          -1.500e+01             252.167           1.572e+01     
  90.000         121.000           -7.805e+00          -8.554e+00              97.229          -1.581e+01             249.925           1.527e+01     
  90.000         122.000           -8.046e+00          -8.694e+00              97.838          -1.663e+01             247.338           1.484e+01     
  90.000         123.000           -8.288e+00          -8.851e+00              98.488          -1.744e+01             244.357           1.443e+01     
  90.000         124.000           -8.532e+00          -9.024e+00              99.184          -1.824e+01             240.943           1.403e+01     
  90.000         125.000           -8.780e+00          -9.215e+00              99.932          -1.899e+01             237.079           1.363e+01     
  90.000         126.000           -9.033e+00          -9.424e+00             100.739          -1.968e+01             232.783           1.322e+01     
  90.000         127.000           -9.291e+00          -9.653e+00             101.613          -2.027e+01             228.130           1.280e+01     
  90.000         128.000           -9.557e+00          -9.901e+00             102.562          -2.074e+01             223.250           1.235e+01     
  90.000         129.000           -9.831e+00          -1.017e+01             103.598          -2.107e+01             218.365           1.187e+01     
  90.000         130.000           -1.011e+01          -1.046e+01             104.731          -2.124e+01             213.695           1.135e+01     
  90.000         131.000           -1.041e+01          -1.078e+01             105.977          -2.127e+01             209.456           1.078e+01     
  90.000         132.000           -1.071e+01          -1.111e+01             107.351          -2.116e+01             205.819           1.016e+01     
  90.000         133.000           -1.101e+01          -1.148e+01             108.872          -2.095e+01             202.879           9.495e+00     
  90.000         134.000           -1.132e+01          -1.186e+01             110.564          -2.064e+01             200.660           8.772e+00     
  90.000         135.000           -1.164e+01          -1.228e+01             112.453          -2.026e+01             199.129           8.000e+00     
  90.000         136.000           -1.194e+01          -1.271e+01             114.569          -1.982e+01             198.214           7.184e+00     
  90.000         137.000           -1.224e+01          -1.318e+01             116.950          -1.934e+01             197.822           6.342e+00     
  90.000         138.000           -1.251e+01          -1.366e+01             119.638          -1.882e+01             197.853           5.501e+00     
  90.000         139.000           -1.274e+01          -1.417e+01             122.682          -1.828e+01             198.210           4.714e+00     
  90.000         140.000           -1.294e+01          -1.469e+01             126.135          -1.772e+01             198.801           4.075e+00     
  90.000         141.000           -1.306e+01          -1.522e+01             130.055          -1.715e+01             199.547           3.739e+00     
  90.000         142.000           -1.312e+01          -1.574e+01             134.499          -1.656e+01             200.381           3.862e+00     
  90.000         143.000           -1.310e+01          -1.625e+01             139.517          -1.597e+01             201.245           4.481e+00     
  90.000         144.000           -1.299e+01          -1.673e+01             145.137          -1.538e+01             202.104           5.498e+00     
  90.000         145.000           -1.280e+01          -1.714e+01             151.351          -1.480e+01             202.922           6.807e+00     
  90.000         146.000           -1.254e+01          -1.747e+01             158.095          -1.422e+01             203.676           8.352e+00     
  90.000         147.000           -1.221e+01          -1.769e+01             165.242          -1.366e+01             204.351           1.012e+01     
  90.000         148.000           -1.183e+01          -1.778e+01             172.604          -1.310e+01             204.935           1.215e+01     
  90.000         149.000           -1.142e+01          -1.775e+01             179.957          -1.257e+01             205.425           1.451e+01     
  90.000         150.000           -1.098e+01          -1.759e+01             187.082          -1.205e+01             205.818           1.739e+01     
  90.000         151.000           -1.053e+01          -1.733e+01             193.802          -1.155e+01             206.113           2.117e+01     
  90.000         152.000           -1.008e+01          -1.699e+01             200.000          -1.107e+01             206.314           2.706e+01     
  90.000         153.000           -9.638e+00          -1.660e+01             205.628          -1.061e+01             206.421           4.000e+01     
  90.000         154.000           -9.203e+00          -1.617e+01             210.683          -1.018e+01             206.440           3.055e+01     
  90.000         155.000           -8.783e+00          -1.573e+01             215.201          -9.762e+00             206.373           2.418e+01     
  90.000         156.000           -8.380e+00          -1.530e+01             219.233          -9.368e+00             206.224           2.078e+01     
  90.000         157.000           -7.996e+00          -1.487e+01             222.836          -8.996e+00             205.997           1.851e+01     
  90.000         158.000           -7.633e+00          -1.446e+01             226.068          -8.645e+00             205.695           1.682e+01     
  90.000         159.000           -7.291e+00          -1.407e+01             228.982          -8.315e+00             205.323           1.549e+01     
  90.000         160.000           -6.970e+00          -1.370e+01             231.625          -8.006e+00             204.882           1.439e+01     
  90.000         161.000           -6.671e+00          -1.336e+01             234.039          -7.718e+00             204.377           1.347e+01     
  90.000         162.000           -6.394e+00          -1.305e+01             236.259          -7.451e+00             203.808           1.266e+01     
  90.000         163.000           -6.139e+00          -1.276e+01             238.317          -7.204e+00             203.179           1.195e+01     
  90.000         164.000           -5.905e+00          -1.250e+01             240.235          -6.978e+00             202.491           1.132e+01     
  90.000         165.000           -5.692e+00          -1.227e+01             242.038          -6.770e+00             201.747           1.074e+01     
  90.000         166.000           -5.500e+00          -1.206e+01             243.744          -6.583e+00             200.947           1.021e+01     
  90.000         167.000           -5.328e+00          -1.188e+01             245.369          -6.414e+00             200.092           9.725e+00     
  90.000         168.000           -5.176e+00          -1.172e+01             246.927          -6.265e+00             199.184           9.274e+00     
  90.000         169.000           -5.044e+00          -1.158e+01             248.430          -6.134e+00             198.223           8.852e+00     
  90.000         170.000           -4.932e+00          -1.147e+01             249.887          -6.022e+00             197.210           8.457e+00     
  90.000         171.000           -4.838e+00          -1.137e+01             251.309          -5.929e+00             196.143           8.087e+00     
  90.000         172.000           -4.764e+00          -1.130e+01             252.702          -5.854e+00             195.024           7.740e+00     
  90.000         173.000           -4.709e+00          -1.125e+01             254.075          -5.797e+00             193.852           7.415e+00     
  90.000         174.000           -4.672e+00          -1.122e+01             255.432          -5.758e+00             192.625           7.111e+00     
  90.000         175.000           -4.653e+00          -1.121e+01             256.780          -5.737e+00             191.343           6.830e+00     
  90.000         176.000           -4.653e+00          -1.122e+01             258.124          -5.734e+00             190.005           6.571e+00     
  90.000         177.000           -4.671e+00          -1.125e+01             259.467          -5.749e+00             188.607           6.337e+00     
  90.000         178.000           -4.708e+00          -1.130e+01             260.816          -5.782e+00             187.150           6.129e+00     
  90.000         179.000           -4.762e+00          -1.137e+01             262.173          -5.833e+00             185.628           5.950e+00     
  90.000         180.000           -4.834e+00          -1.145e+01             263.542          -5.902e+00             184.040           5.804e+00     
  90.000         181.000           -4.925e+00          -1.155e+01             264.926          -5.989e+00             182.382           5.694e+00     
  90.000         182.000           -5.034e+00          -1.168e+01             266.330          -6.094e+00             180.650           5.625e+00     
  90.000         183.000           -5.161e+00          -1.182e+01             267.757          -6.218e+00             178.838           5.601e+00     
  90.000         184.000           -5.306e+00          -1.197e+01             269.210          -6.359e+00             176.942           5.627e+00     
  90.000         185.000           -5.469e+00          -1.215e+01             270.694          -6.519e+00             174.953           5.709e+00     
  90.000         186.000           -5.651e+00          -1.235e+01             272.211          -6.696e+00             172.866           5.852e+00     
  90.000         187.000           -5.851e+00          -1.256e+01             273.767          -6.892e+00             170.671           6.060e+00     
  90.000         188.000           -6.069e+00          -1.280e+01             275.366          -7.105e+00             168.360           6.340e+00     
  90.000         189.000           -6.305e+00          -1.305e+01             277.013          -7.336e+00             165.921           6.698e+00     
  90.000         190.000           -6.558e+00          -1.333e+01             278.714          -7.584e+00             163.343           7.143e+00     
  90.000         191.000           -6.828e+00          -1.362e+01             280.477          -7.847e+00             160.613           7.685e+00     
  90.000         192.000           -7.115e+00          -1.394e+01             282.308          -8.126e+00             157.717           8.340e+00     
  90.000         193.000           -7.417e+00          -1.428e+01             284.219          -8.417e+00             154.639           9.127e+00     
  90.000         194.000           -7.732e+00          -1.465e+01             286.219          -8.720e+00             151.364           1.008e+01     
  90.000         195.000           -8.060e+00          -1.504e+01             288.322          -9.032e+00             147.877           1.124e+01     
  90.000         196.000           -8.396e+00          -1.545e+01             290.544          -9.349e+00             144.163           1.269e+01     
  90.000         197.000           -8.738e+00          -1.589e+01             292.905          -9.667e+00             140.208           1.455e+01     
  90.000         198.000           -9.082e+00          -1.636e+01             295.429          -9.982e+00             136.002           1.710e+01     
  90.000         199.000           -9.423e+00          -1.686e+01             298.144          -1.029e+01             131.544           2.093e+01     
  90.000         200.000           -9.755e+00          -1.739e+01             301.086          -1.058e+01             126.836           2.843e+01     
  90.000         201.000           -1.007e+01          -1.795e+01             304.299          -1.084e+01             121.892           3.618e+01     
  90.000         202.000           -1.036e+01          -1.854e+01             307.837          -1.108e+01             116.737           2.316e+01     
  90.000         203.000           -1.063e+01          -1.915e+01             311.762          -1.128e+01             111.408           1.823e+01     
  90.000         204.000           -1.085e+01          -1.979e+01             316.152          -1.145e+01             105.957           1.525e+01     
  90.000         205.000           -1.104e+01          -2.044e+01             321.095          -1.156e+01             100.441           1.326e+01     
  90.000         206.000           -1.117e+01          -2.110e+01             326.686          -1.164e+01              94.925           1.195e+01     
  90.000         207.000           -1.126e+01          -2.174e+01             333.017          -1.167e+01              89.474           1.121e+01     
  90.000         208.000           -1.131e+01          -2.233e+01             340.154          -1.166e+01              84.147           1.098e+01     
  90.000         209.000           -1.131e+01          -2.284e+01             348.104          -1.162e+01              78.995           1.122e+01     
  90.000         210.000           -1.128e+01          -2.323e+01             356.774          -1.156e+01              74.056           1.191e+01     
  90.000         211.000           -1.121e+01          -2.345e+01               5.942          -1.148e+01              69.356           1.305e+01     
  90.000         212.000           -1.113e+01          -2.348e+01              15.273          -1.139e+01              64.908           1.468e+01     
  90.000         213.000           -1.104e+01          -2.333e+01              24.385          -1.131e+01              60.714           1.692e+01     
  90.000         214.000           -1.095e+01          -2.301e+01              32.943          -1.123e+01              56.768           2.013e+01     
  90.000         215.000           -1.086e+01          -2.257e+01              40.730          -1.116e+01              53.059           2.540e+01     
  90.000         216.000           -1.078e+01          -2.205e+01              47.654          -1.112e+01              49.569           4.000e+01     
  90.000         217.000           -1.072e+01          -2.148e+01              53.726          -1.110e+01              46.277           2.887e+01     
  90.000         218.000           -1.069e+01          -2.090e+01              59.016          -1.112e+01              43.164           2.186e+01     
  90.000         219.000           -1.068e+01          -2.032e+01              63.610          -1.118e+01              40.204           1.802e+01     
  90.000         220.000           -1.070e+01          -1.975e+01              67.608          -1.127e+01              37.372           1.534e+01     
  90.000         221.000           -1.075e+01          -1.921e+01              71.096          -1.142e+01              34.641           1.324e+01     
  90.000         222.000           -1.085e+01          -1.869e+01              74.153          -1.163e+01              31.981           1.149e+01     
  90.000         223.000           -1.098e+01          -1.821e+01              76.843          -1.189e+01              29.360           9.954e+00     
  90.000         224.000           -1.116e+01          -1.776e+01              79.220          -1.223e+01              26.738           8.548e+00     
  90.000         225.000           -1.138e+01          -1.733e+01              81.328          -1.265e+01              24.065           7.220e+00     
  90.000         226.000           -1.164e+01          -1.693e+01              83.203          -1.316e+01              21.278           5.928e+00     
  90.000         227.000           -1.194e+01          -1.656e+01              84.876          -1.378e+01              18.288           4.642e+00     
  90.000         228.000           -1.228e+01          -1.622e+01              86.369          -1.453e+01              14.966           3.347e+00     
  90.000         229.000           -1.265e+01          -1.590e+01              87.705          -1.544e+01              11.114           2.105e+00     
  90.000         230.000           -1.304e+01          -1.561e+01              88.899          -1.653e+01               6.404           1.473e+00     
  90.000         231.000           -1.341e+01          -1.533e+01              89.966          -1.786e+01               0.272           2.532e+00     
  90.000         232.000           -1.373e+01          -1.508e+01              90.918          -1.946e+01             351.679           4.616e+00     
  90.000         233.000           -1.395e+01          -1.484e+01              91.767          -2.127e+01             338.692           7.512e+00     
  90.000         234.000           -1.403e+01          -1.463e+01              92.518          -2.292e+01             318.538           1.180e+01     
  90.000         235.000           -1.391e+01          -1.443e+01              93.181          -2.339e+01             291.197           2.011e+01     
  90.000         236.000           -1.357e+01          -1.424e+01              93.762          -2.204e+01             265.219           2.567e+01     
  90.000         237.000           -1.304e+01          -1.407e+01              94.268          -1.981e+01             247.256           1.433e+01     
  90.000         238.000           -1.236e+01          -1.391e+01              94.704          -1.757e+01             235.903           9.999e+00     
  90.000         239.000           -1.156e+01          -1.377e+01              95.075          -1.557e+01             228.469           7.582e+00     
  90.000         240.000           -1.072e+01          -1.363e+01              95.385          -1.382e+01             223.299           6.223e+00     
  90.000         241.000           -9.852e+00          -1.351e+01              95.641          -1.230e+01             219.506           5.612e+00     
  90.000         242.000           -8.995e+00          -1.340e+01              95.844          -1.095e+01             216.601           5.535e+00     
  90.000         243.000           -8.163e+00          -1.329e+01              96.001          -9.757e+00             214.302           5.796e+00     
  90.000         244.000           -7.366e+00          -1.319e+01              96.114          -8.682e+00             212.437           6.242e+00     
  90.000         245.000           -6.608e+00          -1.310e+01              96.189          -7.711e+00             210.895           6.772e+00     
  90.000         246.000           -5.891e+00          -1.302e+01              96.229          -6.827e+00             209.603           7.330e+00     
  90.000         247.000           -5.216e+00          -1.294e+01              96.239          -6.020e+00             208.509           7.889e+00     
  90.000         248.000           -4.581e+00          -1.286e+01              96.222          -5.280e+00             207.578           8.431e+00     
  90.000         249.000           -3.986e+00          -1.279e+01              96.183          -4.599e+00             206.783           8.949e+00     
  90.000         250.000           -3.429e+00          -1.272e+01              96.127          -3.972e+00             206.103           9.439e+00     
  90.000         251.000           -2.907e+00          -1.266e+01              96.057          -3.394e+00             205.525           9.900e+00     
  90.000         252.000           -2.421e+00          -1.259e+01              95.978          -2.860e+00             205.035           1.033e+01     
  90.000         253.000           -1.968e+00          -1.253e+01              95.895          -2.367e+00             204.626           1.073e+01     
  90.000         254.000           -1.546e+00          -1.247e+01              95.812          -1.912e+00             204.289           1.110e+01     
  90.000         255.000           -1.155e+00          -1.241e+01              95.733          -1.492e+00             204.018           1.145e+01     
  90.000         256.000           -7.925e-01          -1.236e+01              95.662          -1.107e+00             203.810           1.176e+01     
  90.000         257.000           -4.584e-01          -1.230e+01              95.603          -7.522e-01             203.660           1.205e+01     
  90.000         258.000           -1.513e-01          -1.225e+01              95.560          -4.280e-01             203.566           1.231e+01     
  90.000         259.000            1.297e-01          -1.219e+01              95.537          -1.326e-01             203.524           1.255e+01     
  90.000         260.000            3.854e-01          -1.214e+01              95.537           1.353e-01             203.533           1.276e+01     
  90.000         261.000            6.164e-01          -1.208e+01              95.563           3.766e-01             203.592           1.295e+01     
  90.000         262.000            8.233e-01          -1.203e+01              95.618           5.921e-01             203.699           1.311e+01     
  90.000         263.000            1.007e+00          -1.198e+01              95.703           7.827e-01             203.854           1.325e+01     
  90.000         264.000            1.167e+00          -1.193e+01              95.822           9.488e-01             204.056           1.337e+01     
  90.000         265.000            1.305e+00          -1.188e+01              95.975           1.091e+00             204.305           1.347e+01     
  90.000         266.000            1.420e+00          -1.183e+01              96.165           1.210e+00             204.602           1.354e+01     
  90.000         267.000            1.514e+00          -1.179e+01              96.392           1.306e+00             204.946           1.360e+01     
  90.000         268.000            1.585e+00          -1.174e+01              96.656           1.379e+00             205.338           1.364e+01     
  90.000         269.000            1.635e+00          -1.170e+01              96.959           1.429e+00             205.780           1.365e+01     
  90.000         270.000            1.664e+00          -1.166e+01              97.299           1.457e+00             206.272           1.365e+01     
  90.000         271.000            1.671e+00          -1.163e+01              97.677           1.463e+00             206.818           1.363e+01     
  90.000         272.000            1.656e+00          -1.160e+01              98.092           1.446e+00             207.417           1.360e+01     
  90.000         273.000            1.619e+00          -1.158e+01              98.544           1.406e+00             208.073           1.355e+01     
  90.000         274.000            1.561e+00          -1.156e+01              99.030           1.344e+00             208.788           1.348e+01     
  90.000         275.000            1.482e+00          -1.154e+01              99.550           1.260e+00             209.566           1.340e+01     
  90.000         276.000            1.380e+00          -1.153e+01             100.102           1.152e+00             210.411           1.330e+01     
  90.000         277.000            1.256e+00          -1.153e+01             100.686           1.021e+00             211.327           1.319e+01     
  90.000         278.000            1.109e+00          -1.154e+01             101.298           8.662e-01             212.319           1.307e+01     
  90.000         279.000            9.396e-01          -1.155e+01             101.937           6.876e-01             213.393           1.293e+01     
  90.000         280.000            7.470e-01          -1.157e+01             102.601           4.846e-01             214.556           1.279e+01     
  90.000         281.000            5.308e-01          -1.160e+01             103.289           2.567e-01             215.817           1.264e+01     
  90.000         282.000            2.908e-01          -1.164e+01             103.998           3.386e-03             217.185           1.248e+01     
  90.000         283.000            2.650e-02          -1.170e+01             104.726          -2.758e-01             218.672           1.231e+01     
  90.000         284.000           -2.624e-01          -1.176e+01             105.472          -5.813e-01             220.289           1.215e+01     
  90.000         285.000           -5.762e-01          -1.184e+01             106.233          -9.137e-01             222.053           1.198e+01     
  90.000         286.000           -9.150e-01          -1.193e+01             107.008          -1.273e+00             223.981           1.182e+01     
  90.000         287.000           -1.279e+00          -1.203e+01             107.794          -1.660e+00             226.095           1.167e+01     
  90.000         288.000           -1.667e+00          -1.216e+01             108.590          -2.074e+00             228.418           1.154e+01     
  90.000         289.000           -2.080e+00          -1.229e+01             109.394          -2.515e+00             230.980           1.144e+01     
  90.000         290.000           -2.516e+00          -1.245e+01             110.205          -2.981e+00             233.814           1.138e+01     
  90.000         291.000           -2.973e+00          -1.263e+01             111.021          -3.470e+00             236.957           1.138e+01     
  90.000         292.000           -3.448e+00          -1.283e+01             111.841          -3.980e+00             240.451           1.145e+01     
  90.000         293.000           -3.936e+00          -1.305e+01             112.663          -4.505e+00             244.343           1.164e+01     
  90.000         294.000           -4.433e+00          -1.330e+01             113.487          -5.037e+00             248.680           1.198e+01     
  90.000         295.000           -4.929e+00          -1.358e+01             114.311          -5.567e+00             253.505           1.251e+01     
  90.000         296.000           -5.414e+00          -1.388e+01             115.136          -6.080e+00             258.854           1.330e+01     
  90.000         297.000           -5.875e+00          -1.423e+01             115.960          -6.561e+00             264.742           1.444e+01     
  90.000         298.000           -6.296e+00          -1.461e+01             116.784          -6.989e+00             271.148           1.607e+01     
  90.000         299.000           -6.660e+00          -1.503e+01             117.607          -7.343e+00             278.010           1.842e+01     
  90.000         300.000           -6.952e+00          -1.550e+01             118.431          -7.605e+00             285.214           2.197e+01     
  90.000         301.000           -7.159e+00          -1.603e+01             119.256          -7.762e+00             292.599           2.818e+01     
  90.000         302.000           -7.275e+00          -1.662e+01             120.085          -7.811e+00             299.982           4.000e+01     
  90.000         303.000           -7.299e+00          -1.729e+01             120.921          -7.758e+00             307.179           2.969e+01     
  90.000         304.000           -7.240e+00          -1.804e+01             121.769          -7.617e+00             314.039           2.460e+01     
  90.000         305.000           -7.110e+00          -1.890e+01             122.638          -7.407e+00             320.458           2.232e+01     
  90.000         306.000           -6.926e+00          -1.989e+01             123.542          -7.151e+00             326.384           2.135e+01     
  90.000         307.000           -6.704e+00          -2.105e+01             124.501          -6.866e+00             331.805           2.122e+01     
  90.000         308.000           -6.460e+00          -2.244e+01             125.552          -6.571e+00             336.741           2.174e+01     
  90.000         309.000           -6.208e+00          -2.413e+01             126.775          -6.279e+00             341.230           2.289e+01     
  90.000         310.000           -5.959e+00          -2.629e+01             128.330          -5.999e+00             345.318           2.476e+01     
  90.000         311.000           -5.720e+00          -2.924e+01             130.654          -5.740e+00             349.053           2.766e+01     
  90.000         312.000           -5.499e+00          -3.381e+01             135.407          -5.505e+00             352.481           3.271e+01     
  90.000         313.000           -5.298e+00          -4.352e+01             158.429          -5.299e+00             355.645           4.000e+01     
  90.000         314.000           -5.123e+00          -4.027e+01             284.629          -5.124e+00             358.582           3.549e+01     
  90.000         315.000           -4.974e+00          -3.239e+01             298.292          -4.982e+00               1.327           2.841e+01     
  90.000         316.000           -4.853e+00          -2.824e+01             302.074          -4.873e+00               3.908           2.447e+01     
  90.000         317.000           -4.762e+00          -2.543e+01             304.028          -4.799e+00               6.352           2.170e+01     
  90.000         318.000           -4.700e+00          -2.331e+01             305.321          -4.760e+00               8.680           1.955e+01     
  90.000         319.000           -4.668e+00          -2.162e+01             306.292          -4.756e+00              10.913           1.778e+01     
  90.000         320.000           -4.666e+00          -2.021e+01             307.076          -4.789e+00              13.069           1.625e+01     
  90.000         321.000           -4.694e+00          -1.902e+01             307.737          -4.858e+00              15.163           1.490e+01     
  90.000         322.000           -4.752e+00          -1.798e+01             308.309          -4.963e+00              17.211           1.368e+01     
  90.000         323.000           -4.839e+00          -1.707e+01             308.809          -5.107e+00              19.225           1.255e+01     
  90.000         324.000           -4.957e+00          -1.627e+01             309.252          -5.290e+00              21.223           1.149e+01     
  90.000         325.000           -5.103e+00          -1.556e+01             309.645          -5.512e+00              23.217           1.049e+01     
  90.000         326.000           -5.278e+00          -1.492e+01             309.991          -5.776e+00              25.220           9.518e+00     
  90.000         327.000           -5.480e+00          -1.435e+01             310.295          -6.083e+00              27.250           8.575e+00     
  90.000         328.000           -5.710e+00          -1.384e+01             310.557          -6.435e+00              29.324           7.648e+00     
  90.000         329.000           -5.966e+00          -1.338e+01             310.780          -6.835e+00              31.460           6.728e+00     
  90.000         330.000           -6.247e+00          -1.297e+01             310.963          -7.285e+00              33.684           5.808e+00     
  90.000         331.000           -6.551e+00          -1.260e+01             311.106          -7.790e+00              36.022           4.883e+00     
  90.000         332.000           -6.875e+00          -1.228e+01             311.210          -8.352e+00              38.512           3.949e+00     
  90.000         333.000           -7.217e+00          -1.199e+01             311.272          -8.977e+00              41.198           3.013e+00     
  90.000         334.000           -7.572e+00          -1.174e+01             311.293          -9.670e+00              44.139           2.113e+00     
  90.000         335.000           -7.934e+00          -1.152e+01             311.271          -1.044e+01              47.414           1.430e+00     
  90.000         336.000           -8.299e+00          -1.133e+01             311.203          -1.128e+01              51.129           1.513e+00     
  90.000         337.000           -8.657e+00          -1.118e+01             311.089          -1.222e+01              55.433           2.435e+00     
  90.000         338.000           -9.001e+00          -1.106e+01             310.925          -1.324e+01              60.529           3.762e+00     
  90.000         339.000           -9.321e+00          -1.096e+01             310.710          -1.434e+01              66.703           5.379e+00     
  90.000         340.000           -9.607e+00          -1.090e+01             310.439          -1.551e+01              74.334           7.340e+00     
  90.000         341.000           -9.850e+00          -1.086e+01             310.110          -1.669e+01              83.883           9.808e+00     
  90.000         342.000           -1.004e+01          -1.085e+01             309.718          -1.775e+01              95.752           1.316e+01     
  90.000         343.000           -1.018e+01          -1.087e+01             309.258          -1.853e+01             109.913           1.851e+01     
  90.000         344.000           -1.027e+01          -1.092e+01             308.726          -1.884e+01             125.456           3.410e+01     
  90.000         345.000           -1.030e+01          -1.099e+01             308.114          -1.861e+01             140.663           2.221e+01     
  90.000         346.000           -1.028e+01          -1.110e+01             307.416          -1.797e+01             154.030           1.522e+01     
  90.000         347.000           -1.023e+01          -1.123e+01             306.623          -1.712e+01             165.002           1.142e+01     
  90.000         348.000           -1.015e+01          -1.139e+01             305.724          -1.621e+01             173.769           8.790e+00     
  90.000         349.000           -1.005e+01          -1.158e+01             304.709          -1.534e+01             180.786           6.773e+00     
  90.000         350.000           -9.944e+00          -1.180e+01             303.563          -1.454e+01             186.490           5.130e+00     
  90.000         351.000           -9.836e+00          -1.204e+01             302.269          -1.383e+01             191.229           3.741e+00     
  90.000         352.000           -9.737e+00          -1.232e+01             300.809          -1.322e+01             195.255           2.553e+00     
  90.000         353.000           -9.652e+00          -1.263e+01             299.158          -1.269e+01             198.751           1.587e+00     
  90.000         354.000           -9.587e+00          -1.297e+01             297.290          -1.225e+01             201.851           1.099e+00     
  90.000         355.000           -9.546e+00          -1.335e+01             295.171          -1.189e+01             204.653           1.461e+00     
  90.000         356.000           -9.533e+00          -1.375e+01             292.762          -1.160e+01             207.229           2.254e+00     
  90.000         357.000           -9.550e+00          -1.418e+01             290.016          -1.138e+01             209.637           3.167e+00     
  90.000         358.000           -9.600e+00          -1.463e+01             286.880          -1.123e+01             211.924           4.141e+00     
  90.000         359.000           -9.684e+00          -1.511e+01             283.291          -1.115e+01             214.128           5.178e+00     
