Theta [deg.]  Phi   [deg.]  Abs(Grlz)[dBi   ]   Abs(Theta)[dBi   ]  Phase(Theta)[deg.]  Abs(Phi  )[dBi   ]  Phase(Phi  )[deg.]  Ax.Ratio[dB    ]    
------------------------------------------------------------------------------------------------------------------------------------------------------
  90.000           0.000           -2.298e+00          -1.648e+01             238.205          -2.468e+00             151.259           1.402e+01     
  90.000           1.000           -1.798e+00          -1.581e+01             235.172          -1.974e+00             148.960           1.385e+01     
  90.000           2.000           -1.327e+00          -1.525e+01             232.530          -1.506e+00             147.090           1.377e+01     
  90.000           3.000           -8.902e-01          -1.479e+01             230.147          -1.071e+00             145.601           1.377e+01     
  90.000           4.000           -4.917e-01          -1.443e+01             227.928          -6.707e-01             144.449           1.382e+01     
  90.000           5.000           -1.327e-01          -1.415e+01             225.799          -3.084e-01             143.595           1.393e+01     
  90.000           6.000            1.861e-01          -1.394e+01             223.701           1.496e-02             143.005           1.408e+01     
  90.000           7.000            4.646e-01          -1.381e+01             221.584           2.991e-01             142.652           1.428e+01     
  90.000           8.000            7.031e-01          -1.374e+01             219.401           5.441e-01             142.515           1.453e+01     
  90.000           9.000            9.024e-01          -1.373e+01             217.108           7.504e-01             142.576           1.483e+01     
  90.000          10.000            1.063e+00          -1.378e+01             214.660           9.186e-01             142.822           1.517e+01     
  90.000          11.000            1.187e+00          -1.389e+01             212.007           1.050e+00             143.243           1.559e+01     
  90.000          12.000            1.274e+00          -1.404e+01             209.097           1.144e+00             143.834           1.607e+01     
  90.000          13.000            1.325e+00          -1.424e+01             205.872           1.203e+00             144.591           1.665e+01     
  90.000          14.000            1.343e+00          -1.449e+01             202.267           1.228e+00             145.512           1.734e+01     
  90.000          15.000            1.328e+00          -1.476e+01             198.213           1.220e+00             146.600           1.818e+01     
  90.000          16.000            1.282e+00          -1.505e+01             193.638           1.180e+00             147.857           1.922e+01     
  90.000          17.000            1.207e+00          -1.534e+01             188.479           1.110e+00             149.291           2.055e+01     
  90.000          18.000            1.105e+00          -1.561e+01             182.691           1.011e+00             150.908           2.232e+01     
  90.000          19.000            9.779e-01          -1.583e+01             176.266           8.863e-01             152.717           2.484e+01     
  90.000          20.000            8.293e-01          -1.598e+01             169.257           7.377e-01             154.728           2.890e+01     
  90.000          21.000            6.625e-01          -1.602e+01             161.797           5.682e-01             156.950           3.824e+01     
  90.000          22.000            4.818e-01          -1.593e+01             154.093           3.815e-01             159.395           3.720e+01     
  90.000          23.000            2.921e-01          -1.571e+01             146.400           1.817e-01             162.071           2.747e+01     
  90.000          24.000            9.905e-02          -1.536e+01             138.972          -2.630e-02             164.983           2.270e+01     
  90.000          25.000           -9.111e-02          -1.490e+01             132.016          -2.370e-01             168.134           1.945e+01     
  90.000          26.000           -2.715e-01          -1.436e+01             125.662          -4.442e-01             171.519           1.697e+01     
  90.000          27.000           -4.351e-01          -1.377e+01             119.960          -6.414e-01             175.126           1.499e+01     
  90.000          28.000           -5.752e-01          -1.315e+01             114.905          -8.220e-01             178.934           1.336e+01     
  90.000          29.000           -6.856e-01          -1.253e+01             110.452          -9.796e-01             182.908           1.202e+01     
  90.000          30.000           -7.617e-01          -1.191e+01             106.539          -1.109e+00             187.007           1.094e+01     
  90.000          31.000           -8.006e-01          -1.130e+01             103.101          -1.206e+00             191.178           1.010e+01     
  90.000          32.000           -8.017e-01          -1.072e+01             100.070          -1.268e+00             195.364           9.499e+00     
  90.000          33.000           -7.665e-01          -1.017e+01              97.389          -1.296e+00             199.502           9.123e+00     
  90.000          34.000           -6.986e-01          -9.642e+00              95.005          -1.291e+00             203.534           8.959e+00     
  90.000          35.000           -6.032e-01          -9.146e+00              92.875          -1.258e+00             207.406           8.986e+00     
  90.000          36.000           -4.863e-01          -8.679e+00              90.960          -1.200e+00             211.075           9.175e+00     
  90.000          37.000           -3.548e-01          -8.242e+00              89.229          -1.126e+00             214.506           9.495e+00     
  90.000          38.000           -2.151e-01          -7.832e+00              87.655          -1.041e+00             217.676           9.916e+00     
  90.000          39.000           -7.340e-02          -7.449e+00              86.216          -9.512e-01             220.570           1.041e+01     
  90.000          40.000            6.476e-02          -7.091e+00              84.891          -8.637e-01             223.182           1.095e+01     
  90.000          41.000            1.946e-01          -6.758e+00              83.665          -7.837e-01             225.512           1.152e+01     
  90.000          42.000            3.123e-01          -6.449e+00              82.523          -7.159e-01             227.565           1.211e+01     
  90.000          43.000            4.145e-01          -6.161e+00              81.453          -6.646e-01             229.348           1.269e+01     
  90.000          44.000            4.989e-01          -5.895e+00              80.445          -6.330e-01             230.867           1.326e+01     
  90.000          45.000            5.634e-01          -5.648e+00              79.489          -6.242e-01             232.131           1.380e+01     
  90.000          46.000            6.069e-01          -5.420e+00              78.578          -6.403e-01             233.147           1.430e+01     
  90.000          47.000            6.284e-01          -5.210e+00              77.704          -6.834e-01             233.920           1.475e+01     
  90.000          48.000            6.277e-01          -5.017e+00              76.861          -7.547e-01             234.456           1.514e+01     
  90.000          49.000            6.045e-01          -4.840e+00              76.044          -8.554e-01             234.755           1.546e+01     
  90.000          50.000            5.593e-01          -4.677e+00              75.246          -9.863e-01             234.817           1.569e+01     
  90.000          51.000            4.927e-01          -4.530e+00              74.465          -1.148e+00             234.640           1.583e+01     
  90.000          52.000            4.058e-01          -4.395e+00              73.694          -1.340e+00             234.217           1.586e+01     
  90.000          53.000            3.000e-01          -4.273e+00              72.932          -1.563e+00             233.539           1.579e+01     
  90.000          54.000            1.769e-01          -4.163e+00              72.174          -1.817e+00             232.595           1.559e+01     
  90.000          55.000            3.866e-02          -4.064e+00              71.417          -2.099e+00             231.369           1.529e+01     
  90.000          56.000           -1.122e-01          -3.976e+00              70.659          -2.409e+00             229.843           1.487e+01     
  90.000          57.000           -2.727e-01          -3.898e+00              69.897          -2.745e+00             227.996           1.435e+01     
  90.000          58.000           -4.395e-01          -3.828e+00              69.129          -3.102e+00             225.806           1.374e+01     
  90.000          59.000           -6.091e-01          -3.768e+00              68.353          -3.476e+00             223.246           1.305e+01     
  90.000          60.000           -7.774e-01          -3.715e+00              67.568          -3.862e+00             220.293           1.230e+01     
  90.000          61.000           -9.403e-01          -3.669e+00              66.772          -4.251e+00             216.926           1.151e+01     
  90.000          62.000           -1.094e+00          -3.631e+00              65.964          -4.635e+00             213.131           1.068e+01     
  90.000          63.000           -1.233e+00          -3.598e+00              65.144          -5.002e+00             208.908           9.843e+00     
  90.000          64.000           -1.356e+00          -3.571e+00              64.312          -5.341e+00             204.272           9.001e+00     
  90.000          65.000           -1.459e+00          -3.549e+00              63.466          -5.637e+00             199.261           8.169e+00     
  90.000          66.000           -1.539e+00          -3.532e+00              62.609          -5.880e+00             193.940           7.357e+00     
  90.000          67.000           -1.596e+00          -3.519e+00              61.739          -6.059e+00             188.399           6.573e+00     
  90.000          68.000           -1.629e+00          -3.510e+00              60.859          -6.170e+00             182.743           5.824e+00     
  90.000          69.000           -1.639e+00          -3.503e+00              59.970          -6.212e+00             177.086           5.116e+00     
  90.000          70.000           -1.629e+00          -3.500e+00              59.072          -6.189e+00             171.535           4.454e+00     
  90.000          71.000           -1.601e+00          -3.499e+00              58.169          -6.110e+00             166.179           3.841e+00     
  90.000          72.000           -1.557e+00          -3.500e+00              57.263          -5.986e+00             161.083           3.283e+00     
  90.000          73.000           -1.502e+00          -3.503e+00              56.356          -5.828e+00             156.288           2.784e+00     
  90.000          74.000           -1.438e+00          -3.508e+00              55.451          -5.650e+00             151.807           2.353e+00     
  90.000          75.000           -1.369e+00          -3.514e+00              54.552          -5.460e+00             147.637           2.002e+00     
  90.000          76.000           -1.297e+00          -3.522e+00              53.662          -5.268e+00             143.763           1.746e+00     
  90.000          77.000           -1.226e+00          -3.530e+00              52.785          -5.080e+00             140.160           1.601e+00     
  90.000          78.000           -1.158e+00          -3.540e+00              51.925          -4.903e+00             136.800           1.570e+00     
  90.000          79.000           -1.094e+00          -3.551e+00              51.085          -4.738e+00             133.653           1.641e+00     
  90.000          80.000           -1.037e+00          -3.564e+00              50.271          -4.590e+00             130.690           1.787e+00     
  90.000          81.000           -9.861e-01          -3.577e+00              49.486          -4.460e+00             127.884           1.981e+00     
  90.000          82.000           -9.435e-01          -3.593e+00              48.734          -4.348e+00             125.209           2.205e+00     
  90.000          83.000           -9.094e-01          -3.610e+00              48.021          -4.253e+00             122.645           2.448e+00     
  90.000          84.000           -8.840e-01          -3.629e+00              47.351          -4.177e+00             120.170           2.702e+00     
  90.000          85.000           -8.673e-01          -3.650e+00              46.728          -4.118e+00             117.769           2.967e+00     
  90.000          86.000           -8.591e-01          -3.674e+00              46.156          -4.074e+00             115.425           3.240e+00     
  90.000          87.000           -8.591e-01          -3.700e+00              45.639          -4.045e+00             113.128           3.522e+00     
  90.000          88.000           -8.669e-01          -3.730e+00              45.183          -4.029e+00             110.867           3.815e+00     
  90.000          89.000           -8.820e-01          -3.763e+00              44.791          -4.025e+00             108.635           4.119e+00     
  90.000          90.000           -9.039e-01          -3.800e+00              44.467          -4.031e+00             106.424           4.438e+00     
  90.000          91.000           -9.321e-01          -3.841e+00              44.215          -4.046e+00             104.232           4.773e+00     
  90.000          92.000           -9.659e-01          -3.886e+00              44.040          -4.068e+00             102.056           5.126e+00     
  90.000          93.000           -1.005e+00          -3.936e+00              43.945          -4.096e+00              99.895           5.498e+00     
  90.000          94.000           -1.048e+00          -3.991e+00              43.934          -4.128e+00              97.750           5.893e+00     
  90.000          95.000           -1.096e+00          -4.051e+00              44.011          -4.163e+00              95.622           6.313e+00     
  90.000          96.000           -1.147e+00          -4.115e+00              44.180          -4.201e+00              93.513           6.760e+00     
  90.000          97.000           -1.202e+00          -4.185e+00              44.445          -4.240e+00              91.428           7.238e+00     
  90.000          98.000           -1.260e+00          -4.260e+00              44.809          -4.281e+00              89.369           7.750e+00     
  90.000          99.000           -1.321e+00          -4.340e+00              45.277          -4.322e+00              87.340           8.302e+00     
  90.000         100.000           -1.384e+00          -4.425e+00              45.851          -4.364e+00              85.345           8.899e+00     
  90.000         101.000           -1.450e+00          -4.514e+00              46.535          -4.408e+00              83.387           9.548e+00     
  90.000         102.000           -1.519e+00          -4.608e+00              47.332          -4.453e+00              81.469           1.026e+01     
  90.000         103.000           -1.591e+00          -4.705e+00              48.246          -4.500e+00              79.591           1.104e+01     
  90.000         104.000           -1.666e+00          -4.806e+00              49.279          -4.551e+00              77.755           1.192e+01     
  90.000         105.000           -1.744e+00          -4.909e+00              50.434          -4.606e+00              75.961           1.290e+01     
  90.000         106.000           -1.826e+00          -5.013e+00              51.711          -4.666e+00              74.205           1.404e+01     
  90.000         107.000           -1.911e+00          -5.118e+00              53.114          -4.734e+00              72.485           1.537e+01     
  90.000         108.000           -2.001e+00          -5.223e+00              54.641          -4.809e+00              70.797           1.697e+01     
  90.000         109.000           -2.095e+00          -5.327e+00              56.293          -4.895e+00              69.134           1.899e+01     
  90.000         110.000           -2.194e+00          -5.427e+00              58.067          -4.992e+00              67.488           2.169e+01     
  90.000         111.000           -2.298e+00          -5.524e+00              59.962          -5.102e+00              65.851           2.578e+01     
  90.000         112.000           -2.407e+00          -5.616e+00              61.972          -5.228e+00              64.211           3.419e+01     
  90.000         113.000           -2.522e+00          -5.701e+00              64.094          -5.370e+00              62.555           3.745e+01     
  90.000         114.000           -2.643e+00          -5.779e+00              66.319          -5.531e+00              60.870           2.645e+01     
  90.000         115.000           -2.769e+00          -5.847e+00              68.640          -5.712e+00              59.136           2.161e+01     
  90.000         116.000           -2.901e+00          -5.906e+00              71.047          -5.916e+00              57.335           1.840e+01     
  90.000         117.000           -3.038e+00          -5.955e+00              73.530          -6.143e+00              55.444           1.597e+01     
  90.000         118.000           -3.180e+00          -5.992e+00              76.078          -6.397e+00              53.437           1.398e+01     
  90.000         119.000           -3.325e+00          -6.018e+00              78.677          -6.677e+00              51.281           1.229e+01     
  90.000         120.000           -3.473e+00          -6.033e+00              81.319          -6.985e+00              48.938           1.080e+01     
  90.000         121.000           -3.621e+00          -6.037e+00              83.987          -7.322e+00              46.368           9.474e+00     
  90.000         122.000           -3.769e+00          -6.029e+00              86.671          -7.686e+00              43.519           8.272e+00     
  90.000         123.000           -3.913e+00          -6.012e+00              89.360          -8.077e+00              40.329           7.184e+00     
  90.000         124.000           -4.049e+00          -5.986e+00              92.045          -8.490e+00              36.732           6.214e+00     
  90.000         125.000           -4.176e+00          -5.951e+00              94.718          -8.918e+00              32.651           5.387e+00     
  90.000         126.000           -4.288e+00          -5.910e+00              97.370          -9.350e+00              28.006           4.752e+00     
  90.000         127.000           -4.381e+00          -5.864e+00              99.997          -9.769e+00              22.725           4.391e+00     
  90.000         128.000           -4.452e+00          -5.814e+00             102.594          -1.015e+01              16.755           4.387e+00     
  90.000         129.000           -4.495e+00          -5.761e+00             105.158          -1.047e+01              10.094           4.775e+00     
  90.000         130.000           -4.509e+00          -5.707e+00             107.690          -1.069e+01               2.812           5.527e+00     
  90.000         131.000           -4.488e+00          -5.653e+00             110.188          -1.077e+01             355.074           6.589e+00     
  90.000         132.000           -4.433e+00          -5.601e+00             112.655          -1.071e+01             347.137           7.935e+00     
  90.000         133.000           -4.342e+00          -5.551e+00             115.092          -1.049e+01             339.301           9.577e+00     
  90.000         134.000           -4.217e+00          -5.505e+00             117.504          -1.012e+01             331.852           1.158e+01     
  90.000         135.000           -4.060e+00          -5.463e+00             119.893          -9.649e+00             324.999           1.411e+01     
  90.000         136.000           -3.874e+00          -5.427e+00             122.264          -9.093e+00             318.857           1.750e+01     
  90.000         137.000           -3.664e+00          -5.397e+00             124.623          -8.491e+00             313.455           2.279e+01     
  90.000         138.000           -3.433e+00          -5.373e+00             126.974          -7.868e+00             308.760           3.650e+01     
  90.000         139.000           -3.189e+00          -5.356e+00             129.324          -7.245e+00             304.708           2.810e+01     
  90.000         140.000           -2.934e+00          -5.347e+00             131.679          -6.637e+00             301.222           2.087e+01     
  90.000         141.000           -2.674e+00          -5.344e+00             134.044          -6.053e+00             298.225           1.717e+01     
  90.000         142.000           -2.413e+00          -5.350e+00             136.425          -5.499e+00             295.646           1.474e+01     
  90.000         143.000           -2.155e+00          -5.362e+00             138.829          -4.978e+00             293.424           1.295e+01     
  90.000         144.000           -1.904e+00          -5.382e+00             141.261          -4.492e+00             291.506           1.157e+01     
  90.000         145.000           -1.662e+00          -5.409e+00             143.726          -4.043e+00             289.847           1.045e+01     
  90.000         146.000           -1.432e+00          -5.442e+00             146.231          -3.630e+00             288.409           9.540e+00     
  90.000         147.000           -1.216e+00          -5.481e+00             148.780          -3.254e+00             287.162           8.776e+00     
  90.000         148.000           -1.016e+00          -5.525e+00             151.376          -2.914e+00             286.079           8.130e+00     
  90.000         149.000           -8.329e-01          -5.573e+00             154.025          -2.609e+00             285.137           7.578e+00     
  90.000         150.000           -6.689e-01          -5.625e+00             156.728          -2.340e+00             284.319           7.102e+00     
  90.000         151.000           -5.248e-01          -5.679e+00             159.488          -2.106e+00             283.607           6.690e+00     
  90.000         152.000           -4.018e-01          -5.735e+00             162.306          -1.907e+00             282.991           6.331e+00     
  90.000         153.000           -3.008e-01          -5.791e+00             165.181          -1.742e+00             282.458           6.016e+00     
  90.000         154.000           -2.227e-01          -5.846e+00             168.112          -1.613e+00             281.997           5.737e+00     
  90.000         155.000           -1.684e-01          -5.900e+00             171.096          -1.519e+00             281.600           5.488e+00     
  90.000         156.000           -1.390e-01          -5.950e+00             174.129          -1.460e+00             281.260           5.265e+00     
  90.000         157.000           -1.351e-01          -5.997e+00             177.205          -1.439e+00             280.970           5.062e+00     
  90.000         158.000           -1.576e-01          -6.039e+00             180.318          -1.454e+00             280.725           4.875e+00     
  90.000         159.000           -2.076e-01          -6.076e+00             183.459          -1.509e+00             280.519           4.702e+00     
  90.000         160.000           -2.858e-01          -6.106e+00             186.620          -1.604e+00             280.348           4.541e+00     
  90.000         161.000           -3.934e-01          -6.131e+00             189.791          -1.741e+00             280.209           4.390e+00     
  90.000         162.000           -5.313e-01          -6.150e+00             192.962          -1.923e+00             280.098           4.250e+00     
  90.000         163.000           -7.006e-01          -6.163e+00             196.123          -2.153e+00             280.014           4.123e+00     
  90.000         164.000           -9.023e-01          -6.170e+00             199.263          -2.435e+00             279.953           4.011e+00     
  90.000         165.000           -1.137e+00          -6.173e+00             202.374          -2.772e+00             279.914           3.922e+00     
  90.000         166.000           -1.407e+00          -6.173e+00             205.447          -3.170e+00             279.897           3.865e+00     
  90.000         167.000           -1.711e+00          -6.171e+00             208.474          -3.636e+00             279.901           3.856e+00     
  90.000         168.000           -2.050e+00          -6.168e+00             211.448          -4.179e+00             279.926           3.914e+00     
  90.000         169.000           -2.424e+00          -6.165e+00             214.366          -4.809e+00             279.976           4.063e+00     
  90.000         170.000           -2.832e+00          -6.165e+00             217.222          -5.542e+00             280.055           4.331e+00     
  90.000         171.000           -3.271e+00          -6.169e+00             220.015          -6.397e+00             280.170           4.750e+00     
  90.000         172.000           -3.737e+00          -6.178e+00             222.743          -7.401e+00             280.333           5.356e+00     
  90.000         173.000           -4.221e+00          -6.195e+00             225.407          -8.594e+00             280.566           6.193e+00     
  90.000         174.000           -4.712e+00          -6.221e+00             228.008          -1.004e+01             280.908           7.321e+00     
  90.000         175.000           -5.195e+00          -6.258e+00             230.547          -1.183e+01             281.435           8.832e+00     
  90.000         176.000           -5.647e+00          -6.307e+00             233.030          -1.415e+01             282.327           1.089e+01     
  90.000         177.000           -6.040e+00          -6.370e+00             235.459          -1.740e+01             284.087           1.383e+01     
  90.000         178.000           -6.346e+00          -6.448e+00             237.839          -2.269e+01             288.925           1.850e+01     
  90.000         179.000           -6.538e+00          -6.544e+00             240.176          -3.554e+01             332.592           2.900e+01     
  90.000         180.000           -6.599e+00          -6.658e+00             242.476          -2.531e+01              83.637           2.761e+01     
  90.000         181.000           -6.526e+00          -6.792e+00             244.747          -1.878e+01              91.280           1.942e+01     
  90.000         182.000           -6.331e+00          -6.947e+00             246.995          -1.511e+01              93.538           1.619e+01     
  90.000         183.000           -6.039e+00          -7.126e+00             249.229          -1.259e+01              94.567           1.472e+01     
  90.000         184.000           -5.681e+00          -7.330e+00             251.459          -1.069e+01              95.116           1.427e+01     
  90.000         185.000           -5.286e+00          -7.559e+00             253.694          -9.184e+00              95.425           1.450e+01     
  90.000         186.000           -4.878e+00          -7.817e+00             255.946          -7.960e+00              95.592           1.523e+01     
  90.000         187.000           -4.477e+00          -8.105e+00             258.228          -6.946e+00              95.664           1.637e+01     
  90.000         188.000           -4.097e+00          -8.425e+00             260.555          -6.097e+00              95.668           1.786e+01     
  90.000         189.000           -3.749e+00          -8.780e+00             262.945          -5.385e+00              95.616           1.975e+01     
  90.000         190.000           -3.438e+00          -9.171e+00             265.418          -4.788e+00              95.517           2.215e+01     
  90.000         191.000           -3.170e+00          -9.601e+00             267.999          -4.291e+00              95.376           2.536e+01     
  90.000         192.000           -2.948e+00          -1.007e+01             270.719          -3.883e+00              95.194           3.021e+01     
  90.000         193.000           -2.773e+00          -1.059e+01             273.616          -3.557e+00              94.973           4.000e+01     
  90.000         194.000           -2.646e+00          -1.116e+01             276.736          -3.305e+00              94.708           3.819e+01     
  90.000         195.000           -2.568e+00          -1.178e+01             280.142          -3.123e+00              94.399           2.975e+01     
  90.000         196.000           -2.541e+00          -1.245e+01             283.909          -3.009e+00              94.041           2.568e+01     
  90.000         197.000           -2.565e+00          -1.318e+01             288.141          -2.959e+00              93.629           2.299e+01     
  90.000         198.000           -2.640e+00          -1.397e+01             292.968          -2.972e+00              93.157           2.099e+01     
  90.000         199.000           -2.768e+00          -1.480e+01             298.560          -3.049e+00              92.614           1.940e+01     
  90.000         200.000           -2.949e+00          -1.567e+01             305.126          -3.188e+00              91.990           1.807e+01     
  90.000         201.000           -3.186e+00          -1.655e+01             312.909          -3.391e+00              91.270           1.695e+01     
  90.000         202.000           -3.479e+00          -1.738e+01             322.132          -3.659e+00              90.437           1.597e+01     
  90.000         203.000           -3.829e+00          -1.808e+01             332.895          -3.995e+00              89.465           1.513e+01     
  90.000         204.000           -4.238e+00          -1.855e+01             345.000          -4.402e+00              88.324           1.440e+01     
  90.000         205.000           -4.706e+00          -1.869e+01             357.825          -4.883e+00              86.975           1.381e+01     
  90.000         206.000           -5.233e+00          -1.849e+01              10.451          -5.444e+00              85.363           1.338e+01     
  90.000         207.000           -5.817e+00          -1.799e+01              22.045          -6.089e+00              83.413           1.317e+01     
  90.000         208.000           -6.453e+00          -1.731e+01              32.159          -6.825e+00              81.026           1.329e+01     
  90.000         209.000           -7.127e+00          -1.653e+01              40.736          -7.657e+00              78.062           1.393e+01     
  90.000         210.000           -7.821e+00          -1.572e+01              47.948          -8.589e+00              74.324           1.547e+01     
  90.000         211.000           -8.498e+00          -1.494e+01              54.028          -9.617e+00              69.534           1.891e+01     
  90.000         212.000           -9.111e+00          -1.420e+01              59.210          -1.072e+01              63.315           2.959e+01     
  90.000         213.000           -9.593e+00          -1.351e+01              63.688          -1.186e+01              55.197           2.275e+01     
  90.000         214.000           -9.880e+00          -1.287e+01              67.612          -1.291e+01              44.733           1.388e+01     
  90.000         215.000           -9.929e+00          -1.229e+01              71.102          -1.370e+01              31.854           9.103e+00     
  90.000         216.000           -9.739e+00          -1.177e+01              74.245          -1.402e+01              17.396           5.844e+00     
  90.000         217.000           -9.354e+00          -1.129e+01              77.112          -1.380e+01               3.102           3.539e+00     
  90.000         218.000           -8.839e+00          -1.085e+01              79.755          -1.314e+01             350.620           2.293e+00     
  90.000         219.000           -8.256e+00          -1.046e+01              82.216          -1.225e+01             340.616           2.528e+00     
  90.000         220.000           -7.657e+00          -1.011e+01              84.527          -1.131e+01             332.927           3.572e+00     
  90.000         221.000           -7.076e+00          -9.794e+00              86.713          -1.040e+01             327.087           4.748e+00     
  90.000         222.000           -6.531e+00          -9.511e+00              88.796          -9.572e+00             322.633           5.887e+00     
  90.000         223.000           -6.035e+00          -9.259e+00              90.791          -8.842e+00             319.208           6.959e+00     
  90.000         224.000           -5.593e+00          -9.036e+00              92.712          -8.211e+00             316.549           7.962e+00     
  90.000         225.000           -5.207e+00          -8.839e+00              94.570          -7.674e+00             314.471           8.903e+00     
  90.000         226.000           -4.877e+00          -8.666e+00              96.372          -7.227e+00             312.841           9.791e+00     
  90.000         227.000           -4.600e+00          -8.516e+00              98.127          -6.862e+00             311.564           1.063e+01     
  90.000         228.000           -4.377e+00          -8.388e+00              99.838          -6.574e+00             310.573           1.144e+01     
  90.000         229.000           -4.203e+00          -8.279e+00             101.511          -6.358e+00             309.815           1.221e+01     
  90.000         230.000           -4.078e+00          -8.188e+00             103.148          -6.211e+00             309.254           1.294e+01     
  90.000         231.000           -3.998e+00          -8.114e+00             104.751          -6.128e+00             308.863           1.365e+01     
  90.000         232.000           -3.963e+00          -8.056e+00             106.322          -6.107e+00             308.620           1.434e+01     
  90.000         233.000           -3.969e+00          -8.012e+00             107.862          -6.146e+00             308.510           1.500e+01     
  90.000         234.000           -4.015e+00          -7.981e+00             109.369          -6.243e+00             308.521           1.564e+01     
  90.000         235.000           -4.099e+00          -7.962e+00             110.844          -6.397e+00             308.648           1.625e+01     
  90.000         236.000           -4.218e+00          -7.954e+00             112.286          -6.607e+00             308.884           1.683e+01     
  90.000         237.000           -4.370e+00          -7.956e+00             113.691          -6.873e+00             309.229           1.737e+01     
  90.000         238.000           -4.553e+00          -7.966e+00             115.059          -7.195e+00             309.684           1.787e+01     
  90.000         239.000           -4.764e+00          -7.985e+00             116.386          -7.573e+00             310.252           1.831e+01     
  90.000         240.000           -5.000e+00          -8.011e+00             117.669          -8.009e+00             310.942           1.868e+01     
  90.000         241.000           -5.257e+00          -8.043e+00             118.906          -8.504e+00             311.764           1.898e+01     
  90.000         242.000           -5.532e+00          -8.081e+00             120.092          -9.059e+00             312.733           1.917e+01     
  90.000         243.000           -5.820e+00          -8.123e+00             121.223          -9.677e+00             313.869           1.925e+01     
  90.000         244.000           -6.117e+00          -8.168e+00             122.297          -1.036e+01             315.204           1.921e+01     
  90.000         245.000           -6.416e+00          -8.217e+00             123.309          -1.111e+01             316.774           1.904e+01     
  90.000         246.000           -6.713e+00          -8.268e+00             124.256          -1.193e+01             318.633           1.875e+01     
  90.000         247.000           -7.001e+00          -8.320e+00             125.135          -1.282e+01             320.852           1.835e+01     
  90.000         248.000           -7.274e+00          -8.374e+00             125.942          -1.378e+01             323.523           1.786e+01     
  90.000         249.000           -7.528e+00          -8.427e+00             126.674          -1.481e+01             326.772           1.730e+01     
  90.000         250.000           -7.757e+00          -8.480e+00             127.330          -1.590e+01             330.761           1.669e+01     
  90.000         251.000           -7.958e+00          -8.531e+00             127.907          -1.703e+01             335.688           1.607e+01     
  90.000         252.000           -8.128e+00          -8.581e+00             128.404          -1.817e+01             341.774           1.544e+01     
  90.000         253.000           -8.267e+00          -8.629e+00             128.821          -1.925e+01             349.195           1.483e+01     
  90.000         254.000           -8.376e+00          -8.673e+00             129.157          -2.018e+01             357.960           1.425e+01     
  90.000         255.000           -8.455e+00          -8.713e+00             129.414          -2.085e+01               7.731           1.369e+01     
  90.000         256.000           -8.509e+00          -8.750e+00             129.593          -2.118e+01              17.759           1.315e+01     
  90.000         257.000           -8.538e+00          -8.782e+00             129.696          -2.118e+01              27.090           1.263e+01     
  90.000         258.000           -8.548e+00          -8.808e+00             129.727          -2.089e+01              34.961           1.212e+01     
  90.000         259.000           -8.539e+00          -8.830e+00             129.689          -2.043e+01              41.022           1.160e+01     
  90.000         260.000           -8.515e+00          -8.845e+00             129.588          -1.986e+01              45.284           1.107e+01     
  90.000         261.000           -8.475e+00          -8.855e+00             129.427          -1.925e+01              47.943           1.051e+01     
  90.000         262.000           -8.422e+00          -8.859e+00             129.212          -1.861e+01              49.258           9.916e+00     
  90.000         263.000           -8.353e+00          -8.857e+00             128.949          -1.795e+01              49.489           9.284e+00     
  90.000         264.000           -8.267e+00          -8.850e+00             128.645          -1.728e+01              48.879           8.613e+00     
  90.000         265.000           -8.162e+00          -8.837e+00             128.304          -1.658e+01              47.653           7.902e+00     
  90.000         266.000           -8.034e+00          -8.819e+00             127.933          -1.585e+01              46.013           7.156e+00     
  90.000         267.000           -7.881e+00          -8.798e+00             127.538          -1.509e+01              44.142           6.381e+00     
  90.000         268.000           -7.699e+00          -8.772e+00             127.122          -1.430e+01              42.194           5.584e+00     
  90.000         269.000           -7.486e+00          -8.744e+00             126.692          -1.348e+01              40.293           4.773e+00     
  90.000         270.000           -7.240e+00          -8.713e+00             126.251          -1.265e+01              38.529           3.954e+00     
  90.000         271.000           -6.960e+00          -8.681e+00             125.801          -1.181e+01              36.964           3.135e+00     
  90.000         272.000           -6.647e+00          -8.649e+00             125.346          -1.097e+01              35.632           2.323e+00     
  90.000         273.000           -6.302e+00          -8.618e+00             124.887          -1.014e+01              34.549           1.522e+00     
  90.000         274.000           -5.929e+00          -8.589e+00             124.424          -9.321e+00              33.714           7.397e-01     
  90.000         275.000           -5.531e+00          -8.563e+00             123.958          -8.521e+00              33.116           1.343e-01     
  90.000         276.000           -5.113e+00          -8.540e+00             123.486          -7.743e+00              32.742           8.053e-01     
  90.000         277.000           -4.679e+00          -8.522e+00             123.006          -6.990e+00              32.572           1.534e+00     
  90.000         278.000           -4.233e+00          -8.511e+00             122.516          -6.264e+00              32.587           2.247e+00     
  90.000         279.000           -3.782e+00          -8.506e+00             122.012          -5.567e+00              32.769           2.941e+00     
  90.000         280.000           -3.328e+00          -8.508e+00             121.488          -4.898e+00              33.098           3.619e+00     
  90.000         281.000           -2.876e+00          -8.520e+00             120.938          -4.259e+00              33.559           4.281e+00     
  90.000         282.000           -2.429e+00          -8.540e+00             120.356          -3.649e+00              34.137           4.928e+00     
  90.000         283.000           -1.991e+00          -8.571e+00             119.734          -3.069e+00              34.818           5.563e+00     
  90.000         284.000           -1.563e+00          -8.612e+00             119.064          -2.517e+00              35.589           6.187e+00     
  90.000         285.000           -1.148e+00          -8.664e+00             118.335          -1.995e+00              36.442           6.803e+00     
  90.000         286.000           -7.479e-01          -8.727e+00             117.537          -1.501e+00              37.366           7.413e+00     
  90.000         287.000           -3.641e-01          -8.802e+00             116.658          -1.036e+00              38.354           8.019e+00     
  90.000         288.000            2.041e-03          -8.888e+00             115.687          -5.984e-01              39.398           8.624e+00     
  90.000         289.000            3.495e-01          -8.985e+00             114.609          -1.887e-01              40.492           9.232e+00     
  90.000         290.000            6.772e-01          -9.093e+00             113.410           1.933e-01              41.632           9.844e+00     
  90.000         291.000            9.845e-01          -9.210e+00             112.075           5.480e-01              42.813           1.047e+01     
  90.000         292.000            1.271e+00          -9.335e+00             110.589           8.754e-01              44.031           1.110e+01     
  90.000         293.000            1.535e+00          -9.466e+00             108.936           1.176e+00              45.283           1.175e+01     
  90.000         294.000            1.777e+00          -9.601e+00             107.102           1.448e+00              46.567           1.243e+01     
  90.000         295.000            1.996e+00          -9.737e+00             105.073           1.694e+00              47.881           1.313e+01     
  90.000         296.000            2.192e+00          -9.869e+00             102.840           1.913e+00              49.223           1.387e+01     
  90.000         297.000            2.363e+00          -9.994e+00             100.393           2.103e+00              50.592           1.467e+01     
  90.000         298.000            2.511e+00          -1.011e+01              97.733           2.266e+00              51.987           1.552e+01     
  90.000         299.000            2.633e+00          -1.020e+01              94.865           2.401e+00              53.409           1.646e+01     
  90.000         300.000            2.731e+00          -1.027e+01              91.802           2.508e+00              54.859           1.750e+01     
  90.000         301.000            2.803e+00          -1.032e+01              88.569           2.585e+00              56.335           1.868e+01     
  90.000         302.000            2.848e+00          -1.033e+01              85.198           2.634e+00              57.841           2.006e+01     
  90.000         303.000            2.867e+00          -1.030e+01              81.731           2.652e+00              59.377           2.172e+01     
  90.000         304.000            2.858e+00          -1.023e+01              78.216           2.639e+00              60.948           2.382e+01     
  90.000         305.000            2.821e+00          -1.012e+01              74.706           2.595e+00              62.555           2.669e+01     
  90.000         306.000            2.756e+00          -9.976e+00              71.250           2.518e+00              64.203           3.119e+01     
  90.000         307.000            2.662e+00          -9.795e+00              67.898           2.408e+00              65.898           4.000e+01     
  90.000         308.000            2.538e+00          -9.584e+00              64.687           2.263e+00              67.646           3.814e+01     
  90.000         309.000            2.385e+00          -9.347e+00              61.651           2.083e+00              69.454           2.937e+01     
  90.000         310.000            2.200e+00          -9.091e+00              58.811           1.865e+00              71.333           2.488e+01     
  90.000         311.000            1.985e+00          -8.823e+00              56.179           1.609e+00              73.294           2.175e+01     
  90.000         312.000            1.738e+00          -8.549e+00              53.761           1.312e+00              75.352           1.930e+01     
  90.000         313.000            1.460e+00          -8.273e+00              51.553           9.723e-01              77.524           1.723e+01     
  90.000         314.000            1.151e+00          -8.001e+00              49.548           5.887e-01              79.833           1.542e+01     
  90.000         315.000            8.122e-01          -7.738e+00              47.737           1.590e-01              82.307           1.377e+01     
  90.000         316.000            4.438e-01          -7.487e+00              46.106          -3.189e-01              84.980           1.223e+01     
  90.000         317.000            4.849e-02          -7.251e+00              44.640          -8.466e-01              87.895           1.078e+01     
  90.000         318.000           -3.704e-01          -7.032e+00              43.326          -1.425e+00              91.108           9.376e+00     
  90.000         319.000           -8.081e-01          -6.834e+00              42.148          -2.056e+00              94.686           8.003e+00     
  90.000         320.000           -1.258e+00          -6.658e+00              41.091          -2.735e+00              98.715           6.641e+00     
  90.000         321.000           -1.711e+00          -6.505e+00              40.144          -3.460e+00             103.298           5.278e+00     
  90.000         322.000           -2.156e+00          -6.377e+00              39.292          -4.220e+00             108.560           3.897e+00     
  90.000         323.000           -2.579e+00          -6.275e+00              38.523          -4.998e+00             114.636           2.487e+00     
  90.000         324.000           -2.966e+00          -6.200e+00              37.827          -5.763e+00             121.653           1.035e+00     
  90.000         325.000           -3.300e+00          -6.153e+00              37.192          -6.473e+00             129.691           4.964e-01     
  90.000         326.000           -3.568e+00          -6.135e+00              36.608          -7.072e+00             138.712           2.076e+00     
  90.000         327.000           -3.760e+00          -6.146e+00              36.066          -7.499e+00             148.496           3.757e+00     
  90.000         328.000           -3.874e+00          -6.189e+00              35.558          -7.713e+00             158.614           5.554e+00     
  90.000         329.000           -3.914e+00          -6.264e+00              35.073          -7.703e+00             168.523           7.499e+00     
  90.000         330.000           -3.889e+00          -6.372e+00              34.604          -7.501e+00             177.725           9.631e+00     
  90.000         331.000           -3.815e+00          -6.514e+00              34.141          -7.162e+00             185.896           1.201e+01     
  90.000         332.000           -3.709e+00          -6.692e+00              33.678          -6.747e+00             192.920           1.474e+01     
  90.000         333.000           -3.586e+00          -6.907e+00              33.204          -6.306e+00             198.827           1.801e+01     
  90.000         334.000           -3.462e+00          -7.161e+00              32.709          -5.878e+00             203.720           2.219e+01     
  90.000         335.000           -3.348e+00          -7.456e+00              32.185          -5.484e+00             207.725           2.842e+01     
  90.000         336.000           -3.257e+00          -7.794e+00              31.618          -5.140e+00             210.964           4.000e+01     
  90.000         337.000           -3.194e+00          -8.179e+00              30.996          -4.852e+00             213.534           3.371e+01     
  90.000         338.000           -3.167e+00          -8.614e+00              30.303          -4.626e+00             215.512           2.773e+01     
  90.000         339.000           -3.179e+00          -9.102e+00              29.520          -4.462e+00             216.954           2.494e+01     
  90.000         340.000           -3.233e+00          -9.648e+00              28.624          -4.359e+00             217.894           2.336e+01     
  90.000         341.000           -3.331e+00          -1.026e+01              27.586          -4.316e+00             218.353           2.243e+01     
  90.000         342.000           -3.472e+00          -1.094e+01              26.366          -4.329e+00             218.332           2.194e+01     
  90.000         343.000           -3.655e+00          -1.170e+01              24.913          -4.396e+00             217.822           2.175e+01     
  90.000         344.000           -3.877e+00          -1.255e+01              23.155          -4.511e+00             216.800           2.179e+01     
  90.000         345.000           -4.132e+00          -1.350e+01              20.991          -4.666e+00             215.236           2.202e+01     
  90.000         346.000           -4.411e+00          -1.456e+01              18.274          -4.852e+00             213.092           2.239e+01     
  90.000         347.000           -4.701e+00          -1.576e+01              14.781          -5.055e+00             210.330           2.280e+01     
  90.000         348.000           -4.983e+00          -1.710e+01              10.165          -5.258e+00             206.924           2.316e+01     
  90.000         349.000           -5.235e+00          -1.860e+01               3.881          -5.439e+00             202.867           2.328e+01     
  90.000         350.000           -5.429e+00          -2.022e+01             355.078          -5.575e+00             198.195           2.302e+01     
  90.000         351.000           -5.537e+00          -2.184e+01             342.604          -5.640e+00             193.001           2.227e+01     
  90.000         352.000           -5.535e+00          -2.312e+01             325.610          -5.611e+00             187.437           2.112e+01     
  90.000         353.000           -5.410e+00          -2.359e+01             305.414          -5.477e+00             181.708           1.975e+01     
  90.000         354.000           -5.163e+00          -2.305e+01             286.144          -5.234e+00             176.039           1.838e+01     
  90.000         355.000           -4.808e+00          -2.189e+01             270.967          -4.894e+00             170.639           1.714e+01     
  90.000         356.000           -4.369e+00          -2.057e+01             260.010          -4.475e+00             165.670           1.612e+01     
  90.000         357.000           -3.875e+00          -1.932e+01             252.144          -4.001e+00             161.228           1.533e+01     
  90.000         358.000           -3.352e+00          -1.822e+01             246.319          -3.495e+00             157.354           1.473e+01     
  90.000         359.000           -2.820e+00          -1.728e+01             241.824          -2.979e+00             154.042           1.431e+01     
