Theta [deg.]  Phi   [deg.]  Abs(Grlz)[dBi   ]   Abs(Theta)[dBi   ]  Phase(Theta)[deg.]  Abs(Phi  )[dBi   ]  Phase(Phi  )[deg.]  Ax.Ratio[dB    ]    
------------------------------------------------------------------------------------------------------------------------------------------------------
  90.000           0.000           -3.848e+00          -1.840e+01              61.970          -4.003e+00             305.657           1.541e+01     
  90.000           1.000           -3.590e+00          -1.849e+01              61.131          -3.733e+00             307.316           1.558e+01     
  90.000           2.000           -3.351e+00          -1.860e+01              60.240          -3.482e+00             308.886           1.577e+01     
  90.000           3.000           -3.130e+00          -1.871e+01              59.295          -3.252e+00             310.378           1.597e+01     
  90.000           4.000           -2.927e+00          -1.883e+01              58.291          -3.040e+00             311.804           1.618e+01     
  90.000           5.000           -2.742e+00          -1.897e+01              57.222          -2.847e+00             313.172           1.640e+01     
  90.000           6.000           -2.574e+00          -1.911e+01              56.085          -2.671e+00             314.490           1.663e+01     
  90.000           7.000           -2.422e+00          -1.926e+01              54.875          -2.513e+00             315.767           1.686e+01     
  90.000           8.000           -2.287e+00          -1.942e+01              53.584          -2.372e+00             317.008           1.711e+01     
  90.000           9.000           -2.168e+00          -1.959e+01              52.208          -2.247e+00             318.221           1.737e+01     
  90.000          10.000           -2.064e+00          -1.977e+01              50.740          -2.138e+00             319.410           1.763e+01     
  90.000          11.000           -1.975e+00          -1.995e+01              49.174          -2.045e+00             320.581           1.791e+01     
  90.000          12.000           -1.901e+00          -2.014e+01              47.501          -1.967e+00             321.739           1.820e+01     
  90.000          13.000           -1.842e+00          -2.034e+01              45.716          -1.904e+00             322.890           1.851e+01     
  90.000          14.000           -1.797e+00          -2.054e+01              43.810          -1.855e+00             324.037           1.883e+01     
  90.000          15.000           -1.766e+00          -2.074e+01              41.778          -1.821e+00             325.186           1.917e+01     
  90.000          16.000           -1.749e+00          -2.095e+01              39.610          -1.801e+00             326.341           1.953e+01     
  90.000          17.000           -1.745e+00          -2.115e+01              37.303          -1.795e+00             327.508           1.992e+01     
  90.000          18.000           -1.754e+00          -2.135e+01              34.850          -1.802e+00             328.690           2.034e+01     
  90.000          19.000           -1.776e+00          -2.154e+01              32.247          -1.822e+00             329.892           2.079e+01     
  90.000          20.000           -1.812e+00          -2.173e+01              29.494          -1.856e+00             331.121           2.129e+01     
  90.000          21.000           -1.859e+00          -2.190e+01              26.592          -1.902e+00             332.381           2.185e+01     
  90.000          22.000           -1.919e+00          -2.206e+01              23.543          -1.961e+00             333.677           2.247e+01     
  90.000          23.000           -1.991e+00          -2.220e+01              20.357          -2.032e+00             335.015           2.317e+01     
  90.000          24.000           -2.074e+00          -2.232e+01              17.046          -2.115e+00             336.402           2.398e+01     
  90.000          25.000           -2.169e+00          -2.242e+01              13.625          -2.210e+00             337.844           2.492e+01     
  90.000          26.000           -2.274e+00          -2.248e+01              10.116          -2.315e+00             339.347           2.605e+01     
  90.000          27.000           -2.389e+00          -2.252e+01               6.543          -2.431e+00             340.919           2.744e+01     
  90.000          28.000           -2.513e+00          -2.253e+01               2.933          -2.557e+00             342.567           2.922e+01     
  90.000          29.000           -2.647e+00          -2.251e+01             359.315          -2.692e+00             344.299           3.163e+01     
  90.000          30.000           -2.787e+00          -2.245e+01             355.718          -2.834e+00             346.123           3.527e+01     
  90.000          31.000           -2.935e+00          -2.237e+01             352.172          -2.984e+00             348.048           4.000e+01     
  90.000          32.000           -3.087e+00          -2.225e+01             348.701          -3.140e+00             350.082           4.000e+01     
  90.000          33.000           -3.243e+00          -2.211e+01             345.329          -3.299e+00             352.232           3.733e+01     
  90.000          34.000           -3.400e+00          -2.195e+01             342.076          -3.461e+00             354.508           3.195e+01     
  90.000          35.000           -3.557e+00          -2.177e+01             338.954          -3.623e+00             356.915           2.848e+01     
  90.000          36.000           -3.711e+00          -2.156e+01             335.976          -3.783e+00             359.460           2.589e+01     
  90.000          37.000           -3.860e+00          -2.135e+01             333.147          -3.938e+00               2.147           2.382e+01     
  90.000          38.000           -4.000e+00          -2.112e+01             330.470          -4.085e+00               4.978           2.209e+01     
  90.000          39.000           -4.128e+00          -2.088e+01             327.945          -4.220e+00               7.952           2.061e+01     
  90.000          40.000           -4.240e+00          -2.064e+01             325.570          -4.341e+00              11.063           1.934e+01     
  90.000          41.000           -4.334e+00          -2.039e+01             323.340          -4.443e+00              14.303           1.823e+01     
  90.000          42.000           -4.406e+00          -2.015e+01             321.251          -4.524e+00              17.659           1.728e+01     
  90.000          43.000           -4.454e+00          -1.990e+01             319.295          -4.579e+00              21.112           1.647e+01     
  90.000          44.000           -4.473e+00          -1.965e+01             317.466          -4.607e+00              24.639           1.579e+01     
  90.000          45.000           -4.463e+00          -1.941e+01             315.757          -4.605e+00              28.214           1.524e+01     
  90.000          46.000           -4.423e+00          -1.916e+01             314.160          -4.571e+00              31.807           1.481e+01     
  90.000          47.000           -4.352e+00          -1.893e+01             312.670          -4.506e+00              35.387           1.450e+01     
  90.000          48.000           -4.250e+00          -1.869e+01             311.278          -4.409e+00              38.924           1.429e+01     
  90.000          49.000           -4.120e+00          -1.847e+01             309.978          -4.282e+00              42.387           1.419e+01     
  90.000          50.000           -3.962e+00          -1.825e+01             308.766          -4.127e+00              45.752           1.419e+01     
  90.000          51.000           -3.781e+00          -1.803e+01             307.634          -3.947e+00              48.994           1.427e+01     
  90.000          52.000           -3.579e+00          -1.782e+01             306.578          -3.745e+00              52.097           1.442e+01     
  90.000          53.000           -3.359e+00          -1.762e+01             305.593          -3.525e+00              55.047           1.464e+01     
  90.000          54.000           -3.124e+00          -1.742e+01             304.674          -3.288e+00              57.835           1.491e+01     
  90.000          55.000           -2.878e+00          -1.723e+01             303.818          -3.040e+00              60.458           1.523e+01     
  90.000          56.000           -2.623e+00          -1.704e+01             303.019          -2.783e+00              62.913           1.558e+01     
  90.000          57.000           -2.363e+00          -1.686e+01             302.276          -2.520e+00              65.204           1.596e+01     
  90.000          58.000           -2.100e+00          -1.669e+01             301.584          -2.254e+00              67.333           1.636e+01     
  90.000          59.000           -1.836e+00          -1.653e+01             300.941          -1.986e+00              69.307           1.677e+01     
  90.000          60.000           -1.572e+00          -1.636e+01             300.344          -1.719e+00              71.132           1.719e+01     
  90.000          61.000           -1.311e+00          -1.621e+01             299.791          -1.454e+00              72.817           1.761e+01     
  90.000          62.000           -1.054e+00          -1.606e+01             299.278          -1.193e+00              74.368           1.803e+01     
  90.000          63.000           -8.013e-01          -1.592e+01             298.805          -9.372e-01              75.794           1.845e+01     
  90.000          64.000           -5.545e-01          -1.578e+01             298.369          -6.870e-01              77.103           1.886e+01     
  90.000          65.000           -3.140e-01          -1.564e+01             297.968          -4.432e-01              78.301           1.925e+01     
  90.000          66.000           -8.051e-02          -1.551e+01             297.601          -2.066e-01              79.397           1.964e+01     
  90.000          67.000            1.456e-01          -1.539e+01             297.265           2.246e-02              80.397           2.001e+01     
  90.000          68.000            3.639e-01          -1.527e+01             296.961           2.436e-01              81.308           2.036e+01     
  90.000          69.000            5.743e-01          -1.516e+01             296.686           4.567e-01              82.135           2.070e+01     
  90.000          70.000            7.765e-01          -1.505e+01             296.439           6.614e-01              82.884           2.102e+01     
  90.000          71.000            9.705e-01          -1.494e+01             296.219           8.577e-01              83.561           2.132e+01     
  90.000          72.000            1.156e+00          -1.484e+01             296.025           1.045e+00              84.169           2.160e+01     
  90.000          73.000            1.333e+00          -1.474e+01             295.856           1.225e+00              84.713           2.185e+01     
  90.000          74.000            1.502e+00          -1.465e+01             295.711           1.396e+00              85.198           2.209e+01     
  90.000          75.000            1.663e+00          -1.456e+01             295.588           1.558e+00              85.627           2.231e+01     
  90.000          76.000            1.815e+00          -1.447e+01             295.488           1.712e+00              86.003           2.250e+01     
  90.000          77.000            1.959e+00          -1.439e+01             295.409           1.857e+00              86.329           2.267e+01     
  90.000          78.000            2.095e+00          -1.431e+01             295.350           1.994e+00              86.609           2.282e+01     
  90.000          79.000            2.223e+00          -1.423e+01             295.310           2.123e+00              86.845           2.295e+01     
  90.000          80.000            2.342e+00          -1.416e+01             295.290           2.244e+00              87.039           2.306e+01     
  90.000          81.000            2.454e+00          -1.409e+01             295.287           2.357e+00              87.194           2.314e+01     
  90.000          82.000            2.558e+00          -1.402e+01             295.302           2.462e+00              87.311           2.321e+01     
  90.000          83.000            2.654e+00          -1.396e+01             295.333           2.559e+00              87.393           2.325e+01     
  90.000          84.000            2.743e+00          -1.390e+01             295.380           2.648e+00              87.441           2.328e+01     
  90.000          85.000            2.824e+00          -1.384e+01             295.443           2.730e+00              87.458           2.329e+01     
  90.000          86.000            2.898e+00          -1.379e+01             295.519           2.804e+00              87.443           2.328e+01     
  90.000          87.000            2.964e+00          -1.373e+01             295.610           2.870e+00              87.400           2.326e+01     
  90.000          88.000            3.023e+00          -1.368e+01             295.714           2.929e+00              87.328           2.322e+01     
  90.000          89.000            3.075e+00          -1.364e+01             295.831           2.981e+00              87.231           2.316e+01     
  90.000          90.000            3.119e+00          -1.359e+01             295.959           3.025e+00              87.107           2.309e+01     
  90.000          91.000            3.156e+00          -1.355e+01             296.098           3.063e+00              86.959           2.301e+01     
  90.000          92.000            3.187e+00          -1.351e+01             296.249           3.093e+00              86.788           2.291e+01     
  90.000          93.000            3.210e+00          -1.347e+01             296.409           3.116e+00              86.594           2.280e+01     
  90.000          94.000            3.226e+00          -1.344e+01             296.579           3.132e+00              86.378           2.268e+01     
  90.000          95.000            3.236e+00          -1.341e+01             296.757           3.141e+00              86.141           2.255e+01     
  90.000          96.000            3.238e+00          -1.338e+01             296.944           3.143e+00              85.884           2.241e+01     
  90.000          97.000            3.234e+00          -1.335e+01             297.139           3.138e+00              85.607           2.226e+01     
  90.000          98.000            3.223e+00          -1.332e+01             297.340           3.126e+00              85.312           2.210e+01     
  90.000          99.000            3.205e+00          -1.330e+01             297.548           3.107e+00              84.998           2.193e+01     
  90.000         100.000            3.180e+00          -1.328e+01             297.762           3.081e+00              84.667           2.176e+01     
  90.000         101.000            3.149e+00          -1.326e+01             297.982           3.048e+00              84.318           2.158e+01     
  90.000         102.000            3.110e+00          -1.325e+01             298.206           3.009e+00              83.952           2.139e+01     
  90.000         103.000            3.065e+00          -1.324e+01             298.435           2.962e+00              83.570           2.120e+01     
  90.000         104.000            3.013e+00          -1.323e+01             298.668           2.909e+00              83.173           2.100e+01     
  90.000         105.000            2.954e+00          -1.322e+01             298.904           2.848e+00              82.759           2.080e+01     
  90.000         106.000            2.888e+00          -1.322e+01             299.144           2.781e+00              82.330           2.059e+01     
  90.000         107.000            2.816e+00          -1.322e+01             299.386           2.706e+00              81.886           2.038e+01     
  90.000         108.000            2.736e+00          -1.322e+01             299.631           2.624e+00              81.427           2.016e+01     
  90.000         109.000            2.649e+00          -1.323e+01             299.877           2.535e+00              80.954           1.994e+01     
  90.000         110.000            2.555e+00          -1.324e+01             300.125           2.439e+00              80.466           1.972e+01     
  90.000         111.000            2.454e+00          -1.325e+01             300.374           2.336e+00              79.963           1.949e+01     
  90.000         112.000            2.346e+00          -1.327e+01             300.624           2.225e+00              79.446           1.926e+01     
  90.000         113.000            2.230e+00          -1.329e+01             300.875           2.106e+00              78.914           1.903e+01     
  90.000         114.000            2.106e+00          -1.331e+01             301.126           1.980e+00              78.367           1.879e+01     
  90.000         115.000            1.976e+00          -1.334e+01             301.378           1.846e+00              77.805           1.856e+01     
  90.000         116.000            1.837e+00          -1.337e+01             301.630           1.704e+00              77.228           1.832e+01     
  90.000         117.000            1.691e+00          -1.341e+01             301.881           1.554e+00              76.635           1.807e+01     
  90.000         118.000            1.536e+00          -1.345e+01             302.133           1.396e+00              76.026           1.783e+01     
  90.000         119.000            1.373e+00          -1.349e+01             302.384           1.229e+00              75.400           1.758e+01     
  90.000         120.000            1.202e+00          -1.354e+01             302.635           1.054e+00              74.756           1.733e+01     
  90.000         121.000            1.023e+00          -1.360e+01             302.885           8.702e-01              74.093           1.707e+01     
  90.000         122.000            8.345e-01          -1.366e+01             303.135           6.772e-01              73.410           1.682e+01     
  90.000         123.000            6.371e-01          -1.372e+01             303.385           4.749e-01              72.706           1.656e+01     
  90.000         124.000            4.306e-01          -1.379e+01             303.634           2.631e-01              71.978           1.630e+01     
  90.000         125.000            2.146e-01          -1.387e+01             303.884           4.147e-02              71.226           1.603e+01     
  90.000         126.000           -1.122e-02          -1.395e+01             304.133          -1.903e-01              70.447           1.577e+01     
  90.000         127.000           -2.470e-01          -1.404e+01             304.383          -4.324e-01              69.639           1.549e+01     
  90.000         128.000           -4.932e-01          -1.413e+01             304.633          -6.853e-01              68.798           1.522e+01     
  90.000         129.000           -7.500e-01          -1.423e+01             304.884          -9.493e-01              67.921           1.494e+01     
  90.000         130.000           -1.018e+00          -1.434e+01             305.136          -1.225e+00              67.005           1.466e+01     
  90.000         131.000           -1.297e+00          -1.446e+01             305.390          -1.512e+00              66.044           1.437e+01     
  90.000         132.000           -1.588e+00          -1.458e+01             305.645          -1.812e+00              65.033           1.408e+01     
  90.000         133.000           -1.891e+00          -1.471e+01             305.902          -2.124e+00              63.968           1.378e+01     
  90.000         134.000           -2.206e+00          -1.485e+01             306.163          -2.449e+00              62.839           1.348e+01     
  90.000         135.000           -2.534e+00          -1.500e+01             306.426          -2.788e+00              61.640           1.318e+01     
  90.000         136.000           -2.875e+00          -1.515e+01             306.694          -3.140e+00              60.360           1.287e+01     
  90.000         137.000           -3.229e+00          -1.532e+01             306.966          -3.507e+00              58.990           1.255e+01     
  90.000         138.000           -3.597e+00          -1.549e+01             307.244          -3.887e+00              57.515           1.224e+01     
  90.000         139.000           -3.979e+00          -1.568e+01             307.529          -4.283e+00              55.922           1.192e+01     
  90.000         140.000           -4.374e+00          -1.587e+01             307.821          -4.692e+00              54.194           1.160e+01     
  90.000         141.000           -4.782e+00          -1.608e+01             308.121          -5.116e+00              52.311           1.128e+01     
  90.000         142.000           -5.202e+00          -1.630e+01             308.431          -5.553e+00              50.250           1.097e+01     
  90.000         143.000           -5.634e+00          -1.653e+01             308.753          -6.002e+00              47.987           1.067e+01     
  90.000         144.000           -6.076e+00          -1.678e+01             309.087          -6.462e+00              45.492           1.038e+01     
  90.000         145.000           -6.525e+00          -1.704e+01             309.436          -6.929e+00              42.735           1.013e+01     
  90.000         146.000           -6.977e+00          -1.731e+01             309.802          -7.399e+00              39.682           9.915e+00     
  90.000         147.000           -7.428e+00          -1.760e+01             310.188          -7.867e+00              36.300           9.763e+00     
  90.000         148.000           -7.872e+00          -1.791e+01             310.596          -8.325e+00              32.555           9.694e+00     
  90.000         149.000           -8.299e+00          -1.824e+01             311.028          -8.764e+00              28.422           9.739e+00     
  90.000         150.000           -8.700e+00          -1.858e+01             311.490          -9.171e+00              23.888           9.930e+00     
  90.000         151.000           -9.062e+00          -1.895e+01             311.986          -9.533e+00              18.957           1.031e+01     
  90.000         152.000           -9.373e+00          -1.934e+01             312.520          -9.834e+00              13.661           1.090e+01     
  90.000         153.000           -9.617e+00          -1.975e+01             313.100          -1.006e+01               8.065           1.175e+01     
  90.000         154.000           -9.785e+00          -2.019e+01             313.734          -1.020e+01               2.264           1.290e+01     
  90.000         155.000           -9.865e+00          -2.067e+01             314.430          -1.024e+01             356.382           1.436e+01     
  90.000         156.000           -9.856e+00          -2.117e+01             315.202          -1.019e+01             350.554           1.619e+01     
  90.000         157.000           -9.758e+00          -2.171e+01             316.064          -1.004e+01             344.911           1.844e+01     
  90.000         158.000           -9.579e+00          -2.229e+01             317.035          -9.818e+00             339.564           2.122e+01     
  90.000         159.000           -9.329e+00          -2.292e+01             318.140          -9.524e+00             334.590           2.471e+01     
  90.000         160.000           -9.022e+00          -2.359e+01             319.413          -9.177e+00             330.037           2.940e+01     
  90.000         161.000           -8.671e+00          -2.433e+01             320.897          -8.791e+00             325.920           3.693e+01     
  90.000         162.000           -8.289e+00          -2.513e+01             322.653          -8.380e+00             322.234           4.000e+01     
  90.000         163.000           -7.886e+00          -2.601e+01             324.766          -7.954e+00             318.955           3.808e+01     
  90.000         164.000           -7.472e+00          -2.698e+01             327.358          -7.521e+00             316.055           3.371e+01     
  90.000         165.000           -7.053e+00          -2.805e+01             330.609          -7.088e+00             313.499           3.166e+01     
  90.000         166.000           -6.636e+00          -2.924e+01             334.793          -6.659e+00             311.251           3.059e+01     
  90.000         167.000           -6.223e+00          -3.055e+01             340.328          -6.239e+00             309.279           3.009e+01     
  90.000         168.000           -5.818e+00          -3.197e+01             347.856          -5.828e+00             307.552           2.994e+01     
  90.000         169.000           -5.422e+00          -3.342e+01             358.275          -5.429e+00             306.042           3.003e+01     
  90.000         170.000           -5.037e+00          -3.469e+01              12.499          -5.042e+00             304.724           3.032e+01     
  90.000         171.000           -4.664e+00          -3.540e+01              30.374          -4.668e+00             303.577           3.075e+01     
  90.000         172.000           -4.303e+00          -3.523e+01              49.332          -4.306e+00             302.580           3.130e+01     
  90.000         173.000           -3.954e+00          -3.427e+01              65.824          -3.958e+00             301.717           3.196e+01     
  90.000         174.000           -3.617e+00          -3.293e+01              78.367          -3.622e+00             300.973           3.271e+01     
  90.000         175.000           -3.291e+00          -3.153e+01              87.459          -3.298e+00             300.336           3.355e+01     
  90.000         176.000           -2.978e+00          -3.020e+01              94.076          -2.986e+00             299.794           3.448e+01     
  90.000         177.000           -2.676e+00          -2.899e+01              99.012          -2.686e+00             299.336           3.551e+01     
  90.000         178.000           -2.385e+00          -2.790e+01             102.805          -2.397e+00             298.955           3.664e+01     
  90.000         179.000           -2.104e+00          -2.692e+01             105.803          -2.118e+00             298.642           3.789e+01     
  90.000         180.000           -1.834e+00          -2.604e+01             108.234          -1.850e+00             298.391           3.929e+01     
  90.000         181.000           -1.574e+00          -2.524e+01             110.252          -1.592e+00             298.195           4.000e+01     
  90.000         182.000           -1.323e+00          -2.451e+01             111.961          -1.344e+00             298.049           4.000e+01     
  90.000         183.000           -1.082e+00          -2.385e+01             113.433          -1.105e+00             297.948           4.000e+01     
  90.000         184.000           -8.501e-01          -2.324e+01             114.721          -8.752e-01             297.887           4.000e+01     
  90.000         185.000           -6.270e-01          -2.268e+01             115.866          -6.541e-01             297.864           4.000e+01     
  90.000         186.000           -4.125e-01          -2.217e+01             116.895          -4.416e-01             297.874           4.000e+01     
  90.000         187.000           -2.065e-01          -2.169e+01             117.830          -2.374e-01             297.915           4.000e+01     
  90.000         188.000           -8.683e-03          -2.125e+01             118.691          -4.143e-02             297.983           4.000e+01     
  90.000         189.000            1.811e-01          -2.084e+01             119.489           1.466e-01             298.076           4.000e+01     
  90.000         190.000            3.630e-01          -2.046e+01             120.237           3.269e-01             298.192           4.000e+01     
  90.000         191.000            5.371e-01          -2.011e+01             120.942           4.995e-01             298.329           4.000e+01     
  90.000         192.000            7.036e-01          -1.977e+01             121.613           6.645e-01             298.485           4.000e+01     
  90.000         193.000            8.626e-01          -1.947e+01             122.255           8.221e-01             298.658           4.000e+01     
  90.000         194.000            1.014e+00          -1.918e+01             122.874           9.723e-01             298.848           4.000e+01     
  90.000         195.000            1.158e+00          -1.891e+01             123.473           1.115e+00             299.052           4.000e+01     
  90.000         196.000            1.295e+00          -1.866e+01             124.057           1.251e+00             299.270           4.000e+01     
  90.000         197.000            1.425e+00          -1.842e+01             124.628           1.380e+00             299.500           4.000e+01     
  90.000         198.000            1.547e+00          -1.820e+01             125.190           1.501e+00             299.743           4.000e+01     
  90.000         199.000            1.663e+00          -1.800e+01             125.744           1.616e+00             299.996           3.970e+01     
  90.000         200.000            1.771e+00          -1.781e+01             126.293           1.723e+00             300.260           3.920e+01     
  90.000         201.000            1.872e+00          -1.764e+01             126.839           1.823e+00             300.535           3.874e+01     
  90.000         202.000            1.966e+00          -1.747e+01             127.384           1.916e+00             300.819           3.832e+01     
  90.000         203.000            2.053e+00          -1.732e+01             127.929           2.002e+00             301.113           3.793e+01     
  90.000         204.000            2.133e+00          -1.718e+01             128.475           2.082e+00             301.415           3.757e+01     
  90.000         205.000            2.205e+00          -1.705e+01             129.024           2.154e+00             301.727           3.723e+01     
  90.000         206.000            2.271e+00          -1.693e+01             129.577           2.218e+00             302.048           3.691e+01     
  90.000         207.000            2.329e+00          -1.683e+01             130.135           2.276e+00             302.378           3.660e+01     
  90.000         208.000            2.380e+00          -1.673e+01             130.699           2.327e+00             302.717           3.631e+01     
  90.000         209.000            2.424e+00          -1.664e+01             131.271           2.370e+00             303.066           3.602e+01     
  90.000         210.000            2.461e+00          -1.656e+01             131.851           2.406e+00             303.424           3.575e+01     
  90.000         211.000            2.490e+00          -1.649e+01             132.440           2.435e+00             303.792           3.549e+01     
  90.000         212.000            2.512e+00          -1.642e+01             133.038           2.456e+00             304.171           3.523e+01     
  90.000         213.000            2.527e+00          -1.637e+01             133.648           2.470e+00             304.560           3.498e+01     
  90.000         214.000            2.534e+00          -1.632e+01             134.270           2.477e+00             304.961           3.473e+01     
  90.000         215.000            2.533e+00          -1.628e+01             134.904           2.475e+00             305.373           3.449e+01     
  90.000         216.000            2.525e+00          -1.625e+01             135.551           2.467e+00             305.798           3.425e+01     
  90.000         217.000            2.509e+00          -1.622e+01             136.212           2.450e+00             306.237           3.401e+01     
  90.000         218.000            2.485e+00          -1.620e+01             136.887           2.426e+00             306.690           3.378e+01     
  90.000         219.000            2.453e+00          -1.619e+01             137.578           2.394e+00             307.158           3.355e+01     
  90.000         220.000            2.414e+00          -1.618e+01             138.284           2.353e+00             307.642           3.332e+01     
  90.000         221.000            2.366e+00          -1.618e+01             139.008           2.305e+00             308.143           3.310e+01     
  90.000         222.000            2.310e+00          -1.619e+01             139.749           2.248e+00             308.662           3.287e+01     
  90.000         223.000            2.246e+00          -1.620e+01             140.507           2.183e+00             309.201           3.265e+01     
  90.000         224.000            2.173e+00          -1.621e+01             141.285           2.110e+00             309.761           3.243e+01     
  90.000         225.000            2.092e+00          -1.624e+01             142.081           2.028e+00             310.344           3.222e+01     
  90.000         226.000            2.002e+00          -1.626e+01             142.898           1.937e+00             310.951           3.200e+01     
  90.000         227.000            1.904e+00          -1.629e+01             143.734           1.837e+00             311.583           3.179e+01     
  90.000         228.000            1.796e+00          -1.633e+01             144.591           1.729e+00             312.244           3.159e+01     
  90.000         229.000            1.679e+00          -1.637e+01             145.470           1.611e+00             312.935           3.138e+01     
  90.000         230.000            1.553e+00          -1.642e+01             146.370           1.483e+00             313.658           3.118e+01     
  90.000         231.000            1.418e+00          -1.646e+01             147.292           1.347e+00             314.416           3.099e+01     
  90.000         232.000            1.273e+00          -1.652e+01             148.236           1.200e+00             315.211           3.080e+01     
  90.000         233.000            1.119e+00          -1.657e+01             149.202           1.044e+00             316.048           3.062e+01     
  90.000         234.000            9.541e-01          -1.663e+01             150.191           8.778e-01             316.928           3.044e+01     
  90.000         235.000            7.797e-01          -1.669e+01             151.203           7.013e-01             317.857           3.028e+01     
  90.000         236.000            5.951e-01          -1.676e+01             152.237           5.145e-01             318.837           3.013e+01     
  90.000         237.000            4.003e-01          -1.683e+01             153.295           3.173e-01             319.873           2.999e+01     
  90.000         238.000            1.950e-01          -1.690e+01             154.374           1.094e-01             320.971           2.987e+01     
  90.000         239.000           -2.072e-02          -1.697e+01             155.476          -1.093e-01             322.136           2.977e+01     
  90.000         240.000           -2.470e-01          -1.704e+01             156.599          -3.388e-01             323.374           2.969e+01     
  90.000         241.000           -4.839e-01          -1.712e+01             157.744          -5.791e-01             324.691           2.965e+01     
  90.000         242.000           -7.312e-01          -1.720e+01             158.910          -8.303e-01             326.096           2.964e+01     
  90.000         243.000           -9.890e-01          -1.728e+01             160.096          -1.092e+00             327.596           2.968e+01     
  90.000         244.000           -1.257e+00          -1.736e+01             161.300          -1.365e+00             329.200           2.977e+01     
  90.000         245.000           -1.535e+00          -1.744e+01             162.523          -1.648e+00             330.918           2.994e+01     
  90.000         246.000           -1.822e+00          -1.752e+01             163.763          -1.940e+00             332.762           3.020e+01     
  90.000         247.000           -2.118e+00          -1.760e+01             165.019          -2.242e+00             334.743           3.057e+01     
  90.000         248.000           -2.421e+00          -1.769e+01             166.289          -2.552e+00             336.874           3.111e+01     
  90.000         249.000           -2.731e+00          -1.777e+01             167.572          -2.869e+00             339.168           3.187e+01     
  90.000         250.000           -3.045e+00          -1.785e+01             168.867          -3.191e+00             341.641           3.296e+01     
  90.000         251.000           -3.363e+00          -1.794e+01             170.171          -3.517e+00             344.307           3.454e+01     
  90.000         252.000           -3.680e+00          -1.802e+01             171.483          -3.843e+00             347.180           3.699e+01     
  90.000         253.000           -3.995e+00          -1.810e+01             172.801          -4.167e+00             350.273           4.000e+01     
  90.000         254.000           -4.302e+00          -1.819e+01             174.122          -4.483e+00             353.600           4.000e+01     
  90.000         255.000           -4.598e+00          -1.827e+01             175.445          -4.789e+00             357.167           4.000e+01     
  90.000         256.000           -4.878e+00          -1.835e+01             176.768          -5.077e+00               0.978           3.636e+01     
  90.000         257.000           -5.135e+00          -1.844e+01             178.088          -5.343e+00               5.031           3.186e+01     
  90.000         258.000           -5.365e+00          -1.852e+01             179.404          -5.580e+00               9.312           2.864e+01     
  90.000         259.000           -5.561e+00          -1.860e+01             180.712          -5.782e+00              13.800           2.614e+01     
  90.000         260.000           -5.717e+00          -1.869e+01             182.011          -5.942e+00              18.464           2.412e+01     
  90.000         261.000           -5.829e+00          -1.877e+01             183.299          -6.056e+00              23.259           2.246e+01     
  90.000         262.000           -5.895e+00          -1.886e+01             184.572          -6.120e+00              28.136           2.109e+01     
  90.000         263.000           -5.911e+00          -1.894e+01             185.830          -6.133e+00              33.037           1.997e+01     
  90.000         264.000           -5.879e+00          -1.903e+01             187.070          -6.095e+00              37.905           1.907e+01     
  90.000         265.000           -5.801e+00          -1.912e+01             188.290          -6.008e+00              42.686           1.836e+01     
  90.000         266.000           -5.681e+00          -1.922e+01             189.487          -5.878e+00              47.331           1.783e+01     
  90.000         267.000           -5.523e+00          -1.931e+01             190.661          -5.709e+00              51.803           1.745e+01     
  90.000         268.000           -5.333e+00          -1.941e+01             191.808          -5.507e+00              56.074           1.721e+01     
  90.000         269.000           -5.118e+00          -1.951e+01             192.928          -5.279e+00              60.127           1.707e+01     
  90.000         270.000           -4.882e+00          -1.961e+01             194.018          -5.031e+00              63.953           1.703e+01     
  90.000         271.000           -4.633e+00          -1.972e+01             195.076          -4.769e+00              67.553           1.707e+01     
  90.000         272.000           -4.373e+00          -1.983e+01             196.101          -4.498e+00              70.931           1.717e+01     
  90.000         273.000           -4.108e+00          -1.995e+01             197.091          -4.223e+00              74.099           1.733e+01     
  90.000         274.000           -3.842e+00          -2.008e+01             198.045          -3.946e+00              77.068           1.752e+01     
  90.000         275.000           -3.576e+00          -2.021e+01             198.960          -3.672e+00              79.853           1.775e+01     
  90.000         276.000           -3.315e+00          -2.034e+01             199.835          -3.402e+00              82.468           1.801e+01     
  90.000         277.000           -3.059e+00          -2.049e+01             200.668          -3.138e+00              84.928           1.829e+01     
  90.000         278.000           -2.811e+00          -2.064e+01             201.457          -2.883e+00              87.247           1.858e+01     
  90.000         279.000           -2.570e+00          -2.080e+01             202.200          -2.636e+00              89.438           1.889e+01     
  90.000         280.000           -2.340e+00          -2.098e+01             202.895          -2.399e+00              91.514           1.921e+01     
  90.000         281.000           -2.119e+00          -2.116e+01             203.539          -2.173e+00              93.485           1.954e+01     
  90.000         282.000           -1.908e+00          -2.135e+01             204.129          -1.958e+00              95.362           1.988e+01     
  90.000         283.000           -1.709e+00          -2.156e+01             204.663          -1.754e+00              97.155           2.022e+01     
  90.000         284.000           -1.520e+00          -2.178e+01             205.137          -1.561e+00              98.872           2.058e+01     
  90.000         285.000           -1.343e+00          -2.201e+01             205.546          -1.380e+00             100.522           2.094e+01     
  90.000         286.000           -1.177e+00          -2.226e+01             205.886          -1.211e+00             102.110           2.130e+01     
  90.000         287.000           -1.022e+00          -2.252e+01             206.152          -1.053e+00             103.644           2.168e+01     
  90.000         288.000           -8.782e-01          -2.280e+01             206.337          -9.061e-01             105.130           2.207e+01     
  90.000         289.000           -7.459e-01          -2.310e+01             206.432          -7.712e-01             106.571           2.246e+01     
  90.000         290.000           -6.249e-01          -2.343e+01             206.430          -6.477e-01             107.974           2.287e+01     
  90.000         291.000           -5.150e-01          -2.377e+01             206.318          -5.356e-01             109.342           2.330e+01     
  90.000         292.000           -4.163e-01          -2.414e+01             206.082          -4.347e-01             110.679           2.374e+01     
  90.000         293.000           -3.286e-01          -2.453e+01             205.708          -3.451e-01             111.990           2.420e+01     
  90.000         294.000           -2.519e-01          -2.495e+01             205.173          -2.667e-01             113.276           2.469e+01     
  90.000         295.000           -1.863e-01          -2.540e+01             204.453          -1.993e-01             114.541           2.520e+01     
  90.000         296.000           -1.315e-01          -2.588e+01             203.518          -1.431e-01             115.789           2.575e+01     
  90.000         297.000           -8.769e-02          -2.640e+01             202.327          -9.786e-02             117.020           2.633e+01     
  90.000         298.000           -5.479e-02          -2.695e+01             200.832          -6.368e-02             118.239           2.696e+01     
  90.000         299.000           -3.280e-02          -2.754e+01             198.970          -4.052e-02             119.447           2.764e+01     
  90.000         300.000           -2.176e-02          -2.817e+01             196.664          -2.842e-02             120.646           2.840e+01     
  90.000         301.000           -2.169e-02          -2.883e+01             193.816          -2.741e-02             121.839           2.924e+01     
  90.000         302.000           -3.265e-02          -2.952e+01             190.304          -3.754e-02             123.028           3.018e+01     
  90.000         303.000           -5.473e-02          -3.023e+01             185.987          -5.890e-02             124.214           3.127e+01     
  90.000         304.000           -8.800e-02          -3.093e+01             180.708          -9.158e-02             125.400           3.254e+01     
  90.000         305.000           -1.326e-01          -3.159e+01             174.327          -1.357e-01             126.587           3.407e+01     
  90.000         306.000           -1.886e-01          -3.216e+01             166.774          -1.914e-01             127.777           3.600e+01     
  90.000         307.000           -2.563e-01          -3.257e+01             158.133          -2.588e-01             128.973           3.856e+01     
  90.000         308.000           -3.357e-01          -3.276e+01             148.720          -3.382e-01             130.177           4.000e+01     
  90.000         309.000           -4.271e-01          -3.269e+01             139.069          -4.297e-01             131.391           4.000e+01     
  90.000         310.000           -5.307e-01          -3.236e+01             129.786          -5.336e-01             132.617           4.000e+01     
  90.000         311.000           -6.468e-01          -3.183e+01             121.356          -6.501e-01             133.858           4.000e+01     
  90.000         312.000           -7.757e-01          -3.115e+01             114.024          -7.797e-01             135.117           3.926e+01     
  90.000         313.000           -9.176e-01          -3.040e+01             107.823          -9.225e-01             136.396           3.589e+01     
  90.000         314.000           -1.073e+00          -2.962e+01             102.657          -1.079e+00             137.699           3.337e+01     
  90.000         315.000           -1.242e+00          -2.885e+01              98.376          -1.250e+00             139.029           3.133e+01     
  90.000         316.000           -1.425e+00          -2.809e+01              94.825          -1.435e+00             140.391           2.959e+01     
  90.000         317.000           -1.623e+00          -2.737e+01              91.868          -1.635e+00             141.789           2.807e+01     
  90.000         318.000           -1.836e+00          -2.669e+01              89.391          -1.850e+00             143.228           2.670e+01     
  90.000         319.000           -2.064e+00          -2.604e+01              87.300          -2.082e+00             144.714           2.546e+01     
  90.000         320.000           -2.309e+00          -2.543e+01              85.522          -2.330e+00             146.253           2.430e+01     
  90.000         321.000           -2.570e+00          -2.486e+01              83.999          -2.595e+00             147.854           2.321e+01     
  90.000         322.000           -2.848e+00          -2.433e+01              82.684          -2.879e+00             149.524           2.219e+01     
  90.000         323.000           -3.144e+00          -2.382e+01              81.540          -3.181e+00             151.275           2.121e+01     
  90.000         324.000           -3.458e+00          -2.335e+01              80.536          -3.502e+00             153.117           2.027e+01     
  90.000         325.000           -3.790e+00          -2.291e+01              79.650          -3.844e+00             155.065           1.936e+01     
  90.000         326.000           -4.142e+00          -2.250e+01              78.862          -4.205e+00             157.135           1.848e+01     
  90.000         327.000           -4.512e+00          -2.211e+01              78.154          -4.589e+00             159.345           1.762e+01     
  90.000         328.000           -4.902e+00          -2.174e+01              77.515          -4.993e+00             161.718           1.680e+01     
  90.000         329.000           -5.311e+00          -2.140e+01              76.932          -5.419e+00             164.280           1.599e+01     
  90.000         330.000           -5.738e+00          -2.108e+01              76.397          -5.867e+00             167.061           1.521e+01     
  90.000         331.000           -6.181e+00          -2.078e+01              75.901          -6.334e+00             170.097           1.447e+01     
  90.000         332.000           -6.638e+00          -2.050e+01              75.438          -6.820e+00             173.430           1.377e+01     
  90.000         333.000           -7.105e+00          -2.024e+01              75.001          -7.321e+00             177.106           1.313e+01     
  90.000         334.000           -7.576e+00          -1.999e+01              74.586          -7.832e+00             181.176           1.257e+01     
  90.000         335.000           -8.043e+00          -1.976e+01              74.188          -8.346e+00             185.695           1.214e+01     
  90.000         336.000           -8.496e+00          -1.955e+01              73.803          -8.850e+00             190.714           1.186e+01     
  90.000         337.000           -8.920e+00          -1.936e+01              73.427          -9.331e+00             196.274           1.181e+01     
  90.000         338.000           -9.299e+00          -1.918e+01              73.058          -9.770e+00             202.396           1.206e+01     
  90.000         339.000           -9.614e+00          -1.901e+01              72.693          -1.014e+01             209.062           1.270e+01     
  90.000         340.000           -9.847e+00          -1.886e+01              72.328          -1.043e+01             216.203           1.383e+01     
  90.000         341.000           -9.983e+00          -1.872e+01              71.962          -1.061e+01             223.687           1.562e+01     
  90.000         342.000           -1.001e+01          -1.860e+01              71.592          -1.066e+01             231.333           1.832e+01     
  90.000         343.000           -9.932e+00          -1.849e+01              71.215          -1.058e+01             238.929           2.260e+01     
  90.000         344.000           -9.752e+00          -1.839e+01              70.831          -1.039e+01             246.272           3.126e+01     
  90.000         345.000           -9.487e+00          -1.830e+01              70.437          -1.010e+01             253.200           3.577e+01     
  90.000         346.000           -9.153e+00          -1.823e+01              70.031          -9.726e+00             259.607           2.520e+01     
  90.000         347.000           -8.770e+00          -1.817e+01              69.611          -9.299e+00             265.447           2.114e+01     
  90.000         348.000           -8.354e+00          -1.812e+01              69.175          -8.839e+00             270.722           1.884e+01     
  90.000         349.000           -7.922e+00          -1.808e+01              68.722          -8.362e+00             275.461           1.738e+01     
  90.000         350.000           -7.483e+00          -1.805e+01              68.249          -7.882e+00             279.712           1.642e+01     
  90.000         351.000           -7.048e+00          -1.804e+01              67.755          -7.408e+00             283.528           1.579e+01     
  90.000         352.000           -6.622e+00          -1.804e+01              67.237          -6.947e+00             286.964           1.538e+01     
  90.000         353.000           -6.209e+00          -1.804e+01              66.693          -6.504e+00             290.069           1.513e+01     
  90.000         354.000           -5.814e+00          -1.806e+01              66.122          -6.080e+00             292.888           1.499e+01     
  90.000         355.000           -5.436e+00          -1.809e+01              65.520          -5.679e+00             295.460           1.495e+01     
  90.000         356.000           -5.078e+00          -1.813e+01              64.886          -5.299e+00             297.820           1.496e+01     
  90.000         357.000           -4.741e+00          -1.818e+01              64.217          -4.942e+00             299.997           1.502e+01     
  90.000         358.000           -4.423e+00          -1.824e+01              63.510          -4.607e+00             302.015           1.513e+01     
  90.000         359.000           -4.126e+00          -1.832e+01              62.762          -4.294e+00             303.895           1.526e+01     
