Theta [deg.]  Phi   [deg.]  Abs(Grlz)[dBi   ]   Abs(Theta)[dBi   ]  Phase(Theta)[deg.]  Abs(Phi  )[dBi   ]  Phase(Phi  )[deg.]  Ax.Ratio[dB    ]    
------------------------------------------------------------------------------------------------------------------------------------------------------
  90.000           0.000           -1.728e+00          -7.871e+00             264.771          -2.938e+00              54.802           1.295e+01     
  90.000           1.000           -1.593e+00          -8.198e+00             263.750          -2.663e+00              52.439           1.293e+01     
  90.000           2.000           -1.424e+00          -8.538e+00             262.705          -2.362e+00              50.275           1.305e+01     
  90.000           3.000           -1.226e+00          -8.892e+00             261.643          -2.041e+00              48.353           1.329e+01     
  90.000           4.000           -1.006e+00          -9.258e+00             260.571          -1.709e+00              46.697           1.367e+01     
  90.000           5.000           -7.689e-01          -9.639e+00             259.501          -1.372e+00              45.319           1.415e+01     
  90.000           6.000           -5.215e-01          -1.003e+01             258.443          -1.037e+00              44.221           1.474e+01     
  90.000           7.000           -2.696e-01          -1.044e+01             257.410          -7.083e-01              43.398           1.541e+01     
  90.000           8.000           -1.798e-02          -1.087e+01             256.416          -3.906e-01              42.842           1.616e+01     
  90.000           9.000            2.290e-01          -1.131e+01             255.478          -8.675e-02              42.539           1.698e+01     
  90.000          10.000            4.679e-01          -1.178e+01             254.614           2.008e-01              42.477           1.785e+01     
  90.000          11.000            6.961e-01          -1.227e+01             253.845           4.708e-01              42.641           1.878e+01     
  90.000          12.000            9.119e-01          -1.278e+01             253.196           7.222e-01              43.018           1.976e+01     
  90.000          13.000            1.114e+00          -1.332e+01             252.697           9.549e-01              43.594           2.078e+01     
  90.000          14.000            1.302e+00          -1.390e+01             252.381           1.169e+00              44.357           2.184e+01     
  90.000          15.000            1.476e+00          -1.452e+01             252.293           1.365e+00              45.295           2.292e+01     
  90.000          16.000            1.635e+00          -1.518e+01             252.486           1.544e+00              46.396           2.401e+01     
  90.000          17.000            1.781e+00          -1.590e+01             253.032           1.706e+00              47.648           2.508e+01     
  90.000          18.000            1.914e+00          -1.667e+01             254.026           1.853e+00              49.042           2.611e+01     
  90.000          19.000            2.035e+00          -1.751e+01             255.597           1.986e+00              50.565           2.705e+01     
  90.000          20.000            2.145e+00          -1.842e+01             257.924           2.106e+00              52.206           2.784e+01     
  90.000          21.000            2.245e+00          -1.941e+01             261.257           2.215e+00              53.954           2.844e+01     
  90.000          22.000            2.337e+00          -2.045e+01             265.938           2.314e+00              55.796           2.878e+01     
  90.000          23.000            2.420e+00          -2.151e+01             272.402           2.403e+00              57.719           2.883e+01     
  90.000          24.000            2.497e+00          -2.250e+01             281.111           2.484e+00              59.711           2.859e+01     
  90.000          25.000            2.568e+00          -2.327e+01             292.270           2.557e+00              61.757           2.809e+01     
  90.000          26.000            2.633e+00          -2.362e+01             305.351           2.623e+00              63.843           2.737e+01     
  90.000          27.000            2.693e+00          -2.342e+01             318.854           2.683e+00              65.957           2.649e+01     
  90.000          28.000            2.748e+00          -2.272e+01             331.031           2.736e+00              68.082           2.552e+01     
  90.000          29.000            2.797e+00          -2.171e+01             340.919           2.782e+00              70.207           2.449e+01     
  90.000          30.000            2.840e+00          -2.058e+01             348.477           2.821e+00              72.318           2.346e+01     
  90.000          31.000            2.877e+00          -1.945e+01             354.102           2.852e+00              74.402           2.243e+01     
  90.000          32.000            2.906e+00          -1.837e+01             358.257           2.874e+00              76.448           2.143e+01     
  90.000          33.000            2.927e+00          -1.736e+01               1.323           2.886e+00              78.445           2.047e+01     
  90.000          34.000            2.938e+00          -1.643e+01               3.583           2.887e+00              80.383           1.955e+01     
  90.000          35.000            2.937e+00          -1.557e+01               5.241           2.875e+00              82.254           1.868e+01     
  90.000          36.000            2.924e+00          -1.479e+01               6.444           2.850e+00              84.050           1.785e+01     
  90.000          37.000            2.897e+00          -1.407e+01               7.286           2.808e+00              85.765           1.706e+01     
  90.000          38.000            2.854e+00          -1.341e+01               7.849           2.750e+00              87.392           1.631e+01     
  90.000          39.000            2.793e+00          -1.280e+01               8.186           2.672e+00              88.927           1.559e+01     
  90.000          40.000            2.714e+00          -1.223e+01               8.339           2.573e+00              90.364           1.490e+01     
  90.000          41.000            2.614e+00          -1.171e+01               8.339           2.451e+00              91.700           1.423e+01     
  90.000          42.000            2.493e+00          -1.123e+01               8.208           2.305e+00              92.931           1.358e+01     
  90.000          43.000            2.348e+00          -1.079e+01               7.966           2.132e+00              94.051           1.294e+01     
  90.000          44.000            2.178e+00          -1.037e+01               7.628           1.930e+00              95.057           1.231e+01     
  90.000          45.000            1.982e+00          -9.991e+00               7.206           1.697e+00              95.943           1.169e+01     
  90.000          46.000            1.759e+00          -9.636e+00               6.708           1.432e+00              96.702           1.107e+01     
  90.000          47.000            1.507e+00          -9.306e+00               6.144           1.131e+00              97.326           1.044e+01     
  90.000          48.000            1.225e+00          -9.000e+00               5.520           7.920e-01              97.805           9.801e+00     
  90.000          49.000            9.134e-01          -8.716e+00               4.841           4.126e-01              98.128           9.147e+00     
  90.000          50.000            5.707e-01          -8.453e+00               4.115          -1.028e-02              98.276           8.473e+00     
  90.000          51.000            1.971e-01          -8.209e+00               3.344          -4.799e-01              98.231           7.773e+00     
  90.000          52.000           -2.068e-01          -7.983e+00               2.535          -9.998e-01              97.964           7.041e+00     
  90.000          53.000           -6.398e-01          -7.773e+00               1.689          -1.574e+00              97.442           6.271e+00     
  90.000          54.000           -1.099e+00          -7.580e+00               0.813          -2.206e+00              96.619           5.455e+00     
  90.000          55.000           -1.581e+00          -7.402e+00             359.909          -2.900e+00              95.434           4.586e+00     
  90.000          56.000           -2.080e+00          -7.238e+00             358.981          -3.660e+00              93.807           3.656e+00     
  90.000          57.000           -2.586e+00          -7.087e+00             358.034          -4.488e+00              91.632           2.657e+00     
  90.000          58.000           -3.087e+00          -6.949e+00             357.070          -5.385e+00              88.765           1.585e+00     
  90.000          59.000           -3.568e+00          -6.824e+00             356.093          -6.346e+00              85.020           5.042e-01     
  90.000          60.000           -4.010e+00          -6.710e+00             355.107          -7.356e+00              80.156           9.915e-01     
  90.000          61.000           -4.393e+00          -6.607e+00             354.115          -8.380e+00              73.896           2.367e+00     
  90.000          62.000           -4.697e+00          -6.516e+00             353.121          -9.355e+00              65.982           3.907e+00     
  90.000          63.000           -4.906e+00          -6.435e+00             352.129          -1.018e+01              56.319           5.608e+00     
  90.000          64.000           -5.013e+00          -6.364e+00             351.141          -1.074e+01              45.204           7.487e+00     
  90.000          65.000           -5.019e+00          -6.304e+00             350.161          -1.093e+01              33.454           9.566e+00     
  90.000          66.000           -4.936e+00          -6.254e+00             349.192          -1.076e+01              22.165           1.188e+01     
  90.000          67.000           -4.782e+00          -6.213e+00             348.239          -1.030e+01              12.206           1.447e+01     
  90.000          68.000           -4.578e+00          -6.183e+00             347.304          -9.678e+00               3.936           1.742e+01     
  90.000          69.000           -4.343e+00          -6.162e+00             346.390          -9.001e+00             357.292           2.087e+01     
  90.000          70.000           -4.097e+00          -6.150e+00             345.501          -8.335e+00             352.026           2.516e+01     
  90.000          71.000           -3.852e+00          -6.149e+00             344.640          -7.718e+00             347.856           3.118e+01     
  90.000          72.000           -3.621e+00          -6.156e+00             343.811          -7.166e+00             344.538           4.000e+01     
  90.000          73.000           -3.412e+00          -6.174e+00             343.017          -6.686e+00             341.877           4.000e+01     
  90.000          74.000           -3.229e+00          -6.200e+00             342.260          -6.278e+00             339.724           3.310e+01     
  90.000          75.000           -3.076e+00          -6.236e+00             341.546          -5.942e+00             337.969           3.012e+01     
  90.000          76.000           -2.956e+00          -6.282e+00             340.877          -5.673e+00             336.527           2.843e+01     
  90.000          77.000           -2.870e+00          -6.337e+00             340.257          -5.468e+00             335.335           2.738e+01     
  90.000          78.000           -2.818e+00          -6.400e+00             339.689          -5.323e+00             334.344           2.668e+01     
  90.000          79.000           -2.800e+00          -6.473e+00             339.179          -5.235e+00             333.517           2.620e+01     
  90.000          80.000           -2.815e+00          -6.555e+00             338.729          -5.200e+00             332.823           2.585e+01     
  90.000          81.000           -2.862e+00          -6.645e+00             338.344          -5.217e+00             332.240           2.558e+01     
  90.000          82.000           -2.940e+00          -6.744e+00             338.029          -5.280e+00             331.748           2.534e+01     
  90.000          83.000           -3.048e+00          -6.850e+00             337.788          -5.389e+00             331.331           2.510e+01     
  90.000          84.000           -3.184e+00          -6.964e+00             337.624          -5.541e+00             330.975           2.483e+01     
  90.000          85.000           -3.345e+00          -7.085e+00             337.544          -5.732e+00             330.667           2.453e+01     
  90.000          86.000           -3.531e+00          -7.211e+00             337.550          -5.960e+00             330.396           2.417e+01     
  90.000          87.000           -3.737e+00          -7.344e+00             337.649          -6.222e+00             330.149           2.374e+01     
  90.000          88.000           -3.961e+00          -7.481e+00             337.842          -6.515e+00             329.913           2.324e+01     
  90.000          89.000           -4.200e+00          -7.621e+00             338.136          -6.836e+00             329.674           2.265e+01     
  90.000          90.000           -4.452e+00          -7.765e+00             338.531          -7.179e+00             329.416           2.199e+01     
  90.000          91.000           -4.711e+00          -7.909e+00             339.031          -7.541e+00             329.121           2.125e+01     
  90.000          92.000           -4.974e+00          -8.053e+00             339.638          -7.916e+00             328.766           2.043e+01     
  90.000          93.000           -5.237e+00          -8.196e+00             340.352          -8.298e+00             328.328           1.955e+01     
  90.000          94.000           -5.495e+00          -8.336e+00             341.171          -8.681e+00             327.779           1.861e+01     
  90.000          95.000           -5.743e+00          -8.471e+00             342.093          -9.056e+00             327.090           1.763e+01     
  90.000          96.000           -5.978e+00          -8.601e+00             343.115          -9.414e+00             326.228           1.661e+01     
  90.000          97.000           -6.195e+00          -8.723e+00             344.229          -9.747e+00             325.165           1.556e+01     
  90.000          98.000           -6.388e+00          -8.836e+00             345.428          -1.004e+01             323.871           1.450e+01     
  90.000          99.000           -6.554e+00          -8.939e+00             346.703          -1.030e+01             322.329           1.343e+01     
  90.000         100.000           -6.690e+00          -9.031e+00             348.041          -1.049e+01             320.529           1.236e+01     
  90.000         101.000           -6.791e+00          -9.112e+00             349.431          -1.062e+01             318.476           1.131e+01     
  90.000         102.000           -6.855e+00          -9.181e+00             350.859          -1.068e+01             316.191           1.027e+01     
  90.000         103.000           -6.881e+00          -9.238e+00             352.312          -1.066e+01             313.710           9.261e+00     
  90.000         104.000           -6.866e+00          -9.284e+00             353.774          -1.056e+01             311.084           8.288e+00     
  90.000         105.000           -6.811e+00          -9.320e+00             355.233          -1.039e+01             308.367           7.357e+00     
  90.000         106.000           -6.717e+00          -9.347e+00             356.678          -1.014e+01             305.616           6.476e+00     
  90.000         107.000           -6.586e+00          -9.367e+00             358.096          -9.839e+00             302.881           5.653e+00     
  90.000         108.000           -6.421e+00          -9.380e+00             359.479          -9.483e+00             300.203           4.900e+00     
  90.000         109.000           -6.226e+00          -9.391e+00               0.821          -9.087e+00             297.609           4.229e+00     
  90.000         110.000           -6.005e+00          -9.399e+00               2.116          -8.663e+00             295.115           3.663e+00     
  90.000         111.000           -5.765e+00          -9.408e+00               3.362          -8.222e+00             292.725           3.228e+00     
  90.000         112.000           -5.510e+00          -9.420e+00               4.559          -7.775e+00             290.438           2.954e+00     
  90.000         113.000           -5.246e+00          -9.436e+00               5.707          -7.329e+00             288.241           2.861e+00     
  90.000         114.000           -4.978e+00          -9.460e+00               6.810          -6.892e+00             286.125           2.944e+00     
  90.000         115.000           -4.713e+00          -9.493e+00               7.874          -6.469e+00             284.072           3.172e+00     
  90.000         116.000           -4.453e+00          -9.536e+00               8.903          -6.067e+00             282.067           3.504e+00     
  90.000         117.000           -4.204e+00          -9.591e+00               9.908          -5.687e+00             280.092           3.904e+00     
  90.000         118.000           -3.970e+00          -9.661e+00              10.895          -5.335e+00             278.131           4.348e+00     
  90.000         119.000           -3.752e+00          -9.746e+00              11.876          -5.010e+00             276.169           4.822e+00     
  90.000         120.000           -3.554e+00          -9.848e+00              12.863          -4.716e+00             274.190           5.317e+00     
  90.000         121.000           -3.379e+00          -9.968e+00              13.867          -4.454e+00             272.179           5.831e+00     
  90.000         122.000           -3.227e+00          -1.011e+01              14.902          -4.224e+00             270.122           6.363e+00     
  90.000         123.000           -3.100e+00          -1.026e+01              15.984          -4.027e+00             268.002           6.917e+00     
  90.000         124.000           -2.999e+00          -1.044e+01              17.129          -3.862e+00             265.806           7.499e+00     
  90.000         125.000           -2.924e+00          -1.064e+01              18.354          -3.729e+00             263.518           8.117e+00     
  90.000         126.000           -2.876e+00          -1.086e+01              19.680          -3.629e+00             261.121           8.781e+00     
  90.000         127.000           -2.854e+00          -1.110e+01              21.126          -3.559e+00             258.600           9.507e+00     
  90.000         128.000           -2.857e+00          -1.135e+01              22.717          -3.519e+00             255.936           1.031e+01     
  90.000         129.000           -2.884e+00          -1.163e+01              24.478          -3.507e+00             253.113           1.123e+01     
  90.000         130.000           -2.933e+00          -1.192e+01              26.434          -3.519e+00             250.110           1.229e+01     
  90.000         131.000           -3.001e+00          -1.223e+01              28.612          -3.554e+00             246.910           1.356e+01     
  90.000         132.000           -3.084e+00          -1.254e+01              31.042          -3.607e+00             243.496           1.512e+01     
  90.000         133.000           -3.179e+00          -1.286e+01              33.751          -3.673e+00             239.852           1.714e+01     
  90.000         134.000           -3.278e+00          -1.318e+01              36.763          -3.747e+00             235.967           1.994e+01     
  90.000         135.000           -3.377e+00          -1.349e+01              40.098          -3.822e+00             231.835           2.436e+01     
  90.000         136.000           -3.467e+00          -1.378e+01              43.766          -3.891e+00             227.457           3.456e+01     
  90.000         137.000           -3.541e+00          -1.405e+01              47.764          -3.946e+00             222.847           3.224e+01     
  90.000         138.000           -3.590e+00          -1.427e+01              52.070          -3.978e+00             218.031           2.333e+01     
  90.000         139.000           -3.608e+00          -1.444e+01              56.641          -3.982e+00             213.046           1.905e+01     
  90.000         140.000           -3.587e+00          -1.456e+01              61.415          -3.949e+00             207.946           1.630e+01     
  90.000         141.000           -3.525e+00          -1.460e+01              66.309          -3.877e+00             202.793           1.436e+01     
  90.000         142.000           -3.418e+00          -1.458e+01              71.230          -3.764e+00             197.655           1.297e+01     
  90.000         143.000           -3.269e+00          -1.449e+01              76.081          -3.610e+00             192.602           1.199e+01     
  90.000         144.000           -3.081e+00          -1.433e+01              80.774          -3.420e+00             187.696           1.136e+01     
  90.000         145.000           -2.861e+00          -1.412e+01              85.240          -3.199e+00             182.991           1.101e+01     
  90.000         146.000           -2.614e+00          -1.386e+01              89.425          -2.953e+00             178.525           1.091e+01     
  90.000         147.000           -2.350e+00          -1.357e+01              93.301          -2.691e+00             174.325           1.100e+01     
  90.000         148.000           -2.075e+00          -1.325e+01              96.856          -2.420e+00             170.405           1.125e+01     
  90.000         149.000           -1.798e+00          -1.291e+01             100.093          -2.147e+00             166.766           1.163e+01     
  90.000         150.000           -1.524e+00          -1.257e+01             103.026          -1.879e+00             163.402           1.210e+01     
  90.000         151.000           -1.260e+00          -1.222e+01             105.676          -1.622e+00             160.300           1.264e+01     
  90.000         152.000           -1.010e+00          -1.188e+01             108.064          -1.381e+00             157.443           1.323e+01     
  90.000         153.000           -7.778e-01          -1.154e+01             110.215          -1.158e+00             154.812           1.387e+01     
  90.000         154.000           -5.672e-01          -1.122e+01             112.152          -9.584e-01             152.387           1.453e+01     
  90.000         155.000           -3.803e-01          -1.090e+01             113.897          -7.839e-01             150.147           1.523e+01     
  90.000         156.000           -2.192e-01          -1.059e+01             115.469          -6.371e-01             148.071           1.595e+01     
  90.000         157.000           -8.558e-02          -1.030e+01             116.887          -5.196e-01             146.141           1.669e+01     
  90.000         158.000            1.924e-02          -1.003e+01             118.165          -4.333e-01             144.336           1.745e+01     
  90.000         159.000            9.413e-02          -9.764e+00             119.318          -3.795e-01             142.638           1.825e+01     
  90.000         160.000            1.381e-01          -9.517e+00             120.356          -3.595e-01             141.030           1.909e+01     
  90.000         161.000            1.504e-01          -9.284e+00             121.290          -3.748e-01             139.493           1.998e+01     
  90.000         162.000            1.302e-01          -9.066e+00             122.127          -4.267e-01             138.010           2.094e+01     
  90.000         163.000            7.675e-02          -8.862e+00             122.873          -5.164e-01             136.564           2.199e+01     
  90.000         164.000           -1.061e-02          -8.674e+00             123.535          -6.457e-01             135.136           2.319e+01     
  90.000         165.000           -1.325e-01          -8.500e+00             124.117          -8.161e-01             133.707           2.459e+01     
  90.000         166.000           -2.896e-01          -8.341e+00             124.621          -1.029e+00             132.256           2.630e+01     
  90.000         167.000           -4.824e-01          -8.197e+00             125.051          -1.288e+00             130.761           2.855e+01     
  90.000         168.000           -7.113e-01          -8.068e+00             125.407          -1.593e+00             129.195           3.183e+01     
  90.000         169.000           -9.764e-01          -7.954e+00             125.691          -1.949e+00             127.528           3.783e+01     
  90.000         170.000           -1.278e+00          -7.854e+00             125.902          -2.356e+00             125.725           4.000e+01     
  90.000         171.000           -1.614e+00          -7.771e+00             126.041          -2.820e+00             123.742           3.529e+01     
  90.000         172.000           -1.985e+00          -7.702e+00             126.105          -3.341e+00             121.525           2.902e+01     
  90.000         173.000           -2.388e+00          -7.649e+00             126.094          -3.923e+00             119.007           2.494e+01     
  90.000         174.000           -2.818e+00          -7.611e+00             126.004          -4.568e+00             116.104           2.178e+01     
  90.000         175.000           -3.270e+00          -7.590e+00             125.833          -5.276e+00             112.706           1.909e+01     
  90.000         176.000           -3.735e+00          -7.584e+00             125.577          -6.044e+00             108.677           1.670e+01     
  90.000         177.000           -4.202e+00          -7.594e+00             125.232          -6.862e+00             103.847           1.451e+01     
  90.000         178.000           -4.655e+00          -7.620e+00             124.793          -7.711e+00              98.017           1.247e+01     
  90.000         179.000           -5.075e+00          -7.662e+00             124.254          -8.555e+00              90.985           1.055e+01     
  90.000         180.000           -5.442e+00          -7.720e+00             123.608          -9.335e+00              82.604           8.741e+00     
  90.000         181.000           -5.736e+00          -7.793e+00             122.848          -9.969e+00              72.900           7.048e+00     
  90.000         182.000           -5.940e+00          -7.881e+00             121.965          -1.037e+01              62.206           5.477e+00     
  90.000         183.000           -6.047e+00          -7.984e+00             120.952          -1.049e+01              51.184           4.043e+00     
  90.000         184.000           -6.059e+00          -8.100e+00             119.797          -1.032e+01              40.632           2.777e+00     
  90.000         185.000           -5.988e+00          -8.229e+00             118.490          -9.933e+00              31.175           1.753e+00     
  90.000         186.000           -5.853e+00          -8.369e+00             117.020          -9.420e+00              23.099           1.208e+00     
  90.000         187.000           -5.676e+00          -8.519e+00             115.376          -8.860e+00              16.403           1.408e+00     
  90.000         188.000           -5.479e+00          -8.675e+00             113.546          -8.311e+00              10.931           1.963e+00     
  90.000         189.000           -5.282e+00          -8.836e+00             111.520          -7.810e+00               6.480           2.530e+00     
  90.000         190.000           -5.102e+00          -8.998e+00             109.289          -7.377e+00               2.861           3.013e+00     
  90.000         191.000           -4.950e+00          -9.157e+00             106.846          -7.024e+00             359.916           3.387e+00     
  90.000         192.000           -4.837e+00          -9.308e+00             104.189          -6.757e+00             357.520           3.642e+00     
  90.000         193.000           -4.770e+00          -9.446e+00             101.321          -6.580e+00             355.576           3.778e+00     
  90.000         194.000           -4.755e+00          -9.567e+00              98.251          -6.496e+00             354.016           3.792e+00     
  90.000         195.000           -4.795e+00          -9.664e+00              94.995          -6.509e+00             352.791           3.685e+00     
  90.000         196.000           -4.894e+00          -9.732e+00              91.578          -6.622e+00             351.870           3.457e+00     
  90.000         197.000           -5.053e+00          -9.767e+00              88.034          -6.843e+00             351.237           3.107e+00     
  90.000         198.000           -5.273e+00          -9.765e+00              84.406          -7.181e+00             350.895           2.640e+00     
  90.000         199.000           -5.552e+00          -9.723e+00              80.738          -7.647e+00             350.865           2.076e+00     
  90.000         200.000           -5.886e+00          -9.642e+00              77.082          -8.260e+00             351.196           1.518e+00     
  90.000         201.000           -6.266e+00          -9.521e+00              73.485          -9.044e+00             351.980           1.379e+00     
  90.000         202.000           -6.677e+00          -9.365e+00              69.994          -1.004e+01             353.378           2.157e+00     
  90.000         203.000           -7.094e+00          -9.176e+00              66.648          -1.129e+01             355.693           3.644e+00     
  90.000         204.000           -7.479e+00          -8.958e+00              63.478          -1.288e+01             359.505           5.759e+00     
  90.000         205.000           -7.782e+00          -8.718e+00              60.507          -1.490e+01               6.070           8.769e+00     
  90.000         206.000           -7.945e+00          -8.461e+00              57.748          -1.745e+01              18.324           1.359e+01     
  90.000         207.000           -7.918e+00          -8.192e+00              55.210          -2.005e+01              42.558           2.557e+01     
  90.000         208.000           -7.677e+00          -7.915e+00              52.892          -2.041e+01              79.822           1.976e+01     
  90.000         209.000           -7.237e+00          -7.635e+00              50.792          -1.781e+01             108.738           1.186e+01     
  90.000         210.000           -6.642e+00          -7.356e+00              48.900          -1.483e+01             123.799           7.908e+00     
  90.000         211.000           -5.948e+00          -7.080e+00              47.208          -1.234e+01             131.850           5.327e+00     
  90.000         212.000           -5.206e+00          -6.811e+00              45.704          -1.031e+01             136.654           3.501e+00     
  90.000         213.000           -4.459e+00          -6.549e+00              44.377          -8.637e+00             139.803           2.247e+00     
  90.000         214.000           -3.731e+00          -6.298e+00              43.215          -7.236e+00             142.024           1.638e+00     
  90.000         215.000           -3.041e+00          -6.057e+00              42.207          -6.046e+00             143.686           1.752e+00     
  90.000         216.000           -2.397e+00          -5.828e+00              41.342          -5.024e+00             144.995           2.242e+00     
  90.000         217.000           -1.805e+00          -5.612e+00              40.609          -4.142e+00             146.073           2.802e+00     
  90.000         218.000           -1.265e+00          -5.409e+00              40.000          -3.376e+00             146.998           3.331e+00     
  90.000         219.000           -7.769e-01          -5.220e+00              39.504          -2.712e+00             147.821           3.806e+00     
  90.000         220.000           -3.408e-01          -5.043e+00              39.116          -2.136e+00             148.578           4.223e+00     
  90.000         221.000            4.569e-02          -4.881e+00              38.825          -1.639e+00             149.296           4.585e+00     
  90.000         222.000            3.842e-01          -4.732e+00              38.626          -1.214e+00             149.994           4.896e+00     
  90.000         223.000            6.768e-01          -4.597e+00              38.513          -8.531e-01             150.689           5.161e+00     
  90.000         224.000            9.253e-01          -4.475e+00              38.480          -5.522e-01             151.393           5.383e+00     
  90.000         225.000            1.132e+00          -4.366e+00              38.522          -3.069e-01             152.116           5.568e+00     
  90.000         226.000            1.297e+00          -4.271e+00              38.634          -1.138e-01             152.869           5.718e+00     
  90.000         227.000            1.425e+00          -4.188e+00              38.812           3.020e-02             153.660           5.839e+00     
  90.000         228.000            1.514e+00          -4.118e+00              39.051           1.276e-01             154.496           5.932e+00     
  90.000         229.000            1.569e+00          -4.061e+00              39.347           1.807e-01             155.387           6.001e+00     
  90.000         230.000            1.589e+00          -4.015e+00              39.697           1.914e-01             156.340           6.050e+00     
  90.000         231.000            1.577e+00          -3.982e+00              40.097           1.616e-01             157.361           6.083e+00     
  90.000         232.000            1.533e+00          -3.960e+00              40.544           9.265e-02             158.461           6.103e+00     
  90.000         233.000            1.460e+00          -3.950e+00              41.035          -1.360e-02             159.646           6.114e+00     
  90.000         234.000            1.359e+00          -3.952e+00              41.566          -1.558e-01             160.925           6.120e+00     
  90.000         235.000            1.231e+00          -3.965e+00              42.134          -3.323e-01             162.307           6.128e+00     
  90.000         236.000            1.078e+00          -3.989e+00              42.737          -5.418e-01             163.802           6.141e+00     
  90.000         237.000            9.030e-01          -4.023e+00              43.371          -7.824e-01             165.419           6.168e+00     
  90.000         238.000            7.064e-01          -4.069e+00              44.034          -1.052e+00             167.168           6.213e+00     
  90.000         239.000            4.908e-01          -4.126e+00              44.721          -1.350e+00             169.059           6.285e+00     
  90.000         240.000            2.583e-01          -4.193e+00              45.432          -1.672e+00             171.103           6.391e+00     
  90.000         241.000            1.135e-02          -4.271e+00              46.162          -2.017e+00             173.308           6.539e+00     
  90.000         242.000           -2.478e-01          -4.359e+00              46.908          -2.381e+00             175.683           6.736e+00     
  90.000         243.000           -5.164e-01          -4.458e+00              47.669          -2.761e+00             178.235           6.989e+00     
  90.000         244.000           -7.921e-01          -4.567e+00              48.440          -3.152e+00             180.968           7.305e+00     
  90.000         245.000           -1.072e+00          -4.687e+00              49.219          -3.552e+00             183.882           7.688e+00     
  90.000         246.000           -1.354e+00          -4.817e+00              50.002          -3.955e+00             186.976           8.144e+00     
  90.000         247.000           -1.636e+00          -4.958e+00              50.787          -4.355e+00             190.238           8.677e+00     
  90.000         248.000           -1.915e+00          -5.109e+00              51.571          -4.748e+00             193.654           9.290e+00     
  90.000         249.000           -2.189e+00          -5.270e+00              52.350          -5.130e+00             197.201           9.988e+00     
  90.000         250.000           -2.458e+00          -5.442e+00              53.121          -5.494e+00             200.849           1.077e+01     
  90.000         251.000           -2.720e+00          -5.625e+00              53.879          -5.839e+00             204.562           1.165e+01     
  90.000         252.000           -2.975e+00          -5.818e+00              54.623          -6.159e+00             208.298           1.263e+01     
  90.000         253.000           -3.223e+00          -6.022e+00              55.347          -6.455e+00             212.013           1.371e+01     
  90.000         254.000           -3.463e+00          -6.236e+00              56.048          -6.725e+00             215.661           1.492e+01     
  90.000         255.000           -3.697e+00          -6.460e+00              56.721          -6.969e+00             219.197           1.626e+01     
  90.000         256.000           -3.925e+00          -6.695e+00              57.362          -7.190e+00             222.582           1.776e+01     
  90.000         257.000           -4.149e+00          -6.940e+00              57.966          -7.389e+00             225.780           1.945e+01     
  90.000         258.000           -4.368e+00          -7.195e+00              58.527          -7.570e+00             228.764           2.138e+01     
  90.000         259.000           -4.584e+00          -7.460e+00              59.040          -7.734e+00             231.512           2.364e+01     
  90.000         260.000           -4.798e+00          -7.735e+00              59.498          -7.883e+00             234.010           2.639e+01     
  90.000         261.000           -5.009e+00          -8.019e+00              59.895          -8.020e+00             236.250           2.995e+01     
  90.000         262.000           -5.217e+00          -8.311e+00              60.224          -8.144e+00             238.229           3.519e+01     
  90.000         263.000           -5.421e+00          -8.612e+00              60.476          -8.257e+00             239.951           4.000e+01     
  90.000         264.000           -5.619e+00          -8.920e+00              60.643          -8.357e+00             241.424           4.000e+01     
  90.000         265.000           -5.811e+00          -9.234e+00              60.717          -8.443e+00             242.658           3.546e+01     
  90.000         266.000           -5.992e+00          -9.555e+00              60.688          -8.512e+00             243.672           3.175e+01     
  90.000         267.000           -6.160e+00          -9.879e+00              60.546          -8.561e+00             244.486           2.937e+01     
  90.000         268.000           -6.311e+00          -1.021e+01              60.282          -8.587e+00             245.126           2.762e+01     
  90.000         269.000           -6.442e+00          -1.053e+01              59.885          -8.587e+00             245.622           2.622e+01     
  90.000         270.000           -6.547e+00          -1.086e+01              59.347          -8.557e+00             246.008           2.501e+01     
  90.000         271.000           -6.623e+00          -1.118e+01              58.660          -8.494e+00             246.319           2.390e+01     
  90.000         272.000           -6.666e+00          -1.150e+01              57.816          -8.395e+00             246.596           2.285e+01     
  90.000         273.000           -6.672e+00          -1.181e+01              56.811          -8.261e+00             246.876           2.182e+01     
  90.000         274.000           -6.637e+00          -1.210e+01              55.643          -8.089e+00             247.194           2.081e+01     
  90.000         275.000           -6.562e+00          -1.238e+01              54.313          -7.881e+00             247.584           1.983e+01     
  90.000         276.000           -6.444e+00          -1.264e+01              52.828          -7.638e+00             248.073           1.888e+01     
  90.000         277.000           -6.285e+00          -1.287e+01              51.198          -7.361e+00             248.683           1.797e+01     
  90.000         278.000           -6.085e+00          -1.308e+01              49.439          -7.053e+00             249.428           1.712e+01     
  90.000         279.000           -5.848e+00          -1.326e+01              47.572          -6.718e+00             250.318           1.634e+01     
  90.000         280.000           -5.575e+00          -1.341e+01              45.622          -6.357e+00             251.354           1.563e+01     
  90.000         281.000           -5.272e+00          -1.352e+01              43.616          -5.976e+00             252.533           1.499e+01     
  90.000         282.000           -4.941e+00          -1.360e+01              41.584          -5.576e+00             253.850           1.444e+01     
  90.000         283.000           -4.588e+00          -1.366e+01              39.553          -5.162e+00             255.294           1.397e+01     
  90.000         284.000           -4.215e+00          -1.368e+01              37.551          -4.736e+00             256.852           1.358e+01     
  90.000         285.000           -3.827e+00          -1.368e+01              35.600          -4.302e+00             258.510           1.326e+01     
  90.000         286.000           -3.428e+00          -1.365e+01              33.719          -3.861e+00             260.256           1.302e+01     
  90.000         287.000           -3.021e+00          -1.361e+01              31.920          -3.418e+00             262.074           1.284e+01     
  90.000         288.000           -2.610e+00          -1.355e+01              30.210          -2.975e+00             263.952           1.272e+01     
  90.000         289.000           -2.198e+00          -1.349e+01              28.591          -2.533e+00             265.878           1.267e+01     
  90.000         290.000           -1.787e+00          -1.342e+01              27.059          -2.096e+00             267.841           1.266e+01     
  90.000         291.000           -1.380e+00          -1.335e+01              25.606          -1.665e+00             269.832           1.271e+01     
  90.000         292.000           -9.795e-01          -1.328e+01              24.221          -1.243e+00             271.842           1.280e+01     
  90.000         293.000           -5.872e-01          -1.322e+01              22.888          -8.307e-01             273.864           1.293e+01     
  90.000         294.000           -2.053e-01          -1.317e+01              21.591          -4.303e-01             275.893           1.311e+01     
  90.000         295.000            1.648e-01          -1.314e+01              20.308          -4.310e-02             277.925           1.332e+01     
  90.000         296.000            5.214e-01          -1.312e+01              19.017           3.294e-01             279.955           1.357e+01     
  90.000         297.000            8.631e-01          -1.312e+01              17.694           6.859e-01             281.982           1.385e+01     
  90.000         298.000            1.189e+00          -1.314e+01              16.312           1.025e+00             284.004           1.417e+01     
  90.000         299.000            1.497e+00          -1.318e+01              14.841           1.347e+00             286.020           1.452e+01     
  90.000         300.000            1.788e+00          -1.324e+01              13.251           1.649e+00             288.029           1.492e+01     
  90.000         301.000            2.059e+00          -1.332e+01              11.508           1.932e+00             290.032           1.535e+01     
  90.000         302.000            2.311e+00          -1.342e+01               9.575           2.193e+00             292.029           1.583e+01     
  90.000         303.000            2.542e+00          -1.353e+01               7.413           2.434e+00             294.021           1.635e+01     
  90.000         304.000            2.752e+00          -1.366e+01               4.981           2.652e+00             296.010           1.694e+01     
  90.000         305.000            2.940e+00          -1.381e+01               2.241           2.847e+00             297.997           1.760e+01     
  90.000         306.000            3.105e+00          -1.395e+01             359.153           3.019e+00             299.984           1.834e+01     
  90.000         307.000            3.248e+00          -1.408e+01             355.687           3.167e+00             301.975           1.918e+01     
  90.000         308.000            3.367e+00          -1.420e+01             351.826           3.291e+00             303.970           2.016e+01     
  90.000         309.000            3.463e+00          -1.428e+01             347.570           3.389e+00             305.975           2.131e+01     
  90.000         310.000            3.534e+00          -1.431e+01             342.950           3.462e+00             307.991           2.271e+01     
  90.000         311.000            3.581e+00          -1.429e+01             338.027           3.509e+00             310.023           2.448e+01     
  90.000         312.000            3.602e+00          -1.419e+01             332.897           3.529e+00             312.075           2.683e+01     
  90.000         313.000            3.599e+00          -1.400e+01             327.680           3.523e+00             314.152           3.029e+01     
  90.000         314.000            3.570e+00          -1.374e+01             322.510           3.489e+00             316.259           3.665e+01     
  90.000         315.000            3.516e+00          -1.339e+01             317.516           3.426e+00             318.402           4.000e+01     
  90.000         316.000            3.436e+00          -1.298e+01             312.804           3.336e+00             320.588           3.388e+01     
  90.000         317.000            3.331e+00          -1.252e+01             308.449           3.217e+00             322.825           2.805e+01     
  90.000         318.000            3.201e+00          -1.202e+01             304.494           3.069e+00             325.122           2.439e+01     
  90.000         319.000            3.046e+00          -1.150e+01             300.953           2.891e+00             327.488           2.164e+01     
  90.000         320.000            2.868e+00          -1.097e+01             297.816           2.684e+00             329.935           1.941e+01     
  90.000         321.000            2.666e+00          -1.044e+01             295.060           2.448e+00             332.475           1.750e+01     
  90.000         322.000            2.443e+00          -9.916e+00             292.650           2.183e+00             335.121           1.580e+01     
  90.000         323.000            2.200e+00          -9.409e+00             290.553           1.889e+00             337.891           1.427e+01     
  90.000         324.000            1.939e+00          -8.923e+00             288.732           1.567e+00             340.801           1.286e+01     
  90.000         325.000            1.664e+00          -8.460e+00             287.153           1.219e+00             343.871           1.153e+01     
  90.000         326.000            1.377e+00          -8.023e+00             285.785           8.474e-01             347.121           1.029e+01     
  90.000         327.000            1.084e+00          -7.612e+00             284.597           4.539e-01             350.572           9.107e+00     
  90.000         328.000            7.887e-01          -7.230e+00             283.566           4.277e-02             354.245           7.986e+00     
  90.000         329.000            4.974e-01          -6.876e+00             282.668          -3.809e-01             358.159           6.929e+00     
  90.000         330.000            2.159e-01          -6.550e+00             281.883          -8.109e-01               2.329           5.946e+00     
  90.000         331.000           -4.942e-02          -6.253e+00             281.193          -1.240e+00               6.765           5.063e+00     
  90.000         332.000           -2.927e-01          -5.983e+00             280.584          -1.658e+00              11.462           4.328e+00     
  90.000         333.000           -5.088e-01          -5.742e+00             280.041          -2.056e+00              16.403           3.818e+00     
  90.000         334.000           -6.939e-01          -5.527e+00             279.553          -2.424e+00              21.553           3.624e+00     
  90.000         335.000           -8.457e-01          -5.340e+00             279.108          -2.752e+00              26.853           3.794e+00     
  90.000         336.000           -9.641e-01          -5.179e+00             278.697          -3.033e+00              32.226           4.285e+00     
  90.000         337.000           -1.051e+00          -5.043e+00             278.311          -3.261e+00              37.581           5.004e+00     
  90.000         338.000           -1.110e+00          -4.933e+00             277.943          -3.436e+00              42.818           5.869e+00     
  90.000         339.000           -1.147e+00          -4.848e+00             277.585          -3.561e+00              47.833           6.822e+00     
  90.000         340.000           -1.166e+00          -4.787e+00             277.231          -3.641e+00              52.540           7.827e+00     
  90.000         341.000           -1.175e+00          -4.750e+00             276.876          -3.686e+00              56.863           8.860e+00     
  90.000         342.000           -1.179e+00          -4.736e+00             276.513          -3.704e+00              60.750           9.901e+00     
  90.000         343.000           -1.184e+00          -4.745e+00             276.138          -3.705e+00              64.162           1.093e+01     
  90.000         344.000           -1.194e+00          -4.776e+00             275.746          -3.698e+00              67.079           1.193e+01     
  90.000         345.000           -1.212e+00          -4.829e+00             275.334          -3.690e+00              69.491           1.287e+01     
  90.000         346.000           -1.242e+00          -4.904e+00             274.896          -3.686e+00              71.396           1.373e+01     
  90.000         347.000           -1.284e+00          -4.999e+00             274.429          -3.689e+00              72.797           1.448e+01     
  90.000         348.000           -1.340e+00          -5.114e+00             273.931          -3.701e+00              73.701           1.509e+01     
  90.000         349.000           -1.407e+00          -5.249e+00             273.397          -3.719e+00              74.116           1.554e+01     
  90.000         350.000           -1.484e+00          -5.403e+00             272.825          -3.743e+00              74.051           1.580e+01     
  90.000         351.000           -1.568e+00          -5.576e+00             272.214          -3.768e+00              73.521           1.587e+01     
  90.000         352.000           -1.654e+00          -5.767e+00             271.560          -3.786e+00              72.548           1.576e+01     
  90.000         353.000           -1.738e+00          -5.975e+00             270.863          -3.792e+00              71.162           1.549e+01     
  90.000         354.000           -1.812e+00          -6.200e+00             270.122          -3.777e+00              69.403           1.512e+01     
  90.000         355.000           -1.870e+00          -6.441e+00             269.335          -3.735e+00              67.325           1.467e+01     
  90.000         356.000           -1.906e+00          -6.698e+00             268.505          -3.657e+00              64.997           1.420e+01     
  90.000         357.000           -1.914e+00          -6.970e+00             267.631          -3.540e+00              62.496           1.376e+01     
  90.000         358.000           -1.889e+00          -7.256e+00             266.715          -3.380e+00              59.907           1.339e+01     
  90.000         359.000           -1.827e+00          -7.557e+00             265.760          -3.178e+00              57.316           1.311e+01     
