Theta [deg.]  Phi   [deg.]  Abs(Grlz)[dBi   ]   Abs(Theta)[dBi   ]  Phase(Theta)[deg.]  Abs(Phi  )[dBi   ]  Phase(Phi  )[deg.]  Ax.Ratio[dB    ]    
------------------------------------------------------------------------------------------------------------------------------------------------------
   0.000          90.000           -1.428e+00          -3.885e+00             211.691          -5.073e+00             239.458           1.223e+01     
   1.000          90.000           -2.108e+00          -4.523e+00             208.222          -5.807e+00             236.135           1.220e+01     
   2.000          90.000           -2.820e+00          -5.209e+00             203.987          -6.555e+00             232.036           1.217e+01     
   3.000          90.000           -3.544e+00          -5.925e+00             198.798          -7.292e+00             227.022           1.211e+01     
   4.000          90.000           -4.247e+00          -6.639e+00             192.452          -7.979e+00             220.988           1.201e+01     
   5.000          90.000           -4.876e+00          -7.298e+00             184.778          -8.567e+00             213.910           1.181e+01     
   6.000          90.000           -5.362e+00          -7.827e+00             175.742          -8.995e+00             205.922           1.147e+01     
   7.000          90.000           -5.631e+00          -8.138e+00             165.580          -9.211e+00             197.361           1.099e+01     
   8.000          90.000           -5.634e+00          -8.159e+00             154.866          -9.191e+00             188.724           1.041e+01     
   9.000          90.000           -5.369e+00          -7.877e+00             144.386          -8.947e+00             180.536           9.807e+00     
  10.000          90.000           -4.883e+00          -7.339e+00             134.838          -8.527e+00             173.189           9.277e+00     
  11.000          90.000           -4.248e+00          -6.632e+00             126.606          -7.990e+00             166.876           8.853e+00     
  12.000          90.000           -3.535e+00          -5.838e+00             119.760          -7.390e+00             161.611           8.534e+00     
  13.000          90.000           -2.797e+00          -5.020e+00             114.177          -6.768e+00             157.305           8.301e+00     
  14.000          90.000           -2.069e+00          -4.219e+00             109.653          -6.154e+00             153.829           8.128e+00     
  15.000          90.000           -1.373e+00          -3.455e+00             105.993          -5.564e+00             151.043           7.999e+00     
  16.000          90.000           -7.176e-01          -2.741e+00             103.024          -5.007e+00             148.824           7.897e+00     
  17.000          90.000           -1.089e-01          -2.080e+00             100.608          -4.489e+00             147.069           7.816e+00     
  18.000          90.000            4.524e-01          -1.472e+00              98.634          -4.010e+00             145.689           7.747e+00     
  19.000          90.000            9.670e-01          -9.157e-01              97.019          -3.571e+00             144.617           7.688e+00     
  20.000          90.000            1.437e+00          -4.089e-01              95.695          -3.170e+00             143.796           7.636e+00     
  21.000          90.000            1.864e+00           5.127e-02              94.611          -2.806e+00             143.181           7.589e+00     
  22.000          90.000            2.250e+00           4.679e-01              93.727          -2.478e+00             142.734           7.547e+00     
  23.000          90.000            2.599e+00           8.438e-01              93.010          -2.183e+00             142.427           7.509e+00     
  24.000          90.000            2.912e+00           1.182e+00              92.435          -1.920e+00             142.233           7.474e+00     
  25.000          90.000            3.192e+00           1.484e+00              91.981          -1.686e+00             142.132           7.444e+00     
  26.000          90.000            3.440e+00           1.752e+00              91.630          -1.481e+00             142.104           7.418e+00     
  27.000          90.000            3.658e+00           1.990e+00              91.369          -1.303e+00             142.140           7.395e+00     
  28.000          90.000            3.849e+00           2.198e+00              91.185          -1.151e+00             142.224           7.376e+00     
  29.000          90.000            4.013e+00           2.378e+00              91.069          -1.022e+00             142.344           7.362e+00     
  30.000          90.000            4.152e+00           2.532e+00              91.011          -9.164e-01             142.491           7.352e+00     
  31.000          90.000            4.267e+00           2.661e+00              91.005          -8.326e-01             142.656           7.348e+00     
  32.000          90.000            4.359e+00           2.767e+00              91.043          -7.697e-01             142.831           7.348e+00     
  33.000          90.000            4.430e+00           2.850e+00              91.121          -7.266e-01             143.009           7.353e+00     
  34.000          90.000            4.481e+00           2.913e+00              91.232          -7.025e-01             143.183           7.364e+00     
  35.000          90.000            4.513e+00           2.956e+00              91.371          -6.965e-01             143.346           7.381e+00     
  36.000          90.000            4.526e+00           2.979e+00              91.535          -7.076e-01             143.493           7.404e+00     
  37.000          90.000            4.522e+00           2.985e+00              91.719          -7.352e-01             143.619           7.433e+00     
  38.000          90.000            4.501e+00           2.973e+00              91.918          -7.783e-01             143.717           7.469e+00     
  39.000          90.000            4.464e+00           2.945e+00              92.130          -8.363e-01             143.782           7.512e+00     
  40.000          90.000            4.412e+00           2.902e+00              92.350          -9.082e-01             143.810           7.561e+00     
  41.000          90.000            4.346e+00           2.843e+00              92.573          -9.932e-01             143.793           7.618e+00     
  42.000          90.000            4.266e+00           2.771e+00              92.798          -1.091e+00             143.731           7.683e+00     
  43.000          90.000            4.173e+00           2.685e+00              93.019          -1.199e+00             143.616           7.755e+00     
  44.000          90.000            4.068e+00           2.585e+00              93.234          -1.319e+00             143.445           7.834e+00     
  45.000          90.000            3.952e+00           2.474e+00              93.439          -1.448e+00             143.213           7.922e+00     
  46.000          90.000            3.825e+00           2.351e+00              93.629          -1.585e+00             142.915           8.017e+00     
  47.000          90.000            3.687e+00           2.217e+00              93.801          -1.730e+00             142.548           8.121e+00     
  48.000          90.000            3.540e+00           2.072e+00              93.950          -1.881e+00             142.109           8.232e+00     
  49.000          90.000            3.385e+00           1.916e+00              94.073          -2.038e+00             141.594           8.351e+00     
  50.000          90.000            3.221e+00           1.752e+00              94.166          -2.198e+00             141.001           8.477e+00     
  51.000          90.000            3.051e+00           1.578e+00              94.224          -2.361e+00             140.328           8.610e+00     
  52.000          90.000            2.874e+00           1.395e+00              94.243          -2.525e+00             139.573           8.750e+00     
  53.000          90.000            2.691e+00           1.205e+00              94.219          -2.688e+00             138.737           8.896e+00     
  54.000          90.000            2.503e+00           1.007e+00              94.146          -2.850e+00             137.821           9.046e+00     
  55.000          90.000            2.312e+00           8.013e-01              94.021          -3.008e+00             136.826           9.201e+00     
  56.000          90.000            2.117e+00           5.895e-01              93.838          -3.161e+00             135.756           9.357e+00     
  57.000          90.000            1.921e+00           3.717e-01              93.593          -3.308e+00             134.614           9.515e+00     
  58.000          90.000            1.723e+00           1.486e-01              93.282          -3.447e+00             133.408           9.671e+00     
  59.000          90.000            1.525e+00          -7.914e-02              92.898          -3.577e+00             132.143           9.823e+00     
  60.000          90.000            1.328e+00          -3.109e-01              92.438          -3.697e+00             130.829           9.969e+00     
  61.000          90.000            1.134e+00          -5.458e-01              91.895          -3.805e+00             129.473           1.010e+01     
  62.000          90.000            9.423e-01          -7.830e-01              91.268          -3.901e+00             128.088           1.023e+01     
  63.000          90.000            7.550e-01          -1.022e+00              90.551          -3.985e+00             126.685           1.034e+01     
  64.000          90.000            5.731e-01          -1.261e+00              89.739          -4.056e+00             125.274           1.042e+01     
  65.000          90.000            3.977e-01          -1.499e+00              88.830          -4.114e+00             123.866           1.048e+01     
  66.000          90.000            2.297e-01          -1.736e+00              87.820          -4.159e+00             122.472           1.052e+01     
  67.000          90.000            7.019e-02          -1.969e+00              86.707          -4.193e+00             121.104           1.052e+01     
  68.000          90.000           -7.996e-02          -2.198e+00              85.489          -4.215e+00             119.771           1.050e+01     
  69.000          90.000           -2.200e-01          -2.420e+00              84.166          -4.227e+00             118.482           1.043e+01     
  70.000          90.000           -3.492e-01          -2.635e+00              82.739          -4.229e+00             117.244           1.033e+01     
  71.000          90.000           -4.671e-01          -2.841e+00              81.210          -4.223e+00             116.064           1.020e+01     
  72.000          90.000           -5.733e-01          -3.036e+00              79.582          -4.210e+00             114.946           1.003e+01     
  73.000          90.000           -6.677e-01          -3.219e+00              77.861          -4.191e+00             113.896           9.822e+00     
  74.000          90.000           -7.502e-01          -3.388e+00              76.052          -4.168e+00             112.915           9.588e+00     
  75.000          90.000           -8.209e-01          -3.541e+00              74.166          -4.142e+00             112.006           9.326e+00     
  76.000          90.000           -8.801e-01          -3.678e+00              72.211          -4.113e+00             111.169           9.041e+00     
  77.000          90.000           -9.283e-01          -3.798e+00              70.199          -4.084e+00             110.405           8.736e+00     
  78.000          90.000           -9.661e-01          -3.899e+00              68.142          -4.055e+00             109.713           8.416e+00     
  79.000          90.000           -9.941e-01          -3.982e+00              66.054          -4.027e+00             109.092           8.084e+00     
  80.000          90.000           -1.013e+00          -4.045e+00              63.948          -4.002e+00             108.540           7.744e+00     
  81.000          90.000           -1.024e+00          -4.090e+00              61.838          -3.980e+00             108.055           7.398e+00     
  82.000          90.000           -1.028e+00          -4.116e+00              59.737          -3.961e+00             107.637           7.051e+00     
  83.000          90.000           -1.025e+00          -4.125e+00              57.657          -3.948e+00             107.282           6.704e+00     
  84.000          90.000           -1.017e+00          -4.117e+00              55.611          -3.939e+00             106.988           6.360e+00     
  85.000          90.000           -1.004e+00          -4.094e+00              53.607          -3.937e+00             106.755           6.020e+00     
  86.000          90.000           -9.883e-01          -4.057e+00              51.654          -3.941e+00             106.579           5.686e+00     
  87.000          90.000           -9.693e-01          -4.008e+00              49.759          -3.952e+00             106.459           5.359e+00     
  88.000          90.000           -9.484e-01          -3.947e+00              47.928          -3.970e+00             106.394           5.042e+00     
  89.000          90.000           -9.264e-01          -3.878e+00              46.163          -3.997e+00             106.383           4.734e+00     
  90.000          90.000           -9.039e-01          -3.800e+00              44.467          -4.031e+00             106.424           4.438e+00     
  91.000          90.000           -8.816e-01          -3.717e+00              42.840          -4.075e+00             106.518           4.155e+00     
  92.000          90.000           -8.601e-01          -3.628e+00              41.283          -4.127e+00             106.663           3.887e+00     
  93.000          90.000           -8.400e-01          -3.536e+00              39.793          -4.189e+00             106.861           3.636e+00     
  94.000          90.000           -8.218e-01          -3.443e+00              38.369          -4.260e+00             107.111           3.404e+00     
  95.000          90.000           -8.059e-01          -3.348e+00              37.007          -4.341e+00             107.415           3.195e+00     
  96.000          90.000           -7.929e-01          -3.253e+00              35.705          -4.433e+00             107.775           3.012e+00     
  97.000          90.000           -7.829e-01          -3.160e+00              34.457          -4.534e+00             108.192           2.861e+00     
  98.000          90.000           -7.765e-01          -3.069e+00              33.259          -4.647e+00             108.669           2.747e+00     
  99.000          90.000           -7.739e-01          -2.981e+00              32.108          -4.770e+00             109.209           2.673e+00     
 100.000          90.000           -7.754e-01          -2.897e+00              30.998          -4.905e+00             109.817           2.644e+00     
 101.000          90.000           -7.812e-01          -2.817e+00              29.923          -5.050e+00             110.497           2.663e+00     
 102.000          90.000           -7.916e-01          -2.742e+00              28.880          -5.207e+00             111.253           2.731e+00     
 103.000          90.000           -8.067e-01          -2.673e+00              27.862          -5.375e+00             112.094           2.845e+00     
 104.000          90.000           -8.267e-01          -2.610e+00              26.865          -5.554e+00             113.025           3.004e+00     
 105.000          90.000           -8.518e-01          -2.553e+00              25.883          -5.744e+00             114.055           3.204e+00     
 106.000          90.000           -8.819e-01          -2.504e+00              24.911          -5.945e+00             115.193           3.442e+00     
 107.000          90.000           -9.173e-01          -2.462e+00              23.942          -6.156e+00             116.449           3.715e+00     
 108.000          90.000           -9.580e-01          -2.428e+00              22.973          -6.377e+00             117.834           4.022e+00     
 109.000          90.000           -1.004e+00          -2.402e+00              21.996          -6.606e+00             119.360           4.362e+00     
 110.000          90.000           -1.055e+00          -2.385e+00              21.005          -6.843e+00             121.040           4.734e+00     
 111.000          90.000           -1.111e+00          -2.376e+00              19.995          -7.085e+00             122.888           5.141e+00     
 112.000          90.000           -1.172e+00          -2.377e+00              18.959          -7.330e+00             124.917           5.584e+00     
 113.000          90.000           -1.238e+00          -2.387e+00              17.891          -7.577e+00             127.141           6.067e+00     
 114.000          90.000           -1.308e+00          -2.406e+00              16.783          -7.820e+00             129.570           6.594e+00     
 115.000          90.000           -1.383e+00          -2.435e+00              15.628          -8.057e+00             132.216           7.173e+00     
 116.000          90.000           -1.461e+00          -2.473e+00              14.418          -8.282e+00             135.084           7.812e+00     
 117.000          90.000           -1.542e+00          -2.521e+00              13.146          -8.491e+00             138.175           8.523e+00     
 118.000          90.000           -1.625e+00          -2.578e+00              11.802          -8.678e+00             141.482           9.320e+00     
 119.000          90.000           -1.709e+00          -2.644e+00              10.377          -8.836e+00             144.990           1.023e+01     
 120.000          90.000           -1.794e+00          -2.720e+00               8.864          -8.960e+00             148.676           1.127e+01     
 121.000          90.000           -1.877e+00          -2.803e+00               7.250          -9.044e+00             152.503           1.250e+01     
 122.000          90.000           -1.958e+00          -2.894e+00               5.527          -9.085e+00             156.428           1.398e+01     
 123.000          90.000           -2.035e+00          -2.991e+00               3.683          -9.080e+00             160.400           1.584e+01     
 124.000          90.000           -2.106e+00          -3.093e+00               1.710          -9.027e+00             164.364           1.829e+01     
 125.000          90.000           -2.170e+00          -3.198e+00             359.596          -8.930e+00             168.266           2.187e+01     
 126.000          90.000           -2.224e+00          -3.305e+00             357.334          -8.790e+00             172.056           2.836e+01     
 127.000          90.000           -2.265e+00          -3.411e+00             354.915          -8.612e+00             175.691           4.000e+01     
 128.000          90.000           -2.293e+00          -3.514e+00             352.334          -8.402e+00             179.138           2.583e+01     
 129.000          90.000           -2.306e+00          -3.609e+00             349.588          -8.167e+00             182.374           2.018e+01     
 130.000          90.000           -2.300e+00          -3.695e+00             346.677          -7.912e+00             185.386           1.670e+01     
 131.000          90.000           -2.276e+00          -3.766e+00             343.606          -7.644e+00             188.168           1.416e+01     
 132.000          90.000           -2.231e+00          -3.820e+00             340.386          -7.369e+00             190.724           1.214e+01     
 133.000          90.000           -2.166e+00          -3.852e+00             337.033          -7.092e+00             193.061           1.048e+01     
 134.000          90.000           -2.081e+00          -3.859e+00             333.569          -6.817e+00             195.190           9.050e+00     
 135.000          90.000           -1.975e+00          -3.839e+00             330.021          -6.547e+00             197.125           7.807e+00     
 136.000          90.000           -1.850e+00          -3.789e+00             326.421          -6.287e+00             198.883           6.711e+00     
 137.000          90.000           -1.709e+00          -3.709e+00             322.805          -6.038e+00             200.477           5.738e+00     
 138.000          90.000           -1.552e+00          -3.598e+00             319.209          -5.803e+00             201.925           4.874e+00     
 139.000          90.000           -1.382e+00          -3.458e+00             315.670          -5.583e+00             203.241           4.115e+00     
 140.000          90.000           -1.202e+00          -3.292e+00             312.221          -5.381e+00             204.444           3.465e+00     
 141.000          90.000           -1.014e+00          -3.102e+00             308.891          -5.196e+00             205.543           2.938e+00     
 142.000          90.000           -8.217e-01          -2.893e+00             305.703          -5.031e+00             206.554           2.559e+00     
 143.000          90.000           -6.274e-01          -2.669e+00             302.676          -4.886e+00             207.490           2.356e+00     
 144.000          90.000           -4.337e-01          -2.434e+00             299.823          -4.763e+00             208.363           2.339e+00     
 145.000          90.000           -2.433e-01          -2.193e+00             297.149          -4.661e+00             209.188           2.488e+00     
 146.000          90.000           -5.843e-02          -1.949e+00             294.658          -4.581e+00             209.974           2.756e+00     
 147.000          90.000            1.187e-01          -1.708e+00             292.348          -4.524e+00             210.735           3.101e+00     
 148.000          90.000            2.861e-01          -1.472e+00             290.216          -4.491e+00             211.482           3.491e+00     
 149.000          90.000            4.419e-01          -1.245e+00             288.255          -4.482e+00             212.228           3.907e+00     
 150.000          90.000            5.845e-01          -1.029e+00             286.457          -4.498e+00             212.987           4.339e+00     
 151.000          90.000            7.124e-01          -8.271e-01             284.815          -4.539e+00             213.770           4.781e+00     
 152.000          90.000            8.243e-01          -6.413e-01             283.321          -4.606e+00             214.594           5.231e+00     
 153.000          90.000            9.188e-01          -4.735e-01             281.964          -4.699e+00             215.474           5.687e+00     
 154.000          90.000            9.949e-01          -3.254e-01             280.738          -4.820e+00             216.428           6.153e+00     
 155.000          90.000            1.052e+00          -1.984e-01             279.635          -4.967e+00             217.479           6.630e+00     
 156.000          90.000            1.088e+00          -9.391e-02             278.648          -5.143e+00             218.643           7.120e+00     
 157.000          90.000            1.103e+00          -1.308e-02             277.769          -5.345e+00             219.948           7.629e+00     
 158.000          90.000            1.096e+00           4.292e-02             276.994          -5.575e+00             221.424           8.162e+00     
 159.000          90.000            1.066e+00           7.301e-02             276.317          -5.831e+00             223.103           8.725e+00     
 160.000          90.000            1.012e+00           7.612e-02             275.735          -6.111e+00             225.021           9.326e+00     
 161.000          90.000            9.350e-01           5.117e-02             275.243          -6.414e+00             227.222           9.976e+00     
 162.000          90.000            8.332e-01          -2.914e-03             274.840          -6.733e+00             229.749           1.069e+01     
 163.000          90.000            7.066e-01          -8.729e-02             274.524          -7.064e+00             232.652           1.148e+01     
 164.000          90.000            5.552e-01          -2.032e-01             274.293          -7.398e+00             235.977           1.237e+01     
 165.000          90.000            3.789e-01          -3.518e-01             274.149          -7.722e+00             239.765           1.341e+01     
 166.000          90.000            1.782e-01          -5.347e-01             274.093          -8.021e+00             244.042           1.462e+01     
 167.000          90.000           -4.611e-02          -7.534e-01             274.128          -8.277e+00             248.808           1.611e+01     
 168.000          90.000           -2.925e-01          -1.009e+00             274.257          -8.469e+00             254.026           1.798e+01     
 169.000          90.000           -5.592e-01          -1.305e+00             274.487          -8.578e+00             259.607           2.050e+01     
 170.000          90.000           -8.431e-01          -1.642e+00             274.827          -8.587e+00             265.415           2.424e+01     
 171.000          90.000           -1.140e+00          -2.024e+00             275.286          -8.488e+00             271.279           3.134e+01     
 172.000          90.000           -1.444e+00          -2.452e+00             275.880          -8.282e+00             277.016           4.000e+01     
 173.000          90.000           -1.749e+00          -2.931e+00             276.627          -7.978e+00             282.458           2.726e+01     
 174.000          90.000           -2.045e+00          -3.463e+00             277.552          -7.594e+00             287.478           2.219e+01     
 175.000          90.000           -2.321e+00          -4.053e+00             278.685          -7.150e+00             292.000           1.921e+01     
 176.000          90.000           -2.566e+00          -4.706e+00             280.070          -6.666e+00             295.992           1.731e+01     
 177.000          90.000           -2.767e+00          -5.426e+00             281.762          -6.159e+00             299.460           1.619e+01     
 178.000          90.000           -2.912e+00          -6.218e+00             283.837          -5.645e+00             302.432           1.574e+01     
 179.000          90.000           -2.991e+00          -7.089e+00             286.397          -5.133e+00             304.952           1.597e+01     
 180.000          90.000           -3.000e+00          -8.040e+00             289.580          -4.632e+00             307.066           1.694e+01     
 179.000         270.000           -2.937e+00          -9.073e+00             113.581          -4.149e+00             128.819           1.884e+01     
 178.000         270.000           -2.807e+00          -1.018e+01             118.655          -3.686e+00             130.257           2.213e+01     
 177.000         270.000           -2.619e+00          -1.133e+01             125.134          -3.246e+00             131.418           2.854e+01     
 176.000         270.000           -2.384e+00          -1.248e+01             133.386          -2.831e+00             132.339           4.000e+01     
 175.000         270.000           -2.114e+00          -1.352e+01             143.690          -2.440e+00             133.049           2.638e+01     
 174.000         270.000           -1.822e+00          -1.430e+01             155.935          -2.075e+00             133.574           2.105e+01     
 173.000         270.000           -1.519e+00          -1.467e+01             169.307          -1.734e+00             133.939           1.797e+01     
 172.000         270.000           -1.214e+00          -1.458e+01             182.419          -1.418e+00             134.161           1.590e+01     
 171.000         270.000           -9.148e-01          -1.414e+01             194.031          -1.126e+00             134.259           1.440e+01     
 170.000         270.000           -6.276e-01          -1.350e+01             203.601          -8.575e-01             134.246           1.328e+01     
 169.000         270.000           -3.566e-01          -1.280e+01             211.200          -6.113e-01             134.135           1.244e+01     
 168.000         270.000           -1.051e-01          -1.212e+01             217.161          -3.868e-01             133.937           1.181e+01     
 167.000         270.000            1.246e-01          -1.152e+01             221.845          -1.836e-01             133.663           1.134e+01     
 166.000         270.000            3.313e-01          -1.100e+01             225.560          -8.236e-04             133.318           1.101e+01     
 165.000         270.000            5.140e-01          -1.058e+01             228.534           1.622e-01             132.912           1.079e+01     
 164.000         270.000            6.724e-01          -1.025e+01             230.934           3.060e-01             132.451           1.067e+01     
 163.000         270.000            8.064e-01          -1.002e+01             232.881           4.313e-01             131.941           1.064e+01     
 162.000         270.000            9.164e-01          -9.878e+00             234.462           5.387e-01             131.386           1.069e+01     
 161.000         270.000            1.003e+00          -9.832e+00             235.737           6.286e-01             130.791           1.082e+01     
 160.000         270.000            1.066e+00          -9.879e+00             236.747           7.017e-01             130.160           1.102e+01     
 159.000         270.000            1.107e+00          -1.002e+01             237.517           7.583e-01             129.497           1.129e+01     
 158.000         270.000            1.127e+00          -1.026e+01             238.060           7.990e-01             128.806           1.164e+01     
 157.000         270.000            1.126e+00          -1.060e+01             238.373           8.241e-01             128.088           1.206e+01     
 156.000         270.000            1.107e+00          -1.105e+01             238.438           8.342e-01             127.347           1.256e+01     
 155.000         270.000            1.069e+00          -1.163e+01             238.219           8.295e-01             126.584           1.316e+01     
 154.000         270.000            1.015e+00          -1.234e+01             237.648           8.104e-01             125.804           1.386e+01     
 153.000         270.000            9.466e-01          -1.323e+01             236.611           7.772e-01             125.005           1.468e+01     
 152.000         270.000            8.644e-01          -1.431e+01             234.914           7.304e-01             124.192           1.565e+01     
 151.000         270.000            7.705e-01          -1.564e+01             232.206           6.700e-01             123.364           1.681e+01     
 150.000         270.000            6.668e-01          -1.728e+01             227.818           5.965e-01             122.523           1.820e+01     
 149.000         270.000            5.551e-01          -1.931e+01             220.366           5.101e-01             121.671           1.992e+01     
 148.000         270.000            4.375e-01          -2.170e+01             206.878           4.109e-01             120.809           2.213e+01     
 147.000         270.000            3.161e-01          -2.382e+01             182.401           2.993e-01             119.936           2.517e+01     
 146.000         270.000            1.929e-01          -2.377e+01             149.374           1.754e-01             119.054           2.991e+01     
 145.000         270.000            6.995e-02          -2.148e+01             124.273           3.943e-02             118.163           4.000e+01     
 144.000         270.000           -5.072e-02          -1.884e+01             110.325          -1.084e-01             117.263           3.721e+01     
 143.000         270.000           -1.672e-01          -1.656e+01             102.577          -2.681e-01             116.354           2.895e+01     
 142.000         270.000           -2.779e-01          -1.466e+01              97.950          -4.393e-01             115.437           2.496e+01     
 141.000         270.000           -3.813e-01          -1.307e+01              95.008          -6.219e-01             114.510           2.241e+01     
 140.000         270.000           -4.763e-01          -1.171e+01              93.055          -8.158e-01             113.573           2.061e+01     
 139.000         270.000           -5.620e-01          -1.055e+01              91.725          -1.021e+00             112.626           1.930e+01     
 138.000         270.000           -6.380e-01          -9.537e+00              90.810          -1.237e+00             111.667           1.834e+01     
 137.000         270.000           -7.040e-01          -8.648e+00              90.185          -1.464e+00             110.696           1.767e+01     
 136.000         270.000           -7.605e-01          -7.863e+00              89.770          -1.702e+00             109.711           1.722e+01     
 135.000         270.000           -8.080e-01          -7.167e+00              89.513          -1.950e+00             108.711           1.699e+01     
 134.000         270.000           -8.472e-01          -6.547e+00              89.378          -2.209e+00             107.694           1.694e+01     
 133.000         270.000           -8.795e-01          -5.994e+00              89.339          -2.478e+00             106.659           1.707e+01     
 132.000         270.000           -9.059e-01          -5.501e+00              89.376          -2.758e+00             105.602           1.736e+01     
 131.000         270.000           -9.279e-01          -5.060e+00              89.478          -3.047e+00             104.522           1.782e+01     
 130.000         270.000           -9.470e-01          -4.668e+00              89.632          -3.347e+00             103.416           1.846e+01     
 129.000         270.000           -9.646e-01          -4.320e+00              89.832          -3.656e+00             102.281           1.927e+01     
 128.000         270.000           -9.822e-01          -4.011e+00              90.072          -3.974e+00             101.114           2.030e+01     
 127.000         270.000           -1.001e+00          -3.740e+00              90.346          -4.302e+00              99.911           2.157e+01     
 126.000         270.000           -1.023e+00          -3.502e+00              90.651          -4.638e+00              98.670           2.316e+01     
 125.000         270.000           -1.048e+00          -3.297e+00              90.984          -4.982e+00              97.385           2.521e+01     
 124.000         270.000           -1.078e+00          -3.122e+00              91.344          -5.335e+00              96.054           2.800e+01     
 123.000         270.000           -1.115e+00          -2.974e+00              91.727          -5.695e+00              94.671           3.222e+01     
 122.000         270.000           -1.157e+00          -2.854e+00              92.134          -6.061e+00              93.232           4.000e+01     
 121.000         270.000           -1.208e+00          -2.758e+00              92.564          -6.434e+00              91.733           4.000e+01     
 120.000         270.000           -1.266e+00          -2.686e+00              93.015          -6.811e+00              90.170           3.305e+01     
 119.000         270.000           -1.333e+00          -2.637e+00              93.488          -7.193e+00              88.537           2.843e+01     
 118.000         270.000           -1.409e+00          -2.610e+00              93.982          -7.577e+00              86.831           2.544e+01     
 117.000         270.000           -1.494e+00          -2.604e+00              94.497          -7.963e+00              85.049           2.323e+01     
 116.000         270.000           -1.589e+00          -2.618e+00              95.035          -8.348e+00              83.188           2.148e+01     
 115.000         270.000           -1.694e+00          -2.652e+00              95.596          -8.731e+00              81.245           2.002e+01     
 114.000         270.000           -1.810e+00          -2.704e+00              96.180          -9.111e+00              79.220           1.878e+01     
 113.000         270.000           -1.935e+00          -2.775e+00              96.790          -9.484e+00              77.115           1.770e+01     
 112.000         270.000           -2.071e+00          -2.863e+00              97.425          -9.849e+00              74.931           1.673e+01     
 111.000         270.000           -2.217e+00          -2.969e+00              98.089          -1.020e+01              72.676           1.586e+01     
 110.000         270.000           -2.373e+00          -3.091e+00              98.782          -1.054e+01              70.356           1.507e+01     
 109.000         270.000           -2.540e+00          -3.231e+00              99.508          -1.087e+01              67.982           1.434e+01     
 108.000         270.000           -2.718e+00          -3.386e+00             100.268          -1.118e+01              65.569           1.365e+01     
 107.000         270.000           -2.906e+00          -3.558e+00             101.066          -1.146e+01              63.134           1.301e+01     
 106.000         270.000           -3.104e+00          -3.745e+00             101.904          -1.172e+01              60.696           1.240e+01     
 105.000         270.000           -3.312e+00          -3.949e+00             102.788          -1.196e+01              58.278           1.182e+01     
 104.000         270.000           -3.530e+00          -4.167e+00             103.721          -1.218e+01              55.903           1.126e+01     
 103.000         270.000           -3.757e+00          -4.402e+00             104.707          -1.236e+01              53.597           1.072e+01     
 102.000         270.000           -3.994e+00          -4.651e+00             105.753          -1.252e+01              51.385           1.019e+01     
 101.000         270.000           -4.240e+00          -4.916e+00             106.866          -1.266e+01              49.291           9.674e+00     
 100.000         270.000           -4.495e+00          -5.195e+00             108.051          -1.276e+01              47.337           9.163e+00     
  99.000         270.000           -4.757e+00          -5.489e+00             109.317          -1.285e+01              45.544           8.657e+00     
  98.000         270.000           -5.026e+00          -5.798e+00             110.673          -1.291e+01              43.930           8.152e+00     
  97.000         270.000           -5.301e+00          -6.121e+00             112.129          -1.294e+01              42.510           7.646e+00     
  96.000         270.000           -5.581e+00          -6.458e+00             113.698          -1.296e+01              41.294           7.136e+00     
  95.000         270.000           -5.864e+00          -6.808e+00             115.390          -1.295e+01              40.292           6.621e+00     
  94.000         270.000           -6.148e+00          -7.170e+00             117.220          -1.293e+01              39.507           6.099e+00     
  93.000         270.000           -6.430e+00          -7.543e+00             119.205          -1.289e+01              38.941           5.571e+00     
  92.000         270.000           -6.709e+00          -7.926e+00             121.359          -1.283e+01              38.593           5.035e+00     
  91.000         270.000           -6.980e+00          -8.317e+00             123.702          -1.275e+01              38.458           4.494e+00     
  90.000         270.000           -7.240e+00          -8.713e+00             126.251          -1.265e+01              38.529           3.954e+00     
  89.000         270.000           -7.484e+00          -9.111e+00             129.023          -1.254e+01              38.797           3.425e+00     
  88.000         270.000           -7.706e+00          -9.506e+00             132.038          -1.240e+01              39.250           2.927e+00     
  87.000         270.000           -7.903e+00          -9.894e+00             135.307          -1.225e+01              39.872           2.497e+00     
  86.000         270.000           -8.068e+00          -1.027e+01             138.842          -1.207e+01              40.648           2.199e+00     
  85.000         270.000           -8.196e+00          -1.062e+01             142.644          -1.188e+01              41.560           2.112e+00     
  84.000         270.000           -8.283e+00          -1.095e+01             146.705          -1.167e+01              42.587           2.280e+00     
  83.000         270.000           -8.324e+00          -1.124e+01             151.006          -1.143e+01              43.709           2.670e+00     
  82.000         270.000           -8.319e+00          -1.149e+01             155.513          -1.118e+01              44.906           3.209e+00     
  81.000         270.000           -8.265e+00          -1.168e+01             160.177          -1.090e+01              46.156           3.838e+00     
  80.000         270.000           -8.164e+00          -1.183e+01             164.936          -1.061e+01              47.441           4.519e+00     
  79.000         270.000           -8.019e+00          -1.191e+01             169.721          -1.030e+01              48.742           5.226e+00     
  78.000         270.000           -7.833e+00          -1.194e+01             174.459          -9.971e+00              50.040           5.944e+00     
  77.000         270.000           -7.611e+00          -1.191e+01             179.079          -9.629e+00              51.323           6.660e+00     
  76.000         270.000           -7.358e+00          -1.183e+01             183.522          -9.274e+00              52.575           7.368e+00     
  75.000         270.000           -7.079e+00          -1.172e+01             187.739          -8.908e+00              53.787           8.060e+00     
  74.000         270.000           -6.780e+00          -1.157e+01             191.696          -8.532e+00              54.950           8.733e+00     
  73.000         270.000           -6.466e+00          -1.139e+01             195.376          -8.150e+00              56.057           9.383e+00     
  72.000         270.000           -6.140e+00          -1.121e+01             198.771          -7.761e+00              57.104           1.001e+01     
  71.000         270.000           -5.808e+00          -1.101e+01             201.883          -7.369e+00              58.088           1.061e+01     
  70.000         270.000           -5.471e+00          -1.081e+01             204.723          -6.974e+00              59.007           1.119e+01     
  69.000         270.000           -5.133e+00          -1.062e+01             207.306          -6.578e+00              59.861           1.175e+01     
  68.000         270.000           -4.797e+00          -1.043e+01             209.648          -6.182e+00              60.651           1.229e+01     
  67.000         270.000           -4.463e+00          -1.026e+01             211.768          -5.789e+00              61.379           1.280e+01     
  66.000         270.000           -4.133e+00          -1.011e+01             213.686          -5.398e+00              62.046           1.331e+01     
  65.000         270.000           -3.808e+00          -9.976e+00             215.418          -5.010e+00              62.655           1.380e+01     
  64.000         270.000           -3.490e+00          -9.866e+00             216.981          -4.627e+00              63.210           1.429e+01     
  63.000         270.000           -3.178e+00          -9.782e+00             218.392          -4.250e+00              63.713           1.477e+01     
  62.000         270.000           -2.874e+00          -9.727e+00             219.664          -3.878e+00              64.168           1.525e+01     
  61.000         270.000           -2.577e+00          -9.702e+00             220.810          -3.512e+00              64.578           1.572e+01     
  60.000         270.000           -2.287e+00          -9.710e+00             221.843          -3.154e+00              64.947           1.621e+01     
  59.000         270.000           -2.005e+00          -9.754e+00             222.771          -2.803e+00              65.278           1.670e+01     
  58.000         270.000           -1.730e+00          -9.837e+00             223.605          -2.460e+00              65.574           1.721e+01     
  57.000         270.000           -1.463e+00          -9.963e+00             224.351          -2.125e+00              65.839           1.774e+01     
  56.000         270.000           -1.204e+00          -1.014e+01             225.016          -1.798e+00              66.076           1.829e+01     
  55.000         270.000           -9.513e-01          -1.036e+01             225.607          -1.480e+00              66.287           1.887e+01     
  54.000         270.000           -7.059e-01          -1.064e+01             226.128          -1.171e+00              66.476           1.948e+01     
  53.000         270.000           -4.672e-01          -1.099e+01             226.583          -8.704e-01              66.645           2.014e+01     
  52.000         270.000           -2.350e-01          -1.141e+01             226.973          -5.795e-01              66.796           2.084e+01     
  51.000         270.000           -8.966e-03          -1.192e+01             227.298          -2.980e-01              66.933           2.161e+01     
  50.000         270.000            2.111e-01          -1.253e+01             227.557          -2.612e-02              67.057           2.246e+01     
  49.000         270.000            4.254e-01          -1.327e+01             227.745           2.360e-01              67.170           2.341e+01     
  48.000         270.000            6.343e-01          -1.417e+01             227.850           4.881e-01              67.275           2.448e+01     
  47.000         270.000            8.379e-01          -1.527e+01             227.850           7.301e-01              67.373           2.571e+01     
  46.000         270.000            1.037e+00          -1.664e+01             227.703           9.619e-01              67.466           2.716e+01     
  45.000         270.000            1.231e+00          -1.842e+01             227.318           1.183e+00              67.555           2.891e+01     
  44.000         270.000            1.420e+00          -2.084e+01             226.471           1.394e+00              67.643           3.112e+01     
  43.000         270.000            1.605e+00          -2.447e+01             224.429           1.594e+00              67.731           3.413e+01     
  42.000         270.000            1.785e+00          -3.129e+01             216.778           1.783e+00              67.819           3.882e+01     
  41.000         270.000            1.961e+00          -3.942e+01              89.953           1.961e+00              67.908           4.000e+01     
  40.000         270.000            2.133e+00          -2.689e+01              59.717           2.127e+00              68.000           4.000e+01     
  39.000         270.000            2.300e+00          -2.161e+01              55.916           2.283e+00              68.097           3.744e+01     
  38.000         270.000            2.463e+00          -1.824e+01              54.494           2.426e+00              68.198           3.325e+01     
  37.000         270.000            2.621e+00          -1.575e+01              53.761           2.557e+00              68.304           3.043e+01     
  36.000         270.000            2.774e+00          -1.376e+01              53.317           2.677e+00              68.415           2.830e+01     
  35.000         270.000            2.922e+00          -1.211e+01              53.015           2.783e+00              68.533           2.660e+01     
  34.000         270.000            3.064e+00          -1.070e+01              52.792           2.878e+00              68.658           2.519e+01     
  33.000         270.000            3.201e+00          -9.466e+00              52.615           2.959e+00              68.789           2.398e+01     
  32.000         270.000            3.330e+00          -8.380e+00              52.464           3.027e+00              68.926           2.292e+01     
  31.000         270.000            3.453e+00          -7.412e+00              52.328           3.082e+00              69.071           2.199e+01     
  30.000         270.000            3.568e+00          -6.542e+00              52.200           3.123e+00              69.222           2.116e+01     
  29.000         270.000            3.675e+00          -5.757e+00              52.075           3.149e+00              69.378           2.041e+01     
  28.000         270.000            3.773e+00          -5.045e+00              51.950           3.161e+00              69.541           1.973e+01     
  27.000         270.000            3.861e+00          -4.400e+00              51.821           3.159e+00              69.708           1.911e+01     
  26.000         270.000            3.938e+00          -3.815e+00              51.686           3.141e+00              69.879           1.854e+01     
  25.000         270.000            4.005e+00          -3.285e+00              51.540           3.108e+00              70.052           1.802e+01     
  24.000         270.000            4.059e+00          -2.806e+00              51.387           3.058e+00              70.227           1.753e+01     
  23.000         270.000            4.100e+00          -2.374e+00              51.221           2.992e+00              70.402           1.708e+01     
  22.000         270.000            4.127e+00          -1.987e+00              51.042           2.908e+00              70.576           1.666e+01     
  21.000         270.000            4.139e+00          -1.643e+00              50.847           2.807e+00              70.744           1.627e+01     
  20.000         270.000            4.135e+00          -1.340e+00              50.634           2.688e+00              70.907           1.591e+01     
  19.000         270.000            4.115e+00          -1.077e+00              50.401           2.550e+00              71.059           1.557e+01     
  18.000         270.000            4.076e+00          -8.540e-01              50.145           2.392e+00              71.198           1.525e+01     
  17.000         270.000            4.018e+00          -6.689e-01              49.862           2.214e+00              71.320           1.495e+01     
  16.000         270.000            3.939e+00          -5.219e-01              49.549           2.014e+00              71.420           1.467e+01     
  15.000         270.000            3.839e+00          -4.128e-01              49.201           1.792e+00              71.493           1.441e+01     
  14.000         270.000            3.715e+00          -3.417e-01              48.814           1.548e+00              71.532           1.416e+01     
  13.000         270.000            3.567e+00          -3.087e-01              48.382           1.279e+00              71.529           1.393e+01     
  12.000         270.000            3.393e+00          -3.144e-01              47.895           9.841e-01              71.476           1.371e+01     
  11.000         270.000            3.192e+00          -3.597e-01              47.349           6.628e-01              71.362           1.351e+01     
  10.000         270.000            2.961e+00          -4.453e-01              46.731           3.133e-01              71.175           1.332e+01     
   9.000         270.000            2.699e+00          -5.725e-01              46.029          -6.584e-02              70.899           1.315e+01     
   8.000         270.000            2.403e+00          -7.426e-01              45.229          -4.764e-01              70.516           1.299e+01     
   7.000         270.000            2.072e+00          -9.574e-01              44.312          -9.200e-01              70.003           1.284e+01     
   6.000         270.000            1.703e+00          -1.219e+00              43.255          -1.399e+00              69.334           1.271e+01     
   5.000         270.000            1.293e+00          -1.529e+00              42.030          -1.914e+00              68.475           1.259e+01     
   4.000         270.000            8.414e-01          -1.890e+00              40.599          -2.467e+00              67.384           1.249e+01     
   3.000         270.000            3.446e-01          -2.304e+00              38.918          -3.060e+00              66.009           1.240e+01     
   2.000         270.000           -1.990e-01          -2.774e+00              36.927          -3.693e+00              64.287           1.233e+01     
   1.000         270.000           -7.902e-01          -3.301e+00              34.550          -4.365e+00              62.136           1.227e+01     
