Theta [deg.]  Phi   [deg.]  Abs(Grlz)[dBi   ]   Abs(Theta)[dBi   ]  Phase(Theta)[deg.]  Abs(Phi  )[dBi   ]  Phase(Phi  )[deg.]  Ax.Ratio[dB    ]    
------------------------------------------------------------------------------------------------------------------------------------------------------
   0.000          90.000           -1.503e+00          -2.828e+00             130.006          -7.305e+00             357.017           8.757e+00     
   1.000          90.000           -1.608e+00          -3.055e+00             130.681          -7.085e+00               0.132           8.043e+00     
   2.000          90.000           -1.708e+00          -3.293e+00             131.395          -6.854e+00               3.140           7.369e+00     
   3.000          90.000           -1.800e+00          -3.540e+00             132.149          -6.613e+00               6.039           6.736e+00     
   4.000          90.000           -1.884e+00          -3.798e+00             132.949          -6.365e+00               8.826           6.148e+00     
   5.000          90.000           -1.959e+00          -4.067e+00             133.798          -6.111e+00              11.503           5.610e+00     
   6.000          90.000           -2.024e+00          -4.345e+00             134.699          -5.854e+00              14.071           5.132e+00     
   7.000          90.000           -2.078e+00          -4.635e+00             135.657          -5.594e+00              16.532           4.726e+00     
   8.000          90.000           -2.119e+00          -4.935e+00             136.677          -5.333e+00              18.891           4.407e+00     
   9.000          90.000           -2.148e+00          -5.246e+00             137.765          -5.072e+00              21.152           4.192e+00     
  10.000          90.000           -2.163e+00          -5.568e+00             138.927          -4.812e+00              23.318           4.094e+00     
  11.000          90.000           -2.165e+00          -5.900e+00             140.170          -4.555e+00              25.395           4.120e+00     
  12.000          90.000           -2.154e+00          -6.243e+00             141.500          -4.300e+00              27.387           4.267e+00     
  13.000          90.000           -2.128e+00          -6.597e+00             142.926          -4.049e+00              29.299           4.525e+00     
  14.000          90.000           -2.089e+00          -6.960e+00             144.456          -3.801e+00              31.134           4.876e+00     
  15.000          90.000           -2.037e+00          -7.333e+00             146.101          -3.558e+00              32.899           5.304e+00     
  16.000          90.000           -1.973e+00          -7.714e+00             147.870          -3.320e+00              34.597           5.794e+00     
  17.000          90.000           -1.897e+00          -8.103e+00             149.775          -3.087e+00              36.231           6.334e+00     
  18.000          90.000           -1.811e+00          -8.499e+00             151.828          -2.858e+00              37.806           6.914e+00     
  19.000          90.000           -1.714e+00          -8.900e+00             154.039          -2.636e+00              39.326           7.529e+00     
  20.000          90.000           -1.609e+00          -9.305e+00             156.423          -2.418e+00              40.794           8.173e+00     
  21.000          90.000           -1.496e+00          -9.710e+00             158.990          -2.207e+00              42.212           8.844e+00     
  22.000          90.000           -1.377e+00          -1.011e+01             161.752          -2.001e+00              43.584           9.538e+00     
  23.000          90.000           -1.252e+00          -1.051e+01             164.718          -1.800e+00              44.913           1.026e+01     
  24.000          90.000           -1.122e+00          -1.090e+01             167.895          -1.605e+00              46.201           1.100e+01     
  25.000          90.000           -9.888e-01          -1.127e+01             171.284          -1.416e+00              47.450           1.176e+01     
  26.000          90.000           -8.529e-01          -1.163e+01             174.884          -1.232e+00              48.663           1.255e+01     
  27.000          90.000           -7.150e-01          -1.196e+01             178.685          -1.054e+00              49.842           1.336e+01     
  28.000          90.000           -5.761e-01          -1.226e+01             182.669          -8.816e-01              50.988           1.420e+01     
  29.000          90.000           -4.367e-01          -1.252e+01             186.810          -7.142e-01              52.103           1.506e+01     
  30.000          90.000           -2.977e-01          -1.275e+01             191.075          -5.521e-01              53.189           1.596e+01     
  31.000          90.000           -1.594e-01          -1.293e+01             195.422          -3.952e-01              54.247           1.688e+01     
  32.000          90.000           -2.245e-02          -1.307e+01             199.805          -2.434e-01              55.279           1.785e+01     
  33.000          90.000            1.127e-01          -1.316e+01             204.176          -9.664e-02              56.285           1.886e+01     
  34.000          90.000            2.457e-01          -1.321e+01             208.486           4.514e-02              57.267           1.992e+01     
  35.000          90.000            3.764e-01          -1.322e+01             212.693           1.822e-01              58.227           2.103e+01     
  36.000          90.000            5.043e-01          -1.319e+01             216.760           3.146e-01              59.164           2.221e+01     
  37.000          90.000            6.292e-01          -1.313e+01             220.658           4.424e-01              60.080           2.347e+01     
  38.000          90.000            7.510e-01          -1.304e+01             224.367           5.657e-01              60.976           2.483e+01     
  39.000          90.000            8.695e-01          -1.293e+01             227.874           6.846e-01              61.852           2.631e+01     
  40.000          90.000            9.846e-01          -1.281e+01             231.175           7.993e-01              62.709           2.794e+01     
  41.000          90.000            1.096e+00          -1.267e+01             234.271           9.098e-01              63.548           2.979e+01     
  42.000          90.000            1.204e+00          -1.252e+01             237.165           1.016e+00              64.370           3.194e+01     
  43.000          90.000            1.309e+00          -1.238e+01             239.869           1.119e+00              65.174           3.455e+01     
  44.000          90.000            1.409e+00          -1.223e+01             242.391           1.217e+00              65.961           3.794e+01     
  45.000          90.000            1.507e+00          -1.208e+01             244.743           1.312e+00              66.732           4.000e+01     
  46.000          90.000            1.600e+00          -1.194e+01             246.939           1.403e+00              67.487           4.000e+01     
  47.000          90.000            1.690e+00          -1.180e+01             248.990           1.491e+00              68.226           4.000e+01     
  48.000          90.000            1.776e+00          -1.166e+01             250.909           1.575e+00              68.951           4.000e+01     
  49.000          90.000            1.859e+00          -1.154e+01             252.707           1.656e+00              69.660           3.909e+01     
  50.000          90.000            1.939e+00          -1.142e+01             254.395           1.734e+00              70.355           3.661e+01     
  51.000          90.000            2.014e+00          -1.132e+01             255.984           1.808e+00              71.035           3.482e+01     
  52.000          90.000            2.087e+00          -1.122e+01             257.481           1.879e+00              71.701           3.345e+01     
  53.000          90.000            2.156e+00          -1.113e+01             258.897           1.948e+00              72.353           3.236e+01     
  54.000          90.000            2.222e+00          -1.105e+01             260.239           2.013e+00              72.991           3.146e+01     
  55.000          90.000            2.285e+00          -1.098e+01             261.514           2.076e+00              73.616           3.071e+01     
  56.000          90.000            2.345e+00          -1.092e+01             262.729           2.136e+00              74.227           3.007e+01     
  57.000          90.000            2.402e+00          -1.087e+01             263.890           2.193e+00              74.824           2.953e+01     
  58.000          90.000            2.456e+00          -1.083e+01             265.003           2.248e+00              75.408           2.905e+01     
  59.000          90.000            2.508e+00          -1.080e+01             266.072           2.300e+00              75.979           2.863e+01     
  60.000          90.000            2.556e+00          -1.078e+01             267.103           2.350e+00              76.537           2.826e+01     
  61.000          90.000            2.602e+00          -1.077e+01             268.100           2.397e+00              77.081           2.793e+01     
  62.000          90.000            2.646e+00          -1.076e+01             269.067           2.443e+00              77.613           2.764e+01     
  63.000          90.000            2.686e+00          -1.077e+01             270.008           2.486e+00              78.131           2.737e+01     
  64.000          90.000            2.725e+00          -1.078e+01             270.926           2.527e+00              78.636           2.712e+01     
  65.000          90.000            2.761e+00          -1.080e+01             271.824           2.566e+00              79.128           2.690e+01     
  66.000          90.000            2.795e+00          -1.083e+01             272.706           2.603e+00              79.607           2.669e+01     
  67.000          90.000            2.827e+00          -1.087e+01             273.575           2.638e+00              80.073           2.650e+01     
  68.000          90.000            2.857e+00          -1.091e+01             274.433           2.671e+00              80.526           2.632e+01     
  69.000          90.000            2.885e+00          -1.097e+01             275.284           2.702e+00              80.966           2.615e+01     
  70.000          90.000            2.911e+00          -1.103e+01             276.129           2.732e+00              81.393           2.599e+01     
  71.000          90.000            2.935e+00          -1.110e+01             276.972           2.760e+00              81.807           2.583e+01     
  72.000          90.000            2.957e+00          -1.117e+01             277.815           2.786e+00              82.207           2.568e+01     
  73.000          90.000            2.978e+00          -1.126e+01             278.661           2.811e+00              82.594           2.554e+01     
  74.000          90.000            2.997e+00          -1.135e+01             279.511           2.834e+00              82.968           2.539e+01     
  75.000          90.000            3.014e+00          -1.144e+01             280.369           2.856e+00              83.329           2.525e+01     
  76.000          90.000            3.030e+00          -1.155e+01             281.238           2.876e+00              83.677           2.511e+01     
  77.000          90.000            3.045e+00          -1.166e+01             282.118           2.895e+00              84.011           2.497e+01     
  78.000          90.000            3.058e+00          -1.177e+01             283.014           2.912e+00              84.331           2.484e+01     
  79.000          90.000            3.069e+00          -1.190e+01             283.927           2.929e+00              84.638           2.470e+01     
  80.000          90.000            3.080e+00          -1.202e+01             284.861           2.943e+00              84.932           2.456e+01     
  81.000          90.000            3.089e+00          -1.216e+01             285.818           2.957e+00              85.212           2.442e+01     
  82.000          90.000            3.097e+00          -1.230e+01             286.801           2.969e+00              85.478           2.428e+01     
  83.000          90.000            3.103e+00          -1.245e+01             287.812           2.980e+00              85.730           2.414e+01     
  84.000          90.000            3.109e+00          -1.260e+01             288.855           2.990e+00              85.969           2.399e+01     
  85.000          90.000            3.113e+00          -1.275e+01             289.933           2.999e+00              86.194           2.385e+01     
  86.000          90.000            3.116e+00          -1.291e+01             291.049           3.007e+00              86.404           2.370e+01     
  87.000          90.000            3.119e+00          -1.308e+01             292.207           3.013e+00              86.601           2.355e+01     
  88.000          90.000            3.120e+00          -1.325e+01             293.408           3.018e+00              86.784           2.340e+01     
  89.000          90.000            3.120e+00          -1.342e+01             294.658           3.022e+00              86.953           2.325e+01     
  90.000          90.000            3.119e+00          -1.359e+01             295.959           3.025e+00              87.107           2.309e+01     
  91.000          90.000            3.117e+00          -1.377e+01             297.314           3.027e+00              87.247           2.294e+01     
  92.000          90.000            3.114e+00          -1.395e+01             298.727           3.028e+00              87.373           2.278e+01     
  93.000          90.000            3.111e+00          -1.413e+01             300.201           3.028e+00              87.485           2.262e+01     
  94.000          90.000            3.106e+00          -1.431e+01             301.740           3.027e+00              87.581           2.246e+01     
  95.000          90.000            3.100e+00          -1.449e+01             303.345           3.024e+00              87.664           2.229e+01     
  96.000          90.000            3.094e+00          -1.466e+01             305.019           3.020e+00              87.732           2.213e+01     
  97.000          90.000            3.086e+00          -1.484e+01             306.764           3.016e+00              87.785           2.197e+01     
  98.000          90.000            3.078e+00          -1.501e+01             308.580           3.010e+00              87.823           2.180e+01     
  99.000          90.000            3.068e+00          -1.517e+01             310.470           3.003e+00              87.847           2.163e+01     
 100.000          90.000            3.058e+00          -1.533e+01             312.430           2.995e+00              87.856           2.146e+01     
 101.000          90.000            3.047e+00          -1.548e+01             314.461           2.985e+00              87.850           2.130e+01     
 102.000          90.000            3.034e+00          -1.562e+01             316.559           2.974e+00              87.828           2.113e+01     
 103.000          90.000            3.021e+00          -1.575e+01             318.719           2.963e+00              87.792           2.095e+01     
 104.000          90.000            3.006e+00          -1.586e+01             320.935           2.950e+00              87.740           2.078e+01     
 105.000          90.000            2.991e+00          -1.596e+01             323.200           2.935e+00              87.674           2.061e+01     
 106.000          90.000            2.974e+00          -1.605e+01             325.504           2.919e+00              87.592           2.044e+01     
 107.000          90.000            2.956e+00          -1.612e+01             327.837           2.902e+00              87.494           2.026e+01     
 108.000          90.000            2.938e+00          -1.617e+01             330.188           2.884e+00              87.381           2.009e+01     
 109.000          90.000            2.918e+00          -1.620e+01             332.542           2.864e+00              87.252           1.992e+01     
 110.000          90.000            2.896e+00          -1.621e+01             334.887           2.843e+00              87.108           1.974e+01     
 111.000          90.000            2.874e+00          -1.620e+01             337.208           2.820e+00              86.948           1.956e+01     
 112.000          90.000            2.850e+00          -1.618e+01             339.490           2.796e+00              86.772           1.939e+01     
 113.000          90.000            2.825e+00          -1.613e+01             341.721           2.770e+00              86.580           1.921e+01     
 114.000          90.000            2.799e+00          -1.607e+01             343.887           2.742e+00              86.371           1.903e+01     
 115.000          90.000            2.771e+00          -1.599e+01             345.977           2.713e+00              86.147           1.885e+01     
 116.000          90.000            2.742e+00          -1.589e+01             347.978           2.682e+00              85.906           1.866e+01     
 117.000          90.000            2.711e+00          -1.578e+01             349.883           2.650e+00              85.649           1.848e+01     
 118.000          90.000            2.679e+00          -1.566e+01             351.684           2.615e+00              85.375           1.829e+01     
 119.000          90.000            2.645e+00          -1.552e+01             353.373           2.579e+00              85.084           1.811e+01     
 120.000          90.000            2.610e+00          -1.538e+01             354.948           2.540e+00              84.777           1.792e+01     
 121.000          90.000            2.573e+00          -1.522e+01             356.403           2.500e+00              84.452           1.772e+01     
 122.000          90.000            2.534e+00          -1.505e+01             357.738           2.458e+00              84.110           1.753e+01     
 123.000          90.000            2.494e+00          -1.488e+01             358.952           2.414e+00              83.750           1.733e+01     
 124.000          90.000            2.452e+00          -1.470e+01               0.044           2.367e+00              83.373           1.713e+01     
 125.000          90.000            2.407e+00          -1.452e+01               1.015           2.318e+00              82.978           1.693e+01     
 126.000          90.000            2.361e+00          -1.433e+01               1.867           2.267e+00              82.565           1.672e+01     
 127.000          90.000            2.313e+00          -1.415e+01               2.603           2.214e+00              82.134           1.651e+01     
 128.000          90.000            2.264e+00          -1.395e+01               3.224           2.159e+00              81.684           1.630e+01     
 129.000          90.000            2.212e+00          -1.376e+01               3.733           2.100e+00              81.215           1.608e+01     
 130.000          90.000            2.158e+00          -1.356e+01               4.134           2.040e+00              80.727           1.586e+01     
 131.000          90.000            2.102e+00          -1.337e+01               4.430           1.977e+00              80.220           1.563e+01     
 132.000          90.000            2.044e+00          -1.317e+01               4.624           1.911e+00              79.693           1.540e+01     
 133.000          90.000            1.983e+00          -1.297e+01               4.720           1.842e+00              79.146           1.516e+01     
 134.000          90.000            1.921e+00          -1.277e+01               4.722           1.771e+00              78.579           1.492e+01     
 135.000          90.000            1.857e+00          -1.257e+01               4.634           1.697e+00              77.991           1.467e+01     
 136.000          90.000            1.790e+00          -1.237e+01               4.458           1.620e+00              77.381           1.442e+01     
 137.000          90.000            1.721e+00          -1.217e+01               4.200           1.540e+00              76.750           1.416e+01     
 138.000          90.000            1.650e+00          -1.197e+01               3.863           1.457e+00              76.097           1.389e+01     
 139.000          90.000            1.577e+00          -1.177e+01               3.451           1.372e+00              75.422           1.362e+01     
 140.000          90.000            1.502e+00          -1.156e+01               2.968           1.283e+00              74.723           1.334e+01     
 141.000          90.000            1.425e+00          -1.136e+01               2.418           1.190e+00              74.001           1.306e+01     
 142.000          90.000            1.346e+00          -1.115e+01               1.806           1.095e+00              73.254           1.277e+01     
 143.000          90.000            1.266e+00          -1.095e+01               1.136           9.965e-01              72.483           1.247e+01     
 144.000          90.000            1.183e+00          -1.074e+01               0.412           8.946e-01              71.686           1.217e+01     
 145.000          90.000            1.099e+00          -1.053e+01             359.639           7.894e-01              70.864           1.186e+01     
 146.000          90.000            1.013e+00          -1.031e+01             358.821           6.808e-01              70.014           1.155e+01     
 147.000          90.000            9.261e-01          -1.010e+01             357.962           5.688e-01              69.137           1.123e+01     
 148.000          90.000            8.378e-01          -9.883e+00             357.067           4.534e-01              68.232           1.090e+01     
 149.000          90.000            7.486e-01          -9.664e+00             356.140           3.345e-01              67.297           1.058e+01     
 150.000          90.000            6.586e-01          -9.443e+00             355.186           2.121e-01              66.332           1.024e+01     
 151.000          90.000            5.681e-01          -9.219e+00             354.209           8.625e-02              65.337           9.904e+00     
 152.000          90.000            4.774e-01          -8.994e+00             353.213          -4.308e-02              64.309           9.563e+00     
 153.000          90.000            3.867e-01          -8.767e+00             352.202          -1.759e-01              63.248           9.219e+00     
 154.000          90.000            2.965e-01          -8.538e+00             351.180          -3.121e-01              62.152           8.873e+00     
 155.000          90.000            2.071e-01          -8.308e+00             350.152          -4.518e-01              61.022           8.526e+00     
 156.000          90.000            1.188e-01          -8.076e+00             349.119          -5.949e-01              59.855           8.179e+00     
 157.000          90.000            3.209e-02          -7.843e+00             348.086          -7.413e-01              58.650           7.834e+00     
 158.000          90.000           -5.260e-02          -7.609e+00             347.056          -8.909e-01              57.407           7.492e+00     
 159.000          90.000           -1.348e-01          -7.374e+00             346.031          -1.044e+00              56.123           7.154e+00     
 160.000          90.000           -2.141e-01          -7.139e+00             345.015          -1.200e+00              54.797           6.823e+00     
 161.000          90.000           -2.900e-01          -6.904e+00             344.010          -1.358e+00              53.428           6.501e+00     
 162.000          90.000           -3.619e-01          -6.669e+00             343.017          -1.520e+00              52.015           6.191e+00     
 163.000          90.000           -4.295e-01          -6.435e+00             342.039          -1.684e+00              50.555           5.897e+00     
 164.000          90.000           -4.921e-01          -6.202e+00             341.077          -1.850e+00              49.048           5.623e+00     
 165.000          90.000           -5.495e-01          -5.969e+00             340.132          -2.019e+00              47.493           5.373e+00     
 166.000          90.000           -6.010e-01          -5.739e+00             339.207          -2.190e+00              45.887           5.152e+00     
 167.000          90.000           -6.464e-01          -5.510e+00             338.302          -2.362e+00              44.229           4.967e+00     
 168.000          90.000           -6.852e-01          -5.283e+00             337.417          -2.535e+00              42.518           4.822e+00     
 169.000          90.000           -7.171e-01          -5.059e+00             336.554          -2.710e+00              40.752           4.725e+00     
 170.000          90.000           -7.420e-01          -4.838e+00             335.713          -2.885e+00              38.931           4.679e+00     
 171.000          90.000           -7.595e-01          -4.620e+00             334.894          -3.059e+00              37.054           4.687e+00     
 172.000          90.000           -7.697e-01          -4.405e+00             334.097          -3.234e+00              35.119           4.753e+00     
 173.000          90.000           -7.724e-01          -4.193e+00             333.322          -3.408e+00              33.126           4.876e+00     
 174.000          90.000           -7.676e-01          -3.986e+00             332.570          -3.580e+00              31.074           5.053e+00     
 175.000          90.000           -7.556e-01          -3.782e+00             331.841          -3.750e+00              28.965           5.282e+00     
 176.000          90.000           -7.364e-01          -3.583e+00             331.133          -3.917e+00              26.797           5.560e+00     
 177.000          90.000           -7.104e-01          -3.388e+00             330.447          -4.081e+00              24.571           5.880e+00     
 178.000          90.000           -6.778e-01          -3.198e+00             329.783          -4.241e+00              22.290           6.241e+00     
 179.000          90.000           -6.391e-01          -3.012e+00             329.140          -4.396e+00              19.953           6.639e+00     
 180.000          90.000           -5.947e-01          -2.832e+00             328.517          -4.546e+00              17.565           7.070e+00     
 179.000         270.000           -5.450e-01          -2.656e+00             147.915          -4.690e+00             195.126           7.532e+00     
 178.000         270.000           -4.907e-01          -2.486e+00             147.333          -4.827e+00             192.641           8.025e+00     
 177.000         270.000           -4.321e-01          -2.322e+00             146.769          -4.957e+00             190.112           8.547e+00     
 176.000         270.000           -3.700e-01          -2.162e+00             146.225          -5.079e+00             187.545           9.099e+00     
 175.000         270.000           -3.048e-01          -2.009e+00             145.699          -5.192e+00             184.943           9.680e+00     
 174.000         270.000           -2.371e-01          -1.861e+00             145.190          -5.297e+00             182.313           1.029e+01     
 173.000         270.000           -1.675e-01          -1.718e+00             144.699          -5.392e+00             179.660           1.094e+01     
 172.000         270.000           -9.656e-02          -1.582e+00             144.224          -5.478e+00             176.990           1.162e+01     
 171.000         270.000           -2.478e-02          -1.451e+00             143.766          -5.553e+00             174.309           1.234e+01     
 170.000         270.000            4.730e-02          -1.327e+00             143.323          -5.619e+00             171.624           1.311e+01     
 169.000         270.000            1.192e-01          -1.208e+00             142.896          -5.675e+00             168.940           1.393e+01     
 168.000         270.000            1.904e-01          -1.096e+00             142.483          -5.722e+00             166.264           1.480e+01     
 167.000         270.000            2.606e-01          -9.893e-01             142.085          -5.759e+00             163.603           1.575e+01     
 166.000         270.000            3.292e-01          -8.890e-01             141.700          -5.786e+00             160.961           1.679e+01     
 165.000         270.000            3.959e-01          -7.949e-01             141.329          -5.805e+00             158.344           1.793e+01     
 164.000         270.000            4.604e-01          -7.070e-01             140.971          -5.816e+00             155.758           1.920e+01     
 163.000         270.000            5.224e-01          -6.253e-01             140.625          -5.819e+00             153.206           2.065e+01     
 162.000         270.000            5.814e-01          -5.498e-01             140.292          -5.814e+00             150.693           2.235e+01     
 161.000         270.000            6.373e-01          -4.806e-01             139.970          -5.804e+00             148.222           2.439e+01     
 160.000         270.000            6.898e-01          -4.177e-01             139.660          -5.787e+00             145.796           2.699e+01     
 159.000         270.000            7.386e-01          -3.611e-01             139.361          -5.765e+00             143.417           3.060e+01     
 158.000         270.000            7.836e-01          -3.108e-01             139.073          -5.738e+00             141.086           3.670e+01     
 157.000         270.000            8.247e-01          -2.668e-01             138.795          -5.708e+00             138.806           4.000e+01     
 156.000         270.000            8.615e-01          -2.291e-01             138.528          -5.674e+00             136.577           3.698e+01     
 155.000         270.000            8.940e-01          -1.978e-01             138.270          -5.637e+00             134.400           3.103e+01     
 154.000         270.000            9.221e-01          -1.728e-01             138.023          -5.598e+00             132.274           2.759e+01     
 153.000         270.000            9.456e-01          -1.542e-01             137.785          -5.558e+00             130.199           2.517e+01     
 152.000         270.000            9.644e-01          -1.419e-01             137.556          -5.516e+00             128.176           2.330e+01     
 151.000         270.000            9.785e-01          -1.360e-01             137.336          -5.474e+00             126.202           2.179e+01     
 150.000         270.000            9.878e-01          -1.365e-01             137.125          -5.431e+00             124.277           2.053e+01     
 149.000         270.000            9.922e-01          -1.434e-01             136.923          -5.389e+00             122.401           1.943e+01     
 148.000         270.000            9.917e-01          -1.568e-01             136.729          -5.347e+00             120.572           1.847e+01     
 147.000         270.000            9.862e-01          -1.766e-01             136.544          -5.305e+00             118.788           1.762e+01     
 146.000         270.000            9.757e-01          -2.028e-01             136.367          -5.265e+00             117.050           1.685e+01     
 145.000         270.000            9.601e-01          -2.355e-01             136.199          -5.226e+00             115.353           1.615e+01     
 144.000         270.000            9.395e-01          -2.747e-01             136.039          -5.188e+00             113.698           1.550e+01     
 143.000         270.000            9.139e-01          -3.205e-01             135.887          -5.152e+00             112.083           1.490e+01     
 142.000         270.000            8.832e-01          -3.728e-01             135.743          -5.118e+00             110.507           1.435e+01     
 141.000         270.000            8.474e-01          -4.317e-01             135.607          -5.085e+00             108.968           1.383e+01     
 140.000         270.000            8.065e-01          -4.973e-01             135.479          -5.055e+00             107.465           1.333e+01     
 139.000         270.000            7.606e-01          -5.696e-01             135.360          -5.026e+00             105.997           1.287e+01     
 138.000         270.000            7.097e-01          -6.486e-01             135.249          -5.000e+00             104.563           1.243e+01     
 137.000         270.000            6.537e-01          -7.344e-01             135.146          -4.975e+00             103.160           1.201e+01     
 136.000         270.000            5.928e-01          -8.272e-01             135.051          -4.953e+00             101.790           1.160e+01     
 135.000         270.000            5.269e-01          -9.268e-01             134.965          -4.933e+00             100.449           1.121e+01     
 134.000         270.000            4.560e-01          -1.034e+00             134.888          -4.915e+00              99.137           1.084e+01     
 133.000         270.000            3.803e-01          -1.147e+00             134.820          -4.899e+00              97.854           1.048e+01     
 132.000         270.000            2.997e-01          -1.269e+00             134.761          -4.885e+00              96.598           1.013e+01     
 131.000         270.000            2.142e-01          -1.397e+00             134.711          -4.873e+00              95.369           9.790e+00     
 130.000         270.000            1.241e-01          -1.533e+00             134.671          -4.862e+00              94.165           9.460e+00     
 129.000         270.000            2.919e-02          -1.677e+00             134.641          -4.854e+00              92.987           9.138e+00     
 128.000         270.000           -7.032e-02          -1.828e+00             134.621          -4.847e+00              91.832           8.824e+00     
 127.000         270.000           -1.744e-01          -1.988e+00             134.613          -4.843e+00              90.702           8.517e+00     
 126.000         270.000           -2.830e-01          -2.155e+00             134.616          -4.839e+00              89.595           8.216e+00     
 125.000         270.000           -3.960e-01          -2.332e+00             134.631          -4.838e+00              88.511           7.921e+00     
 124.000         270.000           -5.133e-01          -2.516e+00             134.659          -4.837e+00              87.449           7.633e+00     
 123.000         270.000           -6.348e-01          -2.710e+00             134.700          -4.838e+00              86.409           7.350e+00     
 122.000         270.000           -7.604e-01          -2.913e+00             134.756          -4.841e+00              85.390           7.073e+00     
 121.000         270.000           -8.900e-01          -3.126e+00             134.827          -4.844e+00              84.394           6.803e+00     
 120.000         270.000           -1.023e+00          -3.348e+00             134.914          -4.848e+00              83.418           6.538e+00     
 119.000         270.000           -1.161e+00          -3.581e+00             135.019          -4.854e+00              82.463           6.281e+00     
 118.000         270.000           -1.301e+00          -3.824e+00             135.144          -4.860e+00              81.529           6.032e+00     
 117.000         270.000           -1.445e+00          -4.079e+00             135.289          -4.867e+00              80.615           5.792e+00     
 116.000         270.000           -1.592e+00          -4.346e+00             135.457          -4.875e+00              79.722           5.564e+00     
 115.000         270.000           -1.742e+00          -4.625e+00             135.650          -4.883e+00              78.850           5.348e+00     
 114.000         270.000           -1.894e+00          -4.918e+00             135.870          -4.891e+00              77.998           5.148e+00     
 113.000         270.000           -2.049e+00          -5.224e+00             136.120          -4.900e+00              77.166           4.967e+00     
 112.000         270.000           -2.205e+00          -5.545e+00             136.405          -4.909e+00              76.356           4.809e+00     
 111.000         270.000           -2.364e+00          -5.882e+00             136.726          -4.919e+00              75.565           4.679e+00     
 110.000         270.000           -2.523e+00          -6.236e+00             137.091          -4.928e+00              74.795           4.581e+00     
 109.000         270.000           -2.683e+00          -6.608e+00             137.503          -4.938e+00              74.046           4.521e+00     
 108.000         270.000           -2.843e+00          -7.000e+00             137.969          -4.947e+00              73.318           4.506e+00     
 107.000         270.000           -3.002e+00          -7.412e+00             138.498          -4.956e+00              72.611           4.539e+00     
 106.000         270.000           -3.161e+00          -7.848e+00             139.098          -4.965e+00              71.925           4.627e+00     
 105.000         270.000           -3.318e+00          -8.308e+00             139.783          -4.973e+00              71.260           4.772e+00     
 104.000         270.000           -3.472e+00          -8.796e+00             140.565          -4.982e+00              70.616           4.979e+00     
 103.000         270.000           -3.624e+00          -9.313e+00             141.463          -4.989e+00              69.995           5.247e+00     
 102.000         270.000           -3.771e+00          -9.864e+00             142.498          -4.997e+00              69.395           5.580e+00     
 101.000         270.000           -3.913e+00          -1.045e+01             143.701          -5.003e+00              68.816           5.977e+00     
 100.000         270.000           -4.050e+00          -1.108e+01             145.106          -5.010e+00              68.260           6.442e+00     
  99.000         270.000           -4.179e+00          -1.175e+01             146.762          -5.015e+00              67.727           6.977e+00     
  98.000         270.000           -4.301e+00          -1.247e+01             148.731          -5.020e+00              67.215           7.585e+00     
  97.000         270.000           -4.414e+00          -1.324e+01             151.096          -5.024e+00              66.727           8.275e+00     
  96.000         270.000           -4.517e+00          -1.407e+01             153.969          -5.027e+00              66.261           9.055e+00     
  95.000         270.000           -4.610e+00          -1.496e+01             157.504          -5.030e+00              65.818           9.938e+00     
  94.000         270.000           -4.691e+00          -1.591e+01             161.904          -5.032e+00              65.398           1.094e+01     
  93.000         270.000           -4.759e+00          -1.690e+01             167.440          -5.033e+00              65.002           1.210e+01     
  92.000         270.000           -4.814e+00          -1.790e+01             174.442          -5.033e+00              64.628           1.345e+01     
  91.000         270.000           -4.855e+00          -1.884e+01             183.244          -5.032e+00              64.279           1.506e+01     
  90.000         270.000           -4.882e+00          -1.961e+01             194.018          -5.031e+00              63.953           1.703e+01     
  89.000         270.000           -4.895e+00          -2.006e+01             206.471          -5.029e+00              63.650           1.958e+01     
  88.000         270.000           -4.893e+00          -2.008e+01             219.644          -5.026e+00              63.371           2.319e+01     
  87.000         270.000           -4.876e+00          -1.966e+01             232.205          -5.023e+00              63.116           2.938e+01     
  86.000         270.000           -4.845e+00          -1.890e+01             243.143          -5.019e+00              62.885           4.000e+01     
  85.000         270.000           -4.799e+00          -1.797e+01             252.114          -5.014e+00              62.678           2.908e+01     
  84.000         270.000           -4.740e+00          -1.697e+01             259.266          -5.008e+00              62.494           2.325e+01     
  83.000         270.000           -4.668e+00          -1.597e+01             264.927          -5.002e+00              62.335           1.986e+01     
  82.000         270.000           -4.584e+00          -1.502e+01             269.432          -4.996e+00              62.200           1.748e+01     
  81.000         270.000           -4.488e+00          -1.412e+01             273.056          -4.989e+00              62.088           1.567e+01     
  80.000         270.000           -4.382e+00          -1.328e+01             276.009          -4.981e+00              62.000           1.422e+01     
  79.000         270.000           -4.266e+00          -1.250e+01             278.446          -4.973e+00              61.937           1.303e+01     
  78.000         270.000           -4.142e+00          -1.177e+01             280.483          -4.965e+00              61.897           1.202e+01     
  77.000         270.000           -4.011e+00          -1.109e+01             282.205          -4.957e+00              61.881           1.117e+01     
  76.000         270.000           -3.872e+00          -1.046e+01             283.676          -4.949e+00              61.889           1.044e+01     
  75.000         270.000           -3.729e+00          -9.865e+00             284.946          -4.940e+00              61.920           9.803e+00     
  74.000         270.000           -3.580e+00          -9.308e+00             286.050          -4.932e+00              61.976           9.259e+00     
  73.000         270.000           -3.428e+00          -8.784e+00             287.018          -4.924e+00              62.055           8.790e+00     
  72.000         270.000           -3.273e+00          -8.291e+00             287.874          -4.916e+00              62.157           8.388e+00     
  71.000         270.000           -3.116e+00          -7.825e+00             288.634          -4.908e+00              62.284           8.046e+00     
  70.000         270.000           -2.957e+00          -7.384e+00             289.315          -4.901e+00              62.434           7.760e+00     
  69.000         270.000           -2.798e+00          -6.966e+00             289.927          -4.894e+00              62.607           7.523e+00     
  68.000         270.000           -2.638e+00          -6.569e+00             290.480          -4.889e+00              62.804           7.332e+00     
  67.000         270.000           -2.478e+00          -6.192e+00             290.984          -4.883e+00              63.025           7.182e+00     
  66.000         270.000           -2.320e+00          -5.833e+00             291.443          -4.879e+00              63.269           7.071e+00     
  65.000         270.000           -2.162e+00          -5.491e+00             291.865          -4.876e+00              63.537           6.994e+00     
  64.000         270.000           -2.007e+00          -5.165e+00             292.254          -4.874e+00              63.829           6.949e+00     
  63.000         270.000           -1.853e+00          -4.854e+00             292.613          -4.873e+00              64.145           6.933e+00     
  62.000         270.000           -1.702e+00          -4.557e+00             292.948          -4.873e+00              64.484           6.943e+00     
  61.000         270.000           -1.553e+00          -4.273e+00             293.259          -4.875e+00              64.848           6.976e+00     
  60.000         270.000           -1.408e+00          -4.001e+00             293.551          -4.879e+00              65.236           7.030e+00     
  59.000         270.000           -1.265e+00          -3.742e+00             293.826          -4.885e+00              65.648           7.104e+00     
  58.000         270.000           -1.126e+00          -3.493e+00             294.085          -4.892e+00              66.085           7.195e+00     
  57.000         270.000           -9.910e-01          -3.256e+00             294.330          -4.901e+00              66.547           7.301e+00     
  56.000         270.000           -8.595e-01          -3.029e+00             294.564          -4.913e+00              67.034           7.421e+00     
  55.000         270.000           -7.320e-01          -2.812e+00             294.787          -4.927e+00              67.547           7.554e+00     
  54.000         270.000           -6.085e-01          -2.605e+00             295.000          -4.944e+00              68.087           7.699e+00     
  53.000         270.000           -4.894e-01          -2.407e+00             295.205          -4.963e+00              68.653           7.854e+00     
  52.000         270.000           -3.746e-01          -2.218e+00             295.403          -4.985e+00              69.246           8.020e+00     
  51.000         270.000           -2.642e-01          -2.038e+00             295.595          -5.010e+00              69.867           8.195e+00     
  50.000         270.000           -1.585e-01          -1.866e+00             295.781          -5.038e+00              70.516           8.380e+00     
  49.000         270.000           -5.746e-02          -1.703e+00             295.963          -5.069e+00              71.195           8.573e+00     
  48.000         270.000            3.879e-02          -1.548e+00             296.141          -5.104e+00              71.904           8.775e+00     
  47.000         270.000            1.302e-01          -1.400e+00             296.315          -5.142e+00              72.643           8.986e+00     
  46.000         270.000            2.166e-01          -1.261e+00             296.487          -5.184e+00              73.415           9.206e+00     
  45.000         270.000            2.980e-01          -1.129e+00             296.657          -5.230e+00              74.220           9.435e+00     
  44.000         270.000            3.743e-01          -1.005e+00             296.826          -5.279e+00              75.060           9.672e+00     
  43.000         270.000            4.454e-01          -8.878e-01             296.994          -5.333e+00              75.935           9.920e+00     
  42.000         270.000            5.113e-01          -7.782e-01             297.161          -5.391e+00              76.848           1.018e+01     
  41.000         270.000            5.719e-01          -6.760e-01             297.328          -5.453e+00              77.800           1.045e+01     
  40.000         270.000            6.272e-01          -5.810e-01             297.496          -5.520e+00              78.792           1.073e+01     
  39.000         270.000            6.770e-01          -4.931e-01             297.664          -5.591e+00              79.827           1.102e+01     
  38.000         270.000            7.213e-01          -4.124e-01             297.834          -5.666e+00              80.906           1.133e+01     
  37.000         270.000            7.601e-01          -3.387e-01             298.006          -5.747e+00              82.033           1.165e+01     
  36.000         270.000            7.933e-01          -2.720e-01             298.180          -5.831e+00              83.208           1.199e+01     
  35.000         270.000            8.209e-01          -2.124e-01             298.356          -5.921e+00              84.436           1.235e+01     
  34.000         270.000            8.428e-01          -1.598e-01             298.535          -6.016e+00              85.719           1.273e+01     
  33.000         270.000            8.589e-01          -1.142e-01             298.718          -6.115e+00              87.058           1.313e+01     
  32.000         270.000            8.694e-01          -7.556e-02             298.904          -6.218e+00              88.460           1.356e+01     
  31.000         270.000            8.740e-01          -4.396e-02             299.094          -6.327e+00              89.926           1.402e+01     
  30.000         270.000            8.727e-01          -1.940e-02             299.289          -6.439e+00              91.461           1.452e+01     
  29.000         270.000            8.656e-01          -1.877e-03             299.489          -6.556e+00              93.069           1.506e+01     
  28.000         270.000            8.527e-01           8.571e-03             299.694          -6.676e+00              94.753           1.564e+01     
  27.000         270.000            8.338e-01           1.192e-02             299.904          -6.800e+00              96.518           1.628e+01     
  26.000         270.000            8.090e-01           8.124e-03             300.121          -6.927e+00              98.368           1.699e+01     
  25.000         270.000            7.784e-01          -2.850e-03             300.345          -7.057e+00             100.309           1.778e+01     
  24.000         270.000            7.418e-01          -2.105e-02             300.575          -7.188e+00             102.344           1.867e+01     
  23.000         270.000            6.993e-01          -4.653e-02             300.813          -7.320e+00             104.479           1.969e+01     
  22.000         270.000            6.510e-01          -7.933e-02             301.059          -7.451e+00             106.718           2.088e+01     
  21.000         270.000            5.969e-01          -1.195e-01             301.314          -7.582e+00             109.065           2.231e+01     
  20.000         270.000            5.371e-01          -1.672e-01             301.577          -7.711e+00             111.523           2.408e+01     
  19.000         270.000            4.716e-01          -2.224e-01             301.851          -7.835e+00             114.097           2.638e+01     
  18.000         270.000            4.006e-01          -2.852e-01             302.134          -7.954e+00             116.786           2.964e+01     
  17.000         270.000            3.241e-01          -3.557e-01             302.429          -8.066e+00             119.593           3.518e+01     
  16.000         270.000            2.423e-01          -4.339e-01             302.735          -8.168e+00             122.517           4.000e+01     
  15.000         270.000            1.554e-01          -5.200e-01             303.053          -8.260e+00             125.556           3.629e+01     
  14.000         270.000            6.368e-02          -6.140e-01             303.385          -8.338e+00             128.703           2.973e+01     
  13.000         270.000           -3.273e-02          -7.161e-01             303.731          -8.401e+00             131.954           2.592e+01     
  12.000         270.000           -1.335e-01          -8.263e-01             304.091          -8.447e+00             135.298           2.319e+01     
  11.000         270.000           -2.383e-01          -9.448e-01             304.467          -8.473e+00             138.725           2.104e+01     
  10.000         270.000           -3.467e-01          -1.072e+00             304.860          -8.479e+00             142.219           1.926e+01     
   9.000         270.000           -4.583e-01          -1.207e+00             305.271          -8.463e+00             145.764           1.772e+01     
   8.000         270.000           -5.727e-01          -1.351e+00             305.701          -8.423e+00             149.344           1.637e+01     
   7.000         270.000           -6.891e-01          -1.503e+00             306.151          -8.360e+00             152.939           1.515e+01     
   6.000         270.000           -8.071e-01          -1.665e+00             306.623          -8.273e+00             156.529           1.403e+01     
   5.000         270.000           -9.259e-01          -1.835e+00             307.118          -8.162e+00             160.097           1.300e+01     
   4.000         270.000           -1.045e+00          -2.015e+00             307.638          -8.030e+00             163.623           1.205e+01     
   3.000         270.000           -1.163e+00          -2.204e+00             308.185          -7.876e+00             167.092           1.115e+01     
   2.000         270.000           -1.279e+00          -2.402e+00             308.761          -7.703e+00             170.488           1.031e+01     
   1.000         270.000           -1.393e+00          -2.610e+00             309.367          -7.512e+00             173.800           9.512e+00     
