Theta [deg.]  Phi   [deg.]  Abs(Grlz)[dBi   ]   Abs(Theta)[dBi   ]  Phase(Theta)[deg.]  Abs(Phi  )[dBi   ]  Phase(Phi  )[deg.]  Ax.Ratio[dB    ]    
------------------------------------------------------------------------------------------------------------------------------------------------------
   0.000          90.000           -1.688e+00          -3.671e+00             135.600          -6.045e+00             245.625           3.934e+00     
   1.000          90.000           -1.346e+00          -3.375e+00             136.469          -5.626e+00             245.721           3.757e+00     
   2.000          90.000           -1.032e+00          -3.105e+00             137.333          -5.238e+00             245.892           3.594e+00     
   3.000          90.000           -7.431e-01          -2.860e+00             138.190          -4.880e+00             246.126           3.444e+00     
   4.000          90.000           -4.787e-01          -2.638e+00             139.042          -4.549e+00             246.413           3.305e+00     
   5.000          90.000           -2.370e-01          -2.438e+00             139.888          -4.243e+00             246.748           3.175e+00     
   6.000          90.000           -1.684e-02          -2.260e+00             140.729          -3.959e+00             247.123           3.053e+00     
   7.000          90.000            1.829e-01          -2.103e+00             141.565          -3.697e+00             247.534           2.937e+00     
   8.000          90.000            3.633e-01          -1.966e+00             142.395          -3.455e+00             247.977           2.827e+00     
   9.000          90.000            5.252e-01          -1.849e+00             143.221          -3.231e+00             248.446           2.723e+00     
  10.000          90.000            6.694e-01          -1.750e+00             144.042          -3.025e+00             248.940           2.623e+00     
  11.000          90.000            7.966e-01          -1.671e+00             144.858          -2.834e+00             249.455           2.528e+00     
  12.000          90.000            9.076e-01          -1.609e+00             145.670          -2.660e+00             249.989           2.437e+00     
  13.000          90.000            1.003e+00          -1.565e+00             146.476          -2.499e+00             250.538           2.351e+00     
  14.000          90.000            1.083e+00          -1.539e+00             147.277          -2.352e+00             251.102           2.270e+00     
  15.000          90.000            1.149e+00          -1.531e+00             148.073          -2.218e+00             251.677           2.195e+00     
  16.000          90.000            1.202e+00          -1.539e+00             148.863          -2.096e+00             252.262           2.126e+00     
  17.000          90.000            1.240e+00          -1.564e+00             149.647          -1.986e+00             252.856           2.065e+00     
  18.000          90.000            1.266e+00          -1.607e+00             150.423          -1.887e+00             253.456           2.013e+00     
  19.000          90.000            1.279e+00          -1.665e+00             151.194          -1.798e+00             254.062           1.972e+00     
  20.000          90.000            1.280e+00          -1.741e+00             151.958          -1.719e+00             254.671           1.943e+00     
  21.000          90.000            1.270e+00          -1.833e+00             152.714          -1.649e+00             255.282           1.930e+00     
  22.000          90.000            1.248e+00          -1.942e+00             153.462          -1.589e+00             255.895           1.933e+00     
  23.000          90.000            1.216e+00          -2.068e+00             154.201          -1.536e+00             256.507           1.955e+00     
  24.000          90.000            1.174e+00          -2.211e+00             154.930          -1.492e+00             257.117           1.998e+00     
  25.000          90.000            1.122e+00          -2.370e+00             155.648          -1.455e+00             257.724           2.062e+00     
  26.000          90.000            1.060e+00          -2.547e+00             156.354          -1.426e+00             258.328           2.149e+00     
  27.000          90.000            9.898e-01          -2.740e+00             157.048          -1.403e+00             258.926           2.259e+00     
  28.000          90.000            9.111e-01          -2.952e+00             157.727          -1.387e+00             259.518           2.393e+00     
  29.000          90.000            8.245e-01          -3.181e+00             158.390          -1.377e+00             260.103           2.549e+00     
  30.000          90.000            7.305e-01          -3.428e+00             159.036          -1.373e+00             260.680           2.728e+00     
  31.000          90.000            6.297e-01          -3.693e+00             159.662          -1.374e+00             261.247           2.930e+00     
  32.000          90.000            5.227e-01          -3.978e+00             160.265          -1.380e+00             261.804           3.153e+00     
  33.000          90.000            4.100e-01          -4.282e+00             160.844          -1.391e+00             262.350           3.399e+00     
  34.000          90.000            2.922e-01          -4.605e+00             161.394          -1.407e+00             262.885           3.666e+00     
  35.000          90.000            1.700e-01          -4.950e+00             161.913          -1.427e+00             263.406           3.956e+00     
  36.000          90.000            4.401e-02          -5.315e+00             162.395          -1.450e+00             263.914           4.269e+00     
  37.000          90.000           -8.510e-02          -5.702e+00             162.834          -1.478e+00             264.408           4.605e+00     
  38.000          90.000           -2.165e-01          -6.112e+00             163.223          -1.508e+00             264.887           4.965e+00     
  39.000          90.000           -3.498e-01          -6.546e+00             163.560          -1.542e+00             265.351           5.351e+00     
  40.000          90.000           -4.840e-01          -7.005e+00             163.831          -1.579e+00             265.799           5.763e+00     
  41.000          90.000           -6.185e-01          -7.490e+00             164.028          -1.618e+00             266.231           6.202e+00     
  42.000          90.000           -7.524e-01          -8.002e+00             164.137          -1.659e+00             266.646           6.672e+00     
  43.000          90.000           -8.852e-01          -8.543e+00             164.141          -1.702e+00             267.044           7.173e+00     
  44.000          90.000           -1.016e+00          -9.114e+00             164.023          -1.747e+00             267.425           7.710e+00     
  45.000          90.000           -1.144e+00          -9.718e+00             163.759          -1.794e+00             267.789           8.283e+00     
  46.000          90.000           -1.269e+00          -1.035e+01             163.318          -1.841e+00             268.135           8.899e+00     
  47.000          90.000           -1.390e+00          -1.103e+01             162.665          -1.890e+00             268.463           9.559e+00     
  48.000          90.000           -1.506e+00          -1.173e+01             161.754          -1.939e+00             268.774           1.027e+01     
  49.000          90.000           -1.617e+00          -1.248e+01             160.528          -1.989e+00             269.067           1.104e+01     
  50.000          90.000           -1.723e+00          -1.326e+01             158.915          -2.039e+00             269.344           1.187e+01     
  51.000          90.000           -1.823e+00          -1.408e+01             156.826          -2.089e+00             269.603           1.278e+01     
  52.000          90.000           -1.916e+00          -1.492e+01             154.154          -2.139e+00             269.846           1.378e+01     
  53.000          90.000           -2.003e+00          -1.579e+01             150.771          -2.189e+00             270.073           1.488e+01     
  54.000          90.000           -2.084e+00          -1.665e+01             146.539          -2.238e+00             270.284           1.611e+01     
  55.000          90.000           -2.157e+00          -1.747e+01             141.333          -2.287e+00             270.480           1.750e+01     
  56.000          90.000           -2.224e+00          -1.821e+01             135.083          -2.334e+00             270.661           1.909e+01     
  57.000          90.000           -2.283e+00          -1.882e+01             127.845          -2.381e+00             270.829           2.097e+01     
  58.000          90.000           -2.336e+00          -1.923e+01             119.866          -2.426e+00             270.984           2.326e+01     
  59.000          90.000           -2.383e+00          -1.940e+01             111.590          -2.470e+00             271.126           2.621e+01     
  60.000          90.000           -2.423e+00          -1.933e+01             103.560          -2.513e+00             271.257           3.042e+01     
  61.000          90.000           -2.457e+00          -1.905e+01              96.252          -2.554e+00             271.377           3.810e+01     
  62.000          90.000           -2.486e+00          -1.862e+01              89.950          -2.593e+00             271.488           4.000e+01     
  63.000          90.000           -2.509e+00          -1.809e+01              84.744          -2.631e+00             271.590           3.418e+01     
  64.000          90.000           -2.527e+00          -1.752e+01              80.580          -2.666e+00             271.684           2.943e+01     
  65.000          90.000           -2.540e+00          -1.694e+01              77.339          -2.700e+00             271.771           2.661e+01     
  66.000          90.000           -2.548e+00          -1.637e+01              74.883          -2.732e+00             271.852           2.467e+01     
  67.000          90.000           -2.552e+00          -1.582e+01              73.079          -2.762e+00             271.929           2.325e+01     
  68.000          90.000           -2.552e+00          -1.530e+01              71.814          -2.790e+00             272.001           2.217e+01     
  69.000          90.000           -2.549e+00          -1.481e+01              70.996          -2.815e+00             272.071           2.134e+01     
  70.000          90.000           -2.542e+00          -1.434e+01              70.546          -2.839e+00             272.138           2.071e+01     
  71.000          90.000           -2.532e+00          -1.391e+01              70.405          -2.861e+00             272.204           2.023e+01     
  72.000          90.000           -2.520e+00          -1.350e+01              70.522          -2.881e+00             272.269           1.988e+01     
  73.000          90.000           -2.504e+00          -1.312e+01              70.856          -2.898e+00             272.335           1.964e+01     
  74.000          90.000           -2.486e+00          -1.276e+01              71.374          -2.914e+00             272.403           1.950e+01     
  75.000          90.000           -2.465e+00          -1.241e+01              72.048          -2.928e+00             272.472           1.946e+01     
  76.000          90.000           -2.442e+00          -1.209e+01              72.856          -2.940e+00             272.544           1.950e+01     
  77.000          90.000           -2.416e+00          -1.178e+01              73.777          -2.950e+00             272.619           1.962e+01     
  78.000          90.000           -2.388e+00          -1.149e+01              74.793          -2.958e+00             272.699           1.982e+01     
  79.000          90.000           -2.358e+00          -1.121e+01              75.890          -2.965e+00             272.783           2.010e+01     
  80.000          90.000           -2.326e+00          -1.093e+01              77.054          -2.970e+00             272.872           2.046e+01     
  81.000          90.000           -2.292e+00          -1.067e+01              78.273          -2.974e+00             272.967           2.091e+01     
  82.000          90.000           -2.256e+00          -1.042e+01              79.536          -2.976e+00             273.068           2.144e+01     
  83.000          90.000           -2.218e+00          -1.017e+01              80.832          -2.976e+00             273.176           2.206e+01     
  84.000          90.000           -2.177e+00          -9.929e+00              82.153          -2.975e+00             273.290           2.278e+01     
  85.000          90.000           -2.135e+00          -9.692e+00              83.489          -2.973e+00             273.412           2.363e+01     
  86.000          90.000           -2.090e+00          -9.460e+00              84.832          -2.969e+00             273.542           2.462e+01     
  87.000          90.000           -2.044e+00          -9.233e+00              86.176          -2.965e+00             273.679           2.577e+01     
  88.000          90.000           -1.996e+00          -9.008e+00              87.513          -2.959e+00             273.824           2.714e+01     
  89.000          90.000           -1.946e+00          -8.788e+00              88.836          -2.952e+00             273.978           2.879e+01     
  90.000          90.000           -1.894e+00          -8.570e+00              90.140          -2.945e+00             274.140           3.085e+01     
  91.000          90.000           -1.840e+00          -8.355e+00              91.420          -2.936e+00             274.311           3.355e+01     
  92.000          90.000           -1.784e+00          -8.144e+00              92.670          -2.927e+00             274.490           3.746e+01     
  93.000          90.000           -1.727e+00          -7.935e+00              93.886          -2.916e+00             274.678           4.000e+01     
  94.000          90.000           -1.669e+00          -7.729e+00              95.064          -2.905e+00             274.874           4.000e+01     
  95.000          90.000           -1.609e+00          -7.527e+00              96.201          -2.894e+00             275.079           4.000e+01     
  96.000          90.000           -1.548e+00          -7.328e+00              97.293          -2.881e+00             275.293           3.625e+01     
  97.000          90.000           -1.486e+00          -7.132e+00              98.338          -2.868e+00             275.515           3.318e+01     
  98.000          90.000           -1.423e+00          -6.941e+00              99.333          -2.855e+00             275.746           3.102e+01     
  99.000          90.000           -1.360e+00          -6.753e+00             100.276          -2.840e+00             275.986           2.938e+01     
 100.000          90.000           -1.296e+00          -6.570e+00             101.166          -2.826e+00             276.234           2.810e+01     
 101.000          90.000           -1.231e+00          -6.391e+00             102.000          -2.810e+00             276.489           2.707e+01     
 102.000          90.000           -1.167e+00          -6.216e+00             102.777          -2.795e+00             276.753           2.624e+01     
 103.000          90.000           -1.102e+00          -6.047e+00             103.497          -2.779e+00             277.025           2.556e+01     
 104.000          90.000           -1.038e+00          -5.884e+00             104.158          -2.762e+00             277.304           2.501e+01     
 105.000          90.000           -9.741e-01          -5.725e+00             104.760          -2.745e+00             277.590           2.457e+01     
 106.000          90.000           -9.110e-01          -5.573e+00             105.301          -2.728e+00             277.884           2.423e+01     
 107.000          90.000           -8.488e-01          -5.426e+00             105.782          -2.710e+00             278.184           2.398e+01     
 108.000          90.000           -7.876e-01          -5.286e+00             106.202          -2.692e+00             278.490           2.381e+01     
 109.000          90.000           -7.277e-01          -5.152e+00             106.560          -2.673e+00             278.803           2.373e+01     
 110.000          90.000           -6.693e-01          -5.024e+00             106.855          -2.654e+00             279.121           2.372e+01     
 111.000          90.000           -6.126e-01          -4.904e+00             107.088          -2.635e+00             279.444           2.380e+01     
 112.000          90.000           -5.578e-01          -4.790e+00             107.257          -2.615e+00             279.772           2.396e+01     
 113.000          90.000           -5.049e-01          -4.684e+00             107.363          -2.595e+00             280.103           2.420e+01     
 114.000          90.000           -4.543e-01          -4.585e+00             107.404          -2.575e+00             280.439           2.455e+01     
 115.000          90.000           -4.061e-01          -4.493e+00             107.381          -2.554e+00             280.777           2.499e+01     
 116.000          90.000           -3.602e-01          -4.408e+00             107.291          -2.533e+00             281.118           2.557e+01     
 117.000          90.000           -3.171e-01          -4.332e+00             107.134          -2.512e+00             281.461           2.629e+01     
 118.000          90.000           -2.766e-01          -4.263e+00             106.910          -2.491e+00             281.805           2.720e+01     
 119.000          90.000           -2.390e-01          -4.201e+00             106.617          -2.469e+00             282.149           2.835e+01     
 120.000          90.000           -2.043e-01          -4.148e+00             106.254          -2.447e+00             282.493           2.984e+01     
 121.000          90.000           -1.725e-01          -4.102e+00             105.819          -2.425e+00             282.836           3.185e+01     
 122.000          90.000           -1.438e-01          -4.063e+00             105.312          -2.403e+00             283.176           3.475e+01     
 123.000          90.000           -1.181e-01          -4.033e+00             104.730          -2.380e+00             283.514           3.965e+01     
 124.000          90.000           -9.552e-02          -4.010e+00             104.071          -2.358e+00             283.849           4.000e+01     
 125.000          90.000           -7.597e-02          -3.995e+00             103.334          -2.335e+00             284.179           4.000e+01     
 126.000          90.000           -5.943e-02          -3.987e+00             102.517          -2.313e+00             284.504           3.538e+01     
 127.000          90.000           -4.584e-02          -3.986e+00             101.618          -2.291e+00             284.822           3.123e+01     
 128.000          90.000           -3.513e-02          -3.991e+00             100.634          -2.269e+00             285.134           2.828e+01     
 129.000          90.000           -2.720e-02          -4.004e+00              99.563          -2.248e+00             285.438           2.597e+01     
 130.000          90.000           -2.191e-02          -4.022e+00              98.402          -2.227e+00             285.733           2.405e+01     
 131.000          90.000           -1.912e-02          -4.046e+00              97.150          -2.206e+00             286.018           2.240e+01     
 132.000          90.000           -1.865e-02          -4.075e+00              95.803          -2.186e+00             286.292           2.095e+01     
 133.000          90.000           -2.029e-02          -4.109e+00              94.361          -2.167e+00             286.556           1.965e+01     
 134.000          90.000           -2.385e-02          -4.147e+00              92.820          -2.149e+00             286.807           1.846e+01     
 135.000          90.000           -2.906e-02          -4.187e+00              91.180          -2.132e+00             287.045           1.737e+01     
 136.000          90.000           -3.568e-02          -4.230e+00              89.438          -2.117e+00             287.269           1.636e+01     
 137.000          90.000           -4.343e-02          -4.273e+00              87.595          -2.103e+00             287.479           1.541e+01     
 138.000          90.000           -5.203e-02          -4.317e+00              85.650          -2.090e+00             287.673           1.452e+01     
 139.000          90.000           -6.118e-02          -4.360e+00              83.604          -2.079e+00             287.852           1.368e+01     
 140.000          90.000           -7.058e-02          -4.400e+00              81.458          -2.070e+00             288.015           1.289e+01     
 141.000          90.000           -7.994e-02          -4.437e+00              79.217          -2.064e+00             288.160           1.213e+01     
 142.000          90.000           -8.897e-02          -4.469e+00              76.883          -2.060e+00             288.288           1.141e+01     
 143.000          90.000           -9.744e-02          -4.495e+00              74.463          -2.058e+00             288.399           1.071e+01     
 144.000          90.000           -1.050e-01          -4.513e+00              71.962          -2.059e+00             288.491           1.005e+01     
 145.000          90.000           -1.115e-01          -4.524e+00              69.390          -2.064e+00             288.565           9.413e+00     
 146.000          90.000           -1.168e-01          -4.524e+00              66.754          -2.072e+00             288.620           8.799e+00     
 147.000          90.000           -1.206e-01          -4.515e+00              64.067          -2.083e+00             288.657           8.208e+00     
 148.000          90.000           -1.229e-01          -4.495e+00              61.339          -2.098e+00             288.674           7.637e+00     
 149.000          90.000           -1.237e-01          -4.464e+00              58.583          -2.117e+00             288.673           7.085e+00     
 150.000          90.000           -1.229e-01          -4.422e+00              55.811          -2.141e+00             288.653           6.552e+00     
 151.000          90.000           -1.206e-01          -4.369e+00              53.036          -2.169e+00             288.614           6.036e+00     
 152.000          90.000           -1.171e-01          -4.305e+00              50.271          -2.202e+00             288.558           5.537e+00     
 153.000          90.000           -1.124e-01          -4.231e+00              47.528          -2.240e+00             288.483           5.053e+00     
 154.000          90.000           -1.069e-01          -4.149e+00              44.817          -2.284e+00             288.391           4.584e+00     
 155.000          90.000           -1.009e-01          -4.059e+00              42.149          -2.334e+00             288.282           4.129e+00     
 156.000          90.000           -9.476e-02          -3.962e+00              39.533          -2.390e+00             288.156           3.688e+00     
 157.000          90.000           -8.902e-02          -3.860e+00              36.975          -2.452e+00             288.015           3.260e+00     
 158.000          90.000           -8.418e-02          -3.754e+00              34.483          -2.522e+00             287.859           2.846e+00     
 159.000          90.000           -8.079e-02          -3.647e+00              32.061          -2.598e+00             287.690           2.444e+00     
 160.000          90.000           -7.947e-02          -3.539e+00              29.711          -2.683e+00             287.507           2.054e+00     
 161.000          90.000           -8.085e-02          -3.432e+00              27.436          -2.775e+00             287.313           1.678e+00     
 162.000          90.000           -8.562e-02          -3.328e+00              25.238          -2.876e+00             287.109           1.317e+00     
 163.000          90.000           -9.445e-02          -3.227e+00              23.117          -2.986e+00             286.896           9.755e-01     
 164.000          90.000           -1.081e-01          -3.132e+00              21.070          -3.105e+00             286.675           6.675e-01     
 165.000          90.000           -1.274e-01          -3.044e+00              19.098          -3.234e+00             286.449           4.444e-01     
 166.000          90.000           -1.529e-01          -2.963e+00              17.197          -3.373e+00             286.219           4.364e-01     
 167.000          90.000           -1.854e-01          -2.891e+00              15.367          -3.524e+00             285.987           6.400e-01     
 168.000          90.000           -2.258e-01          -2.828e+00              13.604          -3.686e+00             285.757           9.178e-01     
 169.000          90.000           -2.747e-01          -2.777e+00              11.905          -3.860e+00             285.530           1.216e+00     
 170.000          90.000           -3.329e-01          -2.737e+00              10.267          -4.048e+00             285.309           1.520e+00     
 171.000          90.000           -4.012e-01          -2.709e+00               8.687          -4.249e+00             285.098           1.825e+00     
 172.000          90.000           -4.803e-01          -2.695e+00               7.163          -4.466e+00             284.900           2.130e+00     
 173.000          90.000           -5.711e-01          -2.694e+00               5.690          -4.697e+00             284.720           2.436e+00     
 174.000          90.000           -6.741e-01          -2.708e+00               4.266          -4.946e+00             284.563           2.743e+00     
 175.000          90.000           -7.904e-01          -2.737e+00               2.887          -5.212e+00             284.433           3.051e+00     
 176.000          90.000           -9.205e-01          -2.782e+00               1.551          -5.497e+00             284.338           3.364e+00     
 177.000          90.000           -1.065e+00          -2.843e+00               0.255          -5.802e+00             284.284           3.681e+00     
 178.000          90.000           -1.226e+00          -2.921e+00             358.995          -6.130e+00             284.281           4.005e+00     
 179.000          90.000           -1.402e+00          -3.017e+00             357.769          -6.481e+00             284.339           4.339e+00     
 180.000          90.000           -1.596e+00          -3.131e+00             356.576          -6.858e+00             284.470           4.686e+00     
 179.000         270.000           -1.808e+00          -3.263e+00             175.411          -7.263e+00             104.689           5.048e+00     
 178.000         270.000           -2.038e+00          -3.415e+00             174.272          -7.697e+00             105.015           5.431e+00     
 177.000         270.000           -2.288e+00          -3.587e+00             173.156          -8.165e+00             105.470           5.839e+00     
 176.000         270.000           -2.559e+00          -3.780e+00             172.061          -8.668e+00             106.083           6.279e+00     
 175.000         270.000           -2.852e+00          -3.994e+00             170.984          -9.211e+00             106.889           6.758e+00     
 174.000         270.000           -3.167e+00          -4.231e+00             169.923          -9.795e+00             107.933           7.288e+00     
 173.000         270.000           -3.505e+00          -4.491e+00             168.876          -1.043e+01             109.276           7.882e+00     
 172.000         270.000           -3.867e+00          -4.776e+00             167.839          -1.111e+01             110.993           8.558e+00     
 171.000         270.000           -4.254e+00          -5.087e+00             166.809          -1.184e+01             113.185           9.343e+00     
 170.000         270.000           -4.666e+00          -5.424e+00             165.784          -1.262e+01             115.987           1.027e+01     
 169.000         270.000           -5.103e+00          -5.790e+00             164.761          -1.345e+01             119.570           1.141e+01     
 168.000         270.000           -5.564e+00          -6.185e+00             163.734          -1.432e+01             124.154           1.285e+01     
 167.000         270.000           -6.048e+00          -6.613e+00             162.701          -1.519e+01             129.995           1.476e+01     
 166.000         270.000           -6.552e+00          -7.075e+00             161.657          -1.600e+01             137.344           1.753e+01     
 165.000         270.000           -7.072e+00          -7.574e+00             160.595          -1.669e+01             146.327           2.223e+01     
 164.000         270.000           -7.600e+00          -8.114e+00             159.510          -1.712e+01             156.757           3.641e+01     
 163.000         270.000           -8.124e+00          -8.696e+00             158.392          -1.721e+01             167.978           2.520e+01     
 162.000         270.000           -8.631e+00          -9.326e+00             157.234          -1.693e+01             178.996           1.746e+01     
 161.000         270.000           -9.099e+00          -1.001e+01             156.018          -1.633e+01             188.911           1.302e+01     
 160.000         270.000           -9.505e+00          -1.075e+01             154.730          -1.553e+01             197.255           9.810e+00     
 159.000         270.000           -9.821e+00          -1.157e+01             153.345          -1.463e+01             203.985           7.301e+00     
 158.000         270.000           -1.002e+01          -1.245e+01             151.833          -1.370e+01             209.297           5.385e+00     
 157.000         270.000           -1.009e+01          -1.343e+01             150.149          -1.279e+01             213.452           4.254e+00     
 156.000         270.000           -1.002e+01          -1.452e+01             148.228          -1.193e+01             216.695           4.270e+00     
 155.000         270.000           -9.826e+00          -1.574e+01             145.969          -1.111e+01             219.225           5.354e+00     
 154.000         270.000           -9.519e+00          -1.712e+01             143.212          -1.035e+01             221.200           7.062e+00     
 153.000         270.000           -9.126e+00          -1.870e+01             139.686          -9.634e+00             222.739           9.150e+00     
 152.000         270.000           -8.676e+00          -2.054e+01             134.898          -8.968e+00             223.933           1.158e+01     
 151.000         270.000           -8.191e+00          -2.272e+01             127.878          -8.347e+00             224.849           1.444e+01     
 150.000         270.000           -7.691e+00          -2.528e+01             116.579          -7.767e+00             225.542           1.801e+01     
 149.000         270.000           -7.189e+00          -2.799e+01              96.887          -7.225e+00             226.051           2.300e+01     
 148.000         270.000           -6.695e+00          -2.953e+01              65.558          -6.717e+00             226.410           3.253e+01     
 147.000         270.000           -6.215e+00          -2.842e+01              34.077          -6.241e+00             226.644           3.548e+01     
 146.000         270.000           -5.754e+00          -2.611e+01              14.214          -5.795e+00             226.773           2.576e+01     
 145.000         270.000           -5.315e+00          -2.394e+01               2.855          -5.375e+00             226.813           2.180e+01     
 144.000         270.000           -4.897e+00          -2.216e+01             355.850          -4.979e+00             226.778           1.944e+01     
 143.000         270.000           -4.501e+00          -2.070e+01             351.122          -4.607e+00             226.679           1.784e+01     
 142.000         270.000           -4.128e+00          -1.952e+01             347.690          -4.256e+00             226.525           1.668e+01     
 141.000         270.000           -3.777e+00          -1.853e+01             345.053          -3.924e+00             226.324           1.582e+01     
 140.000         270.000           -3.446e+00          -1.771e+01             342.942          -3.611e+00             226.082           1.516e+01     
 139.000         270.000           -3.135e+00          -1.702e+01             341.195          -3.316e+00             225.805           1.466e+01     
 138.000         270.000           -2.842e+00          -1.644e+01             339.713          -3.036e+00             225.497           1.428e+01     
 137.000         270.000           -2.568e+00          -1.596e+01             338.432          -2.771e+00             225.163           1.399e+01     
 136.000         270.000           -2.310e+00          -1.556e+01             337.309          -2.521e+00             224.806           1.379e+01     
 135.000         270.000           -2.069e+00          -1.522e+01             336.313          -2.284e+00             224.429           1.365e+01     
 134.000         270.000           -1.842e+00          -1.495e+01             335.426          -2.060e+00             224.035           1.358e+01     
 133.000         270.000           -1.630e+00          -1.474e+01             334.632          -1.847e+00             223.626           1.355e+01     
 132.000         270.000           -1.430e+00          -1.458e+01             333.921          -1.646e+00             223.204           1.358e+01     
 131.000         270.000           -1.243e+00          -1.447e+01             333.288          -1.455e+00             222.771           1.364e+01     
 130.000         270.000           -1.068e+00          -1.441e+01             332.729          -1.274e+00             222.329           1.375e+01     
 129.000         270.000           -9.038e-01          -1.439e+01             332.241          -1.103e+00             221.879           1.390e+01     
 128.000         270.000           -7.498e-01          -1.442e+01             331.826          -9.406e-01             221.423           1.409e+01     
 127.000         270.000           -6.053e-01          -1.448e+01             331.486          -7.870e-01             220.961           1.431e+01     
 126.000         270.000           -4.698e-01          -1.459e+01             331.225          -6.414e-01             220.495           1.457e+01     
 125.000         270.000           -3.427e-01          -1.473e+01             331.051          -5.037e-01             220.026           1.487e+01     
 124.000         270.000           -2.234e-01          -1.492e+01             330.971          -3.732e-01             219.555           1.521e+01     
 123.000         270.000           -1.114e-01          -1.515e+01             330.997          -2.497e-01             219.083           1.559e+01     
 122.000         270.000           -6.219e-03          -1.542e+01             331.143          -1.328e-01             218.610           1.602e+01     
 121.000         270.000            9.267e-02          -1.574e+01             331.430          -2.229e-02             218.138           1.649e+01     
 120.000         270.000            1.857e-01          -1.610e+01             331.881           8.226e-02             217.666           1.702e+01     
 119.000         270.000            2.732e-01          -1.651e+01             332.527           1.811e-01             217.196           1.760e+01     
 118.000         270.000            3.557e-01          -1.697e+01             333.409           2.745e-01             216.728           1.825e+01     
 117.000         270.000            4.336e-01          -1.748e+01             334.579           3.628e-01             216.263           1.898e+01     
 116.000         270.000            5.071e-01          -1.805e+01             336.105           4.461e-01             215.801           1.980e+01     
 115.000         270.000            5.766e-01          -1.868e+01             338.080           5.247e-01             215.343           2.073e+01     
 114.000         270.000            6.425e-01          -1.936e+01             340.627           5.989e-01             214.890           2.181e+01     
 113.000         270.000            7.050e-01          -2.011e+01             343.900           6.689e-01             214.441           2.305e+01     
 112.000         270.000            7.644e-01          -2.090e+01             348.109           7.348e-01             213.998           2.454e+01     
 111.000         270.000            8.211e-01          -2.172e+01             353.510           7.968e-01             213.560           2.638e+01     
 110.000         270.000            8.751e-01          -2.252e+01               0.381           8.552e-01             213.129           2.874e+01     
 109.000         270.000            9.268e-01          -2.323e+01               8.936           9.101e-01             212.704           3.206e+01     
 108.000         270.000            9.764e-01          -2.373e+01              19.143           9.617e-01             212.285           3.758e+01     
 107.000         270.000            1.024e+00          -2.391e+01              30.510           1.010e+00             211.875           4.000e+01     
 106.000         270.000            1.070e+00          -2.370e+01              42.080           1.055e+00             211.471           3.948e+01     
 105.000         270.000            1.114e+00          -2.313e+01              52.805           1.098e+00             211.076           3.289e+01     
 104.000         270.000            1.157e+00          -2.231e+01              62.011           1.138e+00             210.689           2.916e+01     
 103.000         270.000            1.199e+00          -2.136e+01              69.527           1.175e+00             210.310           2.655e+01     
 102.000         270.000            1.239e+00          -2.037e+01              75.503           1.209e+00             209.940           2.454e+01     
 101.000         270.000            1.279e+00          -1.939e+01              80.212           1.242e+00             209.580           2.290e+01     
 100.000         270.000            1.317e+00          -1.845e+01              83.922           1.271e+00             209.228           2.151e+01     
  99.000         270.000            1.355e+00          -1.755e+01              86.858           1.299e+00             208.886           2.032e+01     
  98.000         270.000            1.392e+00          -1.672e+01              89.196           1.324e+00             208.554           1.927e+01     
  97.000         270.000            1.428e+00          -1.593e+01              91.070           1.348e+00             208.232           1.833e+01     
  96.000         270.000            1.464e+00          -1.520e+01              92.583           1.369e+00             207.920           1.748e+01     
  95.000         270.000            1.499e+00          -1.451e+01              93.809           1.388e+00             207.619           1.671e+01     
  94.000         270.000            1.533e+00          -1.387e+01              94.808           1.406e+00             207.328           1.600e+01     
  93.000         270.000            1.566e+00          -1.327e+01              95.625           1.421e+00             207.048           1.535e+01     
  92.000         270.000            1.599e+00          -1.270e+01              96.295           1.435e+00             206.778           1.474e+01     
  91.000         270.000            1.632e+00          -1.217e+01              96.846           1.447e+00             206.520           1.418e+01     
  90.000         270.000            1.664e+00          -1.166e+01              97.299           1.457e+00             206.272           1.365e+01     
  89.000         270.000            1.695e+00          -1.119e+01              97.673           1.465e+00             206.036           1.316e+01     
  88.000         270.000            1.725e+00          -1.074e+01              97.982           1.472e+00             205.811           1.269e+01     
  87.000         270.000            1.755e+00          -1.032e+01              98.238           1.477e+00             205.597           1.225e+01     
  86.000         270.000            1.784e+00          -9.914e+00              98.451           1.479e+00             205.395           1.184e+01     
  85.000         270.000            1.812e+00          -9.533e+00              98.629           1.481e+00             205.204           1.144e+01     
  84.000         270.000            1.838e+00          -9.171e+00              98.779           1.480e+00             205.024           1.107e+01     
  83.000         270.000            1.864e+00          -8.828e+00              98.907           1.477e+00             204.855           1.071e+01     
  82.000         270.000            1.889e+00          -8.502e+00              99.018           1.473e+00             204.698           1.037e+01     
  81.000         270.000            1.912e+00          -8.193e+00              99.116           1.466e+00             204.552           1.005e+01     
  80.000         270.000            1.934e+00          -7.899e+00              99.205           1.457e+00             204.417           9.744e+00     
  79.000         270.000            1.954e+00          -7.620e+00              99.288           1.447e+00             204.294           9.450e+00     
  78.000         270.000            1.973e+00          -7.356e+00              99.369           1.434e+00             204.182           9.168e+00     
  77.000         270.000            1.990e+00          -7.105e+00              99.449           1.419e+00             204.080           8.899e+00     
  76.000         270.000            2.004e+00          -6.867e+00              99.531           1.401e+00             203.990           8.641e+00     
  75.000         270.000            2.017e+00          -6.643e+00              99.616           1.381e+00             203.910           8.394e+00     
  74.000         270.000            2.027e+00          -6.430e+00              99.706           1.359e+00             203.841           8.157e+00     
  73.000         270.000            2.035e+00          -6.230e+00              99.804           1.333e+00             203.782           7.930e+00     
  72.000         270.000            2.039e+00          -6.042e+00              99.909           1.305e+00             203.734           7.712e+00     
  71.000         270.000            2.041e+00          -5.865e+00             100.024           1.274e+00             203.696           7.503e+00     
  70.000         270.000            2.040e+00          -5.700e+00             100.149           1.240e+00             203.668           7.302e+00     
  69.000         270.000            2.035e+00          -5.546e+00             100.285           1.203e+00             203.650           7.108e+00     
  68.000         270.000            2.027e+00          -5.403e+00             100.434           1.162e+00             203.642           6.923e+00     
  67.000         270.000            2.015e+00          -5.271e+00             100.595           1.117e+00             203.642           6.744e+00     
  66.000         270.000            1.999e+00          -5.150e+00             100.770           1.069e+00             203.652           6.573e+00     
  65.000         270.000            1.979e+00          -5.041e+00             100.958           1.017e+00             203.671           6.408e+00     
  64.000         270.000            1.953e+00          -4.942e+00             101.161           9.604e-01             203.698           6.249e+00     
  63.000         270.000            1.923e+00          -4.854e+00             101.380           8.996e-01             203.734           6.097e+00     
  62.000         270.000            1.888e+00          -4.777e+00             101.614           8.341e-01             203.778           5.950e+00     
  61.000         270.000            1.847e+00          -4.712e+00             101.864           7.638e-01             203.829           5.810e+00     
  60.000         270.000            1.801e+00          -4.658e+00             102.129           6.883e-01             203.888           5.675e+00     
  59.000         270.000            1.748e+00          -4.615e+00             102.412           6.074e-01             203.954           5.545e+00     
  58.000         270.000            1.689e+00          -4.585e+00             102.711           5.208e-01             204.027           5.421e+00     
  57.000         270.000            1.623e+00          -4.566e+00             103.027           4.281e-01             204.106           5.301e+00     
  56.000         270.000            1.549e+00          -4.560e+00             103.360           3.291e-01             204.190           5.187e+00     
  55.000         270.000            1.468e+00          -4.566e+00             103.710           2.234e-01             204.280           5.079e+00     
  54.000         270.000            1.379e+00          -4.585e+00             104.078           1.107e-01             204.375           4.975e+00     
  53.000         270.000            1.281e+00          -4.618e+00             104.464          -9.459e-03             204.475           4.876e+00     
  52.000         270.000            1.174e+00          -4.665e+00             104.867          -1.375e-01             204.578           4.783e+00     
  51.000         270.000            1.058e+00          -4.726e+00             105.288          -2.738e-01             204.684           4.695e+00     
  50.000         270.000            9.309e-01          -4.802e+00             105.728          -4.188e-01             204.792           4.612e+00     
  49.000         270.000            7.934e-01          -4.894e+00             106.186          -5.731e-01             204.902           4.535e+00     
  48.000         270.000            6.444e-01          -5.002e+00             106.663          -7.372e-01             205.013           4.464e+00     
  47.000         270.000            4.833e-01          -5.127e+00             107.158          -9.117e-01             205.124           4.399e+00     
  46.000         270.000            3.093e-01          -5.271e+00             107.672          -1.097e+00             205.234           4.341e+00     
  45.000         270.000            1.216e-01          -5.435e+00             108.206          -1.294e+00             205.341           4.290e+00     
  44.000         270.000           -8.075e-02          -5.618e+00             108.761          -1.504e+00             205.444           4.247e+00     
  43.000         270.000           -2.987e-01          -5.824e+00             109.335          -1.727e+00             205.542           4.212e+00     
  42.000         270.000           -5.334e-01          -6.054e+00             109.931          -1.963e+00             205.633           4.187e+00     
  41.000         270.000           -7.861e-01          -6.308e+00             110.549          -2.215e+00             205.714           4.173e+00     
  40.000         270.000           -1.058e+00          -6.591e+00             111.190          -2.483e+00             205.785           4.171e+00     
  39.000         270.000           -1.351e+00          -6.903e+00             111.856          -2.768e+00             205.841           4.182e+00     
  38.000         270.000           -1.666e+00          -7.248e+00             112.549          -3.072e+00             205.879           4.209e+00     
  37.000         270.000           -2.005e+00          -7.629e+00             113.271          -3.395e+00             205.897           4.254e+00     
  36.000         270.000           -2.371e+00          -8.051e+00             114.025          -3.740e+00             205.888           4.321e+00     
  35.000         270.000           -2.766e+00          -8.518e+00             114.814          -4.109e+00             205.849           4.412e+00     
  34.000         270.000           -3.193e+00          -9.037e+00             115.645          -4.503e+00             205.772           4.534e+00     
  33.000         270.000           -3.655e+00          -9.614e+00             116.525          -4.925e+00             205.649           4.691e+00     
  32.000         270.000           -4.156e+00          -1.026e+01             117.464          -5.378e+00             205.470           4.893e+00     
  31.000         270.000           -4.700e+00          -1.099e+01             118.477          -5.865e+00             205.224           5.148e+00     
  30.000         270.000           -5.293e+00          -1.181e+01             119.584          -6.389e+00             204.894           5.473e+00     
  29.000         270.000           -5.940e+00          -1.275e+01             120.820          -6.955e+00             204.460           5.888e+00     
  28.000         270.000           -6.649e+00          -1.384e+01             122.234          -7.568e+00             203.897           6.422e+00     
  27.000         270.000           -7.427e+00          -1.513e+01             123.916          -8.235e+00             203.169           7.123e+00     
  26.000         270.000           -8.283e+00          -1.668e+01             126.024          -8.962e+00             202.230           8.068e+00     
  25.000         270.000           -9.227e+00          -1.861e+01             128.886          -9.759e+00             201.016           9.397e+00     
  24.000         270.000           -1.026e+01          -2.112e+01             133.276          -1.064e+01             199.437           1.140e+01     
  23.000         270.000           -1.139e+01          -2.466e+01             141.542          -1.160e+01             197.360           1.484e+01     
  22.000         270.000           -1.260e+01          -3.001e+01             164.079          -1.268e+01             194.594           2.334e+01     
  21.000         270.000           -1.381e+01          -3.252e+01             233.620          -1.387e+01             190.843           2.208e+01     
  20.000         270.000           -1.488e+01          -2.660e+01             273.983          -1.518e+01             185.658           1.142e+01     
  19.000         270.000           -1.555e+01          -2.225e+01             286.122          -1.659e+01             178.358           6.368e+00     
  18.000         270.000           -1.557e+01          -1.924e+01             291.773          -1.800e+01             168.025           5.596e+00     
  17.000         270.000           -1.493e+01          -1.697e+01             295.205          -1.918e+01             153.861           9.455e+00     
  16.000         270.000           -1.386e+01          -1.515e+01             297.651          -1.974e+01             136.387           1.687e+01     
  15.000         270.000           -1.262e+01          -1.365e+01             299.569          -1.940e+01             118.515           4.000e+01     
  14.000         270.000           -1.139e+01          -1.236e+01             301.175          -1.836e+01             103.524           1.818e+01     
  13.000         270.000           -1.022e+01          -1.125e+01             302.582          -1.700e+01              92.445           1.340e+01     
  12.000         270.000           -9.151e+00          -1.026e+01             303.854          -1.561e+01              84.629           1.087e+01     
  11.000         270.000           -8.175e+00          -9.387e+00             305.031          -1.431e+01              79.130           9.246e+00     
  10.000         270.000           -7.287e+00          -8.599e+00             306.140          -1.313e+01              75.211           8.097e+00     
   9.000         270.000           -6.480e+00          -7.886e+00             307.196          -1.206e+01              72.376           7.236e+00     
   8.000         270.000           -5.744e+00          -7.238e+00             308.213          -1.111e+01              70.304           6.563e+00     
   7.000         270.000           -5.073e+00          -6.646e+00             309.199          -1.025e+01              68.782           6.021e+00     
   6.000         270.000           -4.458e+00          -6.105e+00             310.160          -9.467e+00              67.668           5.573e+00     
   5.000         270.000           -3.895e+00          -5.608e+00             311.100          -8.762e+00              66.865           5.197e+00     
   4.000         270.000           -3.377e+00          -5.152e+00             312.024          -8.120e+00              66.301           4.874e+00     
   3.000         270.000           -2.901e+00          -4.734e+00             312.934          -7.533e+00              65.929           4.595e+00     
   2.000         270.000           -2.463e+00          -4.349e+00             313.833          -6.995e+00              65.709           4.349e+00     
   1.000         270.000           -2.059e+00          -3.995e+00             314.721          -6.500e+00              65.615           4.131e+00     
