Theta [deg.]  Phi   [deg.]  Abs(Grlz)[dBi   ]   Abs(Theta)[dBi   ]  Phase(Theta)[deg.]  Abs(Phi  )[dBi   ]  Phase(Phi  )[deg.]  Ax.Ratio[dB    ]    
------------------------------------------------------------------------------------------------------------------------------------------------------
   0.000          90.000           -1.528e+00          -1.775e+00             155.580          -1.409e+01             294.102           1.618e+01     
   1.000          90.000           -1.348e+00          -1.664e+00             157.627          -1.288e+01             283.002           1.322e+01     
   2.000          90.000           -1.144e+00          -1.554e+00             159.694          -1.159e+01             274.995           1.108e+01     
   3.000          90.000           -9.224e-01          -1.448e+00             161.774          -1.035e+01             269.315           9.434e+00     
   4.000          90.000           -6.876e-01          -1.345e+00             163.858          -9.214e+00             265.274           8.108e+00     
   5.000          90.000           -4.444e-01          -1.245e+00             165.941          -8.184e+00             262.378           7.021e+00     
   6.000          90.000           -1.970e-01          -1.149e+00             168.017          -7.258e+00             260.293           6.121e+00     
   7.000          90.000            5.053e-02          -1.057e+00             170.079          -6.426e+00             258.796           5.374e+00     
   8.000          90.000            2.951e-01          -9.700e-01             172.124          -5.679e+00             257.735           4.760e+00     
   9.000          90.000            5.337e-01          -8.889e-01             174.146          -5.005e+00             257.003           4.267e+00     
  10.000          90.000            7.642e-01          -8.140e-01             176.144          -4.397e+00             256.525           3.887e+00     
  11.000          90.000            9.845e-01          -7.462e-01             178.114          -3.848e+00             256.247           3.611e+00     
  12.000          90.000            1.193e+00          -6.861e-01             180.054          -3.350e+00             256.126           3.433e+00     
  13.000          90.000            1.389e+00          -6.345e-01             181.964          -2.900e+00             256.133           3.343e+00     
  14.000          90.000            1.571e+00          -5.921e-01             183.841          -2.492e+00             256.243           3.328e+00     
  15.000          90.000            1.739e+00          -5.598e-01             185.687          -2.124e+00             256.437           3.375e+00     
  16.000          90.000            1.891e+00          -5.380e-01             187.502          -1.791e+00             256.701           3.470e+00     
  17.000          90.000            2.028e+00          -5.274e-01             189.286          -1.491e+00             257.022           3.602e+00     
  18.000          90.000            2.149e+00          -5.287e-01             191.041          -1.222e+00             257.390           3.760e+00     
  19.000          90.000            2.254e+00          -5.425e-01             192.769          -9.806e-01             257.796           3.938e+00     
  20.000          90.000            2.344e+00          -5.694e-01             194.471          -7.663e-01             258.233           4.129e+00     
  21.000          90.000            2.417e+00          -6.099e-01             196.150          -5.771e-01             258.696           4.331e+00     
  22.000          90.000            2.474e+00          -6.645e-01             197.808          -4.114e-01             259.178           4.541e+00     
  23.000          90.000            2.516e+00          -7.338e-01             199.448          -2.681e-01             259.675           4.757e+00     
  24.000          90.000            2.541e+00          -8.181e-01             201.074          -1.460e-01             260.183           4.978e+00     
  25.000          90.000            2.551e+00          -9.179e-01             202.688          -4.402e-02             260.697           5.206e+00     
  26.000          90.000            2.546e+00          -1.034e+00             204.294           3.874e-02             261.214           5.439e+00     
  27.000          90.000            2.525e+00          -1.166e+00             205.897           1.031e-01             261.730           5.680e+00     
  28.000          90.000            2.489e+00          -1.315e+00             207.499           1.500e-01             262.242           5.928e+00     
  29.000          90.000            2.439e+00          -1.481e+00             209.105           1.800e-01             262.748           6.186e+00     
  30.000          90.000            2.374e+00          -1.664e+00             210.721           1.938e-01             263.242           6.455e+00     
  31.000          90.000            2.294e+00          -1.866e+00             212.351           1.921e-01             263.725           6.736e+00     
  32.000          90.000            2.201e+00          -2.085e+00             214.001           1.753e-01             264.193           7.033e+00     
  33.000          90.000            2.094e+00          -2.324e+00             215.676           1.442e-01             264.642           7.347e+00     
  34.000          90.000            1.973e+00          -2.581e+00             217.383           9.930e-02             265.070           7.681e+00     
  35.000          90.000            1.839e+00          -2.858e+00             219.129           4.104e-02             265.474           8.040e+00     
  36.000          90.000            1.693e+00          -3.154e+00             220.923          -3.002e-02             265.852           8.426e+00     
  37.000          90.000            1.535e+00          -3.471e+00             222.773          -1.134e-01             266.200           8.844e+00     
  38.000          90.000            1.365e+00          -3.808e+00             224.688          -2.085e-01             266.516           9.300e+00     
  39.000          90.000            1.183e+00          -4.166e+00             226.680          -3.150e-01             266.797           9.800e+00     
  40.000          90.000            9.916e-01          -4.544e+00             228.761          -4.322e-01             267.039           1.035e+01     
  41.000          90.000            7.898e-01          -4.944e+00             230.946          -5.596e-01             267.241           1.097e+01     
  42.000          90.000            5.787e-01          -5.365e+00             233.249          -6.967e-01             267.399           1.166e+01     
  43.000          90.000            3.592e-01          -5.806e+00             235.690          -8.430e-01             267.511           1.245e+01     
  44.000          90.000            1.320e-01          -6.268e+00             238.287          -9.978e-01             267.572           1.335e+01     
  45.000          90.000           -1.017e-01          -6.750e+00             241.066          -1.160e+00             267.581           1.440e+01     
  46.000          90.000           -3.410e-01          -7.250e+00             244.050          -1.330e+00             267.535           1.566e+01     
  47.000          90.000           -5.846e-01          -7.767e+00             247.270          -1.507e+00             267.430           1.719e+01     
  48.000          90.000           -8.312e-01          -8.297e+00             250.756          -1.689e+00             267.264           1.915e+01     
  49.000          90.000           -1.079e+00          -8.837e+00             254.542          -1.876e+00             267.034           2.180e+01     
  50.000          90.000           -1.328e+00          -9.382e+00             258.661          -2.067e+00             266.739           2.582e+01     
  51.000          90.000           -1.574e+00          -9.923e+00             263.145          -2.261e+00             266.377           3.401e+01     
  52.000          90.000           -1.818e+00          -1.045e+01             268.021          -2.458e+00             265.946           3.810e+01     
  53.000          90.000           -2.056e+00          -1.096e+01             273.303          -2.655e+00             265.445           2.676e+01     
  54.000          90.000           -2.288e+00          -1.142e+01             278.989          -2.853e+00             264.873           2.190e+01     
  55.000          90.000           -2.511e+00          -1.184e+01             285.052          -3.050e+00             264.230           1.874e+01     
  56.000          90.000           -2.723e+00          -1.219e+01             291.435          -3.244e+00             263.517           1.638e+01     
  57.000          90.000           -2.923e+00          -1.246e+01             298.050          -3.435e+00             262.736           1.451e+01     
  58.000          90.000           -3.109e+00          -1.265e+01             304.784          -3.621e+00             261.889           1.296e+01     
  59.000          90.000           -3.280e+00          -1.275e+01             311.507          -3.802e+00             260.979           1.166e+01     
  60.000          90.000           -3.435e+00          -1.276e+01             318.094          -3.975e+00             260.011           1.055e+01     
  61.000          90.000           -3.573e+00          -1.269e+01             324.436          -4.141e+00             258.991           9.610e+00     
  62.000          90.000           -3.694e+00          -1.257e+01             330.454          -4.297e+00             257.923           8.813e+00     
  63.000          90.000           -3.797e+00          -1.239e+01             336.097          -4.443e+00             256.816           8.156e+00     
  64.000          90.000           -3.883e+00          -1.218e+01             341.345          -4.579e+00             255.678           7.632e+00     
  65.000          90.000           -3.952e+00          -1.194e+01             346.201          -4.704e+00             254.516           7.242e+00     
  66.000          90.000           -4.005e+00          -1.169e+01             350.683          -4.816e+00             253.341           6.982e+00     
  67.000          90.000           -4.043e+00          -1.144e+01             354.820          -4.917e+00             252.162           6.850e+00     
  68.000          90.000           -4.068e+00          -1.119e+01             358.644          -5.006e+00             250.988           6.840e+00     
  69.000          90.000           -4.081e+00          -1.094e+01               2.189          -5.083e+00             249.828           6.941e+00     
  70.000          90.000           -4.083e+00          -1.071e+01               5.489          -5.148e+00             248.692           7.143e+00     
  71.000          90.000           -4.075e+00          -1.048e+01               8.574          -5.203e+00             247.588           7.430e+00     
  72.000          90.000           -4.060e+00          -1.027e+01              11.472          -5.246e+00             246.524           7.792e+00     
  73.000          90.000           -4.038e+00          -1.008e+01              14.210          -5.281e+00             245.507           8.218e+00     
  74.000          90.000           -4.011e+00          -9.898e+00              16.809          -5.306e+00             244.543           8.697e+00     
  75.000          90.000           -3.980e+00          -9.731e+00              19.289          -5.324e+00             243.638           9.223e+00     
  76.000          90.000           -3.947e+00          -9.578e+00              21.668          -5.334e+00             242.796           9.791e+00     
  77.000          90.000           -3.911e+00          -9.438e+00              23.961          -5.339e+00             242.021           1.040e+01     
  78.000          90.000           -3.875e+00          -9.311e+00              26.182          -5.338e+00             241.315           1.104e+01     
  79.000          90.000           -3.838e+00          -9.195e+00              28.342          -5.334e+00             240.681           1.172e+01     
  80.000          90.000           -3.802e+00          -9.090e+00              30.452          -5.326e+00             240.119           1.244e+01     
  81.000          90.000           -3.767e+00          -8.995e+00              32.520          -5.317e+00             239.631           1.320e+01     
  82.000          90.000           -3.733e+00          -8.909e+00              34.555          -5.305e+00             239.217           1.400e+01     
  83.000          90.000           -3.701e+00          -8.831e+00              36.563          -5.293e+00             238.878           1.485e+01     
  84.000          90.000           -3.671e+00          -8.759e+00              38.549          -5.281e+00             238.611           1.577e+01     
  85.000          90.000           -3.642e+00          -8.694e+00              40.520          -5.270e+00             238.418           1.674e+01     
  86.000          90.000           -3.616e+00          -8.633e+00              42.477          -5.260e+00             238.297           1.781e+01     
  87.000          90.000           -3.593e+00          -8.577e+00              44.426          -5.251e+00             238.247           1.897e+01     
  88.000          90.000           -3.571e+00          -8.523e+00              46.367          -5.245e+00             238.268           2.026e+01     
  89.000          90.000           -3.552e+00          -8.471e+00              48.303          -5.240e+00             238.358           2.171e+01     
  90.000          90.000           -3.534e+00          -8.420e+00              50.234          -5.239e+00             238.518           2.338e+01     
  91.000          90.000           -3.518e+00          -8.368e+00              52.160          -5.240e+00             238.745           2.536e+01     
  92.000          90.000           -3.504e+00          -8.316e+00              54.081          -5.245e+00             239.041           2.780e+01     
  93.000          90.000           -3.491e+00          -8.262e+00              55.996          -5.252e+00             239.404           3.104e+01     
  94.000          90.000           -3.479e+00          -8.205e+00              57.902          -5.263e+00             239.834           3.595e+01     
  95.000          90.000           -3.468e+00          -8.144e+00              59.797          -5.277e+00             240.330           4.000e+01     
  96.000          90.000           -3.457e+00          -8.079e+00              61.678          -5.294e+00             240.894           4.000e+01     
  97.000          90.000           -3.445e+00          -8.009e+00              63.541          -5.314e+00             241.524           3.550e+01     
  98.000          90.000           -3.433e+00          -7.934e+00              65.382          -5.336e+00             242.220           3.157e+01     
  99.000          90.000           -3.420e+00          -7.852e+00              67.197          -5.361e+00             242.985           2.904e+01     
 100.000          90.000           -3.405e+00          -7.764e+00              68.982          -5.388e+00             243.816           2.724e+01     
 101.000          90.000           -3.388e+00          -7.670e+00              70.731          -5.417e+00             244.715           2.588e+01     
 102.000          90.000           -3.369e+00          -7.569e+00              72.440          -5.447e+00             245.682           2.484e+01     
 103.000          90.000           -3.346e+00          -7.461e+00              74.104          -5.477e+00             246.717           2.403e+01     
 104.000          90.000           -3.320e+00          -7.346e+00              75.718          -5.508e+00             247.820           2.341e+01     
 105.000          90.000           -3.290e+00          -7.224e+00              77.278          -5.538e+00             248.990           2.296e+01     
 106.000          90.000           -3.254e+00          -7.096e+00              78.779          -5.567e+00             250.226           2.266e+01     
 107.000          90.000           -3.214e+00          -6.962e+00              80.218          -5.594e+00             251.528           2.249e+01     
 108.000          90.000           -3.168e+00          -6.822e+00              81.590          -5.618e+00             252.894           2.246e+01     
 109.000          90.000           -3.116e+00          -6.677e+00              82.894          -5.638e+00             254.321           2.257e+01     
 110.000          90.000           -3.058e+00          -6.526e+00              84.125          -5.654e+00             255.807           2.281e+01     
 111.000          90.000           -2.993e+00          -6.371e+00              85.282          -5.665e+00             257.349           2.321e+01     
 112.000          90.000           -2.921e+00          -6.211e+00              86.364          -5.669e+00             258.941           2.378e+01     
 113.000          90.000           -2.843e+00          -6.049e+00              87.369          -5.666e+00             260.578           2.454e+01     
 114.000          90.000           -2.757e+00          -5.883e+00              88.295          -5.655e+00             262.255           2.556e+01     
 115.000          90.000           -2.665e+00          -5.714e+00              89.143          -5.636e+00             263.965           2.689e+01     
 116.000          90.000           -2.565e+00          -5.544e+00              89.912          -5.608e+00             265.700           2.869e+01     
 117.000          90.000           -2.459e+00          -5.372e+00              90.604          -5.569e+00             267.452           3.121e+01     
 118.000          90.000           -2.347e+00          -5.199e+00              91.217          -5.521e+00             269.212           3.515e+01     
 119.000          90.000           -2.228e+00          -5.025e+00              91.753          -5.463e+00             270.971           4.000e+01     
 120.000          90.000           -2.104e+00          -4.852e+00              92.213          -5.395e+00             272.720           4.000e+01     
 121.000          90.000           -1.975e+00          -4.678e+00              92.599          -5.317e+00             274.449           3.586e+01     
 122.000          90.000           -1.842e+00          -4.506e+00              92.912          -5.229e+00             276.149           3.101e+01     
 123.000          90.000           -1.705e+00          -4.334e+00              93.152          -5.132e+00             277.812           2.785e+01     
 124.000          90.000           -1.564e+00          -4.165e+00              93.323          -5.027e+00             279.428           2.550e+01     
 125.000          90.000           -1.421e+00          -3.997e+00              93.426          -4.914e+00             280.991           2.364e+01     
 126.000          90.000           -1.276e+00          -3.831e+00              93.462          -4.794e+00             282.492           2.211e+01     
 127.000          90.000           -1.130e+00          -3.669e+00              93.433          -4.669e+00             283.927           2.080e+01     
 128.000          90.000           -9.834e-01          -3.509e+00              93.342          -4.540e+00             285.289           1.967e+01     
 129.000          90.000           -8.373e-01          -3.352e+00              93.190          -4.407e+00             286.575           1.868e+01     
 130.000          90.000           -6.922e-01          -3.199e+00              92.978          -4.272e+00             287.780           1.780e+01     
 131.000          90.000           -5.489e-01          -3.051e+00              92.709          -4.135e+00             288.903           1.701e+01     
 132.000          90.000           -4.083e-01          -2.906e+00              92.383          -4.000e+00             289.941           1.630e+01     
 133.000          90.000           -2.706e-01          -2.766e+00              92.003          -3.865e+00             290.892           1.565e+01     
 134.000          90.000           -1.367e-01          -2.631e+00              91.571          -3.732e+00             291.757           1.507e+01     
 135.000          90.000           -7.335e-03          -2.501e+00              91.087          -3.604e+00             292.534           1.453e+01     
 136.000          90.000            1.170e-01          -2.377e+00              90.552          -3.479e+00             293.224           1.403e+01     
 137.000          90.000            2.357e-01          -2.258e+00              89.968          -3.360e+00             293.827           1.358e+01     
 138.000          90.000            3.482e-01          -2.146e+00              89.336          -3.248e+00             294.345           1.316e+01     
 139.000          90.000            4.538e-01          -2.040e+00              88.656          -3.143e+00             294.779           1.277e+01     
 140.000          90.000            5.522e-01          -1.940e+00              87.929          -3.046e+00             295.129           1.241e+01     
 141.000          90.000            6.428e-01          -1.848e+00              87.155          -2.958e+00             295.397           1.207e+01     
 142.000          90.000            7.251e-01          -1.762e+00              86.335          -2.880e+00             295.584           1.175e+01     
 143.000          90.000            7.987e-01          -1.684e+00              85.468          -2.812e+00             295.691           1.146e+01     
 144.000          90.000            8.631e-01          -1.614e+00              84.555          -2.756e+00             295.720           1.118e+01     
 145.000          90.000            9.179e-01          -1.551e+00              83.594          -2.711e+00             295.671           1.092e+01     
 146.000          90.000            9.627e-01          -1.497e+00              82.585          -2.679e+00             295.546           1.067e+01     
 147.000          90.000            9.971e-01          -1.451e+00              81.528          -2.660e+00             295.345           1.044e+01     
 148.000          90.000            1.021e+00          -1.413e+00              80.421          -2.655e+00             295.069           1.023e+01     
 149.000          90.000            1.033e+00          -1.384e+00              79.263          -2.664e+00             294.718           1.002e+01     
 150.000          90.000            1.035e+00          -1.363e+00              78.053          -2.689e+00             294.292           9.828e+00     
 151.000          90.000            1.024e+00          -1.351e+00              76.787          -2.729e+00             293.792           9.644e+00     
 152.000          90.000            1.002e+00          -1.349e+00              75.466          -2.787e+00             293.215           9.472e+00     
 153.000          90.000            9.676e-01          -1.354e+00              74.086          -2.861e+00             292.561           9.309e+00     
 154.000          90.000            9.209e-01          -1.369e+00              72.645          -2.953e+00             291.829           9.157e+00     
 155.000          90.000            8.618e-01          -1.392e+00              71.141          -3.065e+00             291.016           9.015e+00     
 156.000          90.000            7.902e-01          -1.424e+00              69.570          -3.196e+00             290.120           8.884e+00     
 157.000          90.000            7.060e-01          -1.464e+00              67.930          -3.347e+00             289.137           8.765e+00     
 158.000          90.000            6.094e-01          -1.511e+00              66.218          -3.521e+00             288.062           8.658e+00     
 159.000          90.000            5.005e-01          -1.566e+00              64.431          -3.717e+00             286.892           8.565e+00     
 160.000          90.000            3.795e-01          -1.628e+00              62.565          -3.937e+00             285.618           8.490e+00     
 161.000          90.000            2.468e-01          -1.696e+00              60.619          -4.182e+00             284.232           8.433e+00     
 162.000          90.000            1.030e-01          -1.769e+00              58.590          -4.454e+00             282.725           8.400e+00     
 163.000          90.000           -5.120e-02          -1.847e+00              56.475          -4.754e+00             281.084           8.394e+00     
 164.000          90.000           -2.149e-01          -1.928e+00              54.273          -5.084e+00             279.294           8.422e+00     
 165.000          90.000           -3.869e-01          -2.011e+00              51.983          -5.445e+00             277.336           8.489e+00     
 166.000          90.000           -5.656e-01          -2.095e+00              49.605          -5.840e+00             275.188           8.605e+00     
 167.000          90.000           -7.495e-01          -2.179e+00              47.140          -6.269e+00             272.819           8.778e+00     
 168.000          90.000           -9.363e-01          -2.262e+00              44.591          -6.736e+00             270.193           9.020e+00     
 169.000          90.000           -1.124e+00          -2.341e+00              41.961          -7.241e+00             267.265           9.344e+00     
 170.000          90.000           -1.308e+00          -2.416e+00              39.255          -7.785e+00             263.978           9.765e+00     
 171.000          90.000           -1.487e+00          -2.484e+00              36.481          -8.369e+00             260.259           1.030e+01     
 172.000          90.000           -1.657e+00          -2.545e+00              33.646          -8.989e+00             256.019           1.098e+01     
 173.000          90.000           -1.814e+00          -2.597e+00              30.762          -9.642e+00             251.147           1.183e+01     
 174.000          90.000           -1.954e+00          -2.639e+00              27.840          -1.031e+01             245.516           1.288e+01     
 175.000          90.000           -2.074e+00          -2.671e+00              24.892          -1.099e+01             238.985           1.422e+01     
 176.000          90.000           -2.169e+00          -2.691e+00              21.934          -1.163e+01             231.424           1.592e+01     
 177.000          90.000           -2.237e+00          -2.700e+00              18.980          -1.219e+01             222.761           1.818e+01     
 178.000          90.000           -2.276e+00          -2.697e+00              16.045          -1.262e+01             213.050           2.138e+01     
 179.000          90.000           -2.284e+00          -2.683e+00              13.144          -1.285e+01             202.544           2.669e+01     
 180.000          90.000           -2.261e+00          -2.659e+00              10.291          -1.285e+01             191.697           4.000e+01     
 179.000         270.000           -2.209e+00          -2.625e+00             187.499          -1.260e+01               1.067           2.981e+01     
 178.000         270.000           -2.128e+00          -2.583e+00             184.779          -1.215e+01             351.135           2.298e+01     
 177.000         270.000           -2.021e+00          -2.534e+00             182.142          -1.154e+01             342.188           1.927e+01     
 176.000         270.000           -1.891e+00          -2.480e+00             179.598          -1.086e+01             334.310           1.676e+01     
 175.000         270.000           -1.742e+00          -2.422e+00             177.152          -1.013e+01             327.445           1.489e+01     
 174.000         270.000           -1.578e+00          -2.362e+00             174.810          -9.401e+00             321.469           1.342e+01     
 173.000         270.000           -1.402e+00          -2.301e+00             172.576          -8.688e+00             316.240           1.222e+01     
 172.000         270.000           -1.219e+00          -2.240e+00             170.453          -8.005e+00             311.627           1.123e+01     
 171.000         270.000           -1.030e+00          -2.182e+00             168.442          -7.357e+00             307.517           1.039e+01     
 170.000         270.000           -8.393e-01          -2.127e+00             166.543          -6.746e+00             303.816           9.675e+00     
 169.000         270.000           -6.493e-01          -2.077e+00             164.756          -6.175e+00             300.450           9.052e+00     
 168.000         270.000           -4.620e-01          -2.033e+00             163.079          -5.641e+00             297.358           8.505e+00     
 167.000         270.000           -2.793e-01          -1.995e+00             161.511          -5.142e+00             294.493           8.022e+00     
 166.000         270.000           -1.026e-01          -1.965e+00             160.049          -4.678e+00             291.816           7.590e+00     
 165.000         270.000            6.703e-02          -1.942e+00             158.692          -4.246e+00             289.299           7.201e+00     
 164.000         270.000            2.284e-01          -1.929e+00             157.436          -3.844e+00             286.913           6.847e+00     
 163.000         270.000            3.809e-01          -1.925e+00             156.279          -3.471e+00             284.640           6.524e+00     
 162.000         270.000            5.241e-01          -1.930e+00             155.219          -3.125e+00             282.465           6.226e+00     
 161.000         270.000            6.576e-01          -1.944e+00             154.252          -2.803e+00             280.372           5.951e+00     
 160.000         270.000            7.812e-01          -1.969e+00             153.376          -2.506e+00             278.351           5.695e+00     
 159.000         270.000            8.948e-01          -2.003e+00             152.590          -2.231e+00             276.393           5.456e+00     
 158.000         270.000            9.984e-01          -2.048e+00             151.890          -1.977e+00             274.490           5.233e+00     
 157.000         270.000            1.092e+00          -2.101e+00             151.274          -1.743e+00             272.634           5.025e+00     
 156.000         270.000            1.176e+00          -2.165e+00             150.741          -1.528e+00             270.820           4.832e+00     
 155.000         270.000            1.250e+00          -2.238e+00             150.287          -1.331e+00             269.044           4.652e+00     
 154.000         270.000            1.314e+00          -2.319e+00             149.912          -1.151e+00             267.300           4.487e+00     
 153.000         270.000            1.370e+00          -2.410e+00             149.613          -9.877e-01             265.586           4.337e+00     
 152.000         270.000            1.416e+00          -2.508e+00             149.388          -8.399e-01             263.898           4.203e+00     
 151.000         270.000            1.453e+00          -2.615e+00             149.235          -7.070e-01             262.233           4.085e+00     
 150.000         270.000            1.483e+00          -2.728e+00             149.151          -5.883e-01             260.589           3.985e+00     
 149.000         270.000            1.504e+00          -2.848e+00             149.136          -4.833e-01             258.963           3.903e+00     
 148.000         270.000            1.517e+00          -2.975e+00             149.187          -3.912e-01             257.353           3.840e+00     
 147.000         270.000            1.522e+00          -3.106e+00             149.300          -3.116e-01             255.757           3.799e+00     
 146.000         270.000            1.521e+00          -3.243e+00             149.474          -2.439e-01             254.173           3.778e+00     
 145.000         270.000            1.512e+00          -3.384e+00             149.705          -1.876e-01             252.601           3.778e+00     
 144.000         270.000            1.497e+00          -3.528e+00             149.990          -1.422e-01             251.038           3.801e+00     
 143.000         270.000            1.476e+00          -3.675e+00             150.325          -1.072e-01             249.483           3.844e+00     
 142.000         270.000            1.448e+00          -3.823e+00             150.706          -8.219e-02             247.935           3.909e+00     
 141.000         270.000            1.415e+00          -3.974e+00             151.129          -6.664e-02             246.393           3.993e+00     
 140.000         270.000            1.377e+00          -4.125e+00             151.590          -6.013e-02             244.855           4.097e+00     
 139.000         270.000            1.334e+00          -4.276e+00             152.082          -6.220e-02             243.321           4.218e+00     
 138.000         270.000            1.285e+00          -4.426e+00             152.601          -7.241e-02             241.789           4.355e+00     
 137.000         270.000            1.232e+00          -4.575e+00             153.141          -9.032e-02             240.260           4.508e+00     
 136.000         270.000            1.175e+00          -4.723e+00             153.696          -1.155e-01             238.731           4.675e+00     
 135.000         270.000            1.114e+00          -4.869e+00             154.260          -1.475e-01             237.202           4.854e+00     
 134.000         270.000            1.050e+00          -5.013e+00             154.825          -1.858e-01             235.673           5.044e+00     
 133.000         270.000            9.815e-01          -5.154e+00             155.387          -2.301e-01             234.144           5.244e+00     
 132.000         270.000            9.103e-01          -5.293e+00             155.938          -2.799e-01             232.613           5.453e+00     
 131.000         270.000            8.362e-01          -5.428e+00             156.469          -3.347e-01             231.080           5.670e+00     
 130.000         270.000            7.595e-01          -5.561e+00             156.979          -3.941e-01             229.545           5.894e+00     
 129.000         270.000            6.805e-01          -5.692e+00             157.459          -4.577e-01             228.009           6.123e+00     
 128.000         270.000            5.995e-01          -5.819e+00             157.903          -5.249e-01             226.470           6.358e+00     
 127.000         270.000            5.166e-01          -5.944e+00             158.304          -5.953e-01             224.929           6.598e+00     
 126.000         270.000            4.323e-01          -6.067e+00             158.659          -6.685e-01             223.387           6.840e+00     
 125.000         270.000            3.467e-01          -6.188e+00             158.962          -7.440e-01             221.844           7.085e+00     
 124.000         270.000            2.601e-01          -6.307e+00             159.207          -8.213e-01             220.301           7.331e+00     
 123.000         270.000            1.728e-01          -6.425e+00             159.392          -8.999e-01             218.757           7.578e+00     
 122.000         270.000            8.514e-02          -6.542e+00             159.511          -9.795e-01             217.215           7.825e+00     
 121.000         270.000           -2.718e-03          -6.658e+00             159.561          -1.060e+00             215.676           8.070e+00     
 120.000         270.000           -9.046e-02          -6.773e+00             159.540          -1.140e+00             214.139           8.313e+00     
 119.000         270.000           -1.778e-01          -6.889e+00             159.443          -1.220e+00             212.608           8.552e+00     
 118.000         270.000           -2.645e-01          -7.004e+00             159.269          -1.299e+00             211.084           8.786e+00     
 117.000         270.000           -3.503e-01          -7.120e+00             159.015          -1.376e+00             209.567           9.014e+00     
 116.000         270.000           -4.349e-01          -7.236e+00             158.679          -1.453e+00             208.061           9.234e+00     
 115.000         270.000           -5.181e-01          -7.352e+00             158.260          -1.527e+00             206.568           9.445e+00     
 114.000         270.000           -5.995e-01          -7.469e+00             157.755          -1.599e+00             205.089           9.645e+00     
 113.000         270.000           -6.790e-01          -7.587e+00             157.163          -1.669e+00             203.626           9.833e+00     
 112.000         270.000           -7.562e-01          -7.706e+00             156.483          -1.736e+00             202.184           1.001e+01     
 111.000         270.000           -8.310e-01          -7.824e+00             155.714          -1.799e+00             200.762           1.017e+01     
 110.000         270.000           -9.032e-01          -7.944e+00             154.854          -1.860e+00             199.366           1.031e+01     
 109.000         270.000           -9.723e-01          -8.063e+00             153.904          -1.917e+00             197.996           1.043e+01     
 108.000         270.000           -1.038e+00          -8.182e+00             152.862          -1.970e+00             196.655           1.054e+01     
 107.000         270.000           -1.101e+00          -8.300e+00             151.728          -2.019e+00             195.347           1.062e+01     
 106.000         270.000           -1.160e+00          -8.417e+00             150.503          -2.065e+00             194.073           1.068e+01     
 105.000         270.000           -1.216e+00          -8.533e+00             149.186          -2.107e+00             192.837           1.072e+01     
 104.000         270.000           -1.267e+00          -8.646e+00             147.778          -2.144e+00             191.640           1.074e+01     
 103.000         270.000           -1.314e+00          -8.757e+00             146.280          -2.177e+00             190.485           1.073e+01     
 102.000         270.000           -1.358e+00          -8.863e+00             144.694          -2.207e+00             189.374           1.071e+01     
 101.000         270.000           -1.396e+00          -8.966e+00             143.022          -2.232e+00             188.309           1.066e+01     
 100.000         270.000           -1.431e+00          -9.064e+00             141.266          -2.253e+00             187.293           1.058e+01     
  99.000         270.000           -1.460e+00          -9.155e+00             139.429          -2.270e+00             186.326           1.049e+01     
  98.000         270.000           -1.485e+00          -9.240e+00             137.517          -2.282e+00             185.411           1.038e+01     
  97.000         270.000           -1.505e+00          -9.318e+00             135.531          -2.291e+00             184.549           1.026e+01     
  96.000         270.000           -1.521e+00          -9.387e+00             133.481          -2.296e+00             183.742           1.012e+01     
  95.000         270.000           -1.531e+00          -9.448e+00             131.370          -2.297e+00             182.989           9.962e+00     
  94.000         270.000           -1.537e+00          -9.499e+00             129.206          -2.293e+00             182.293           9.796e+00     
  93.000         270.000           -1.537e+00          -9.540e+00             126.997          -2.286e+00             181.654           9.621e+00     
  92.000         270.000           -1.533e+00          -9.571e+00             124.750          -2.275e+00             181.072           9.440e+00     
  91.000         270.000           -1.524e+00          -9.591e+00             122.473          -2.261e+00             180.547           9.254e+00     
  90.000         270.000           -1.509e+00          -9.600e+00             120.175          -2.242e+00             180.081           9.066e+00     
  89.000         270.000           -1.490e+00          -9.599e+00             117.865          -2.219e+00             179.672           8.878e+00     
  88.000         270.000           -1.466e+00          -9.588e+00             115.551          -2.193e+00             179.320           8.691e+00     
  87.000         270.000           -1.438e+00          -9.567e+00             113.241          -2.163e+00             179.025           8.509e+00     
  86.000         270.000           -1.404e+00          -9.536e+00             110.944          -2.129e+00             178.787           8.334e+00     
  85.000         270.000           -1.366e+00          -9.496e+00             108.666          -2.091e+00             178.604           8.166e+00     
  84.000         270.000           -1.324e+00          -9.448e+00             106.415          -2.050e+00             178.475           8.008e+00     
  83.000         270.000           -1.277e+00          -9.394e+00             104.196          -2.005e+00             178.399           7.863e+00     
  82.000         270.000           -1.226e+00          -9.333e+00             102.015          -1.955e+00             178.374           7.732e+00     
  81.000         270.000           -1.171e+00          -9.267e+00              99.874          -1.902e+00             178.400           7.616e+00     
  80.000         270.000           -1.112e+00          -9.196e+00              97.779          -1.846e+00             178.475           7.517e+00     
  79.000         270.000           -1.049e+00          -9.124e+00              95.731          -1.785e+00             178.596           7.436e+00     
  78.000         270.000           -9.831e-01          -9.049e+00              93.733          -1.720e+00             178.762           7.376e+00     
  77.000         270.000           -9.136e-01          -8.973e+00              91.784          -1.652e+00             178.970           7.337e+00     
  76.000         270.000           -8.411e-01          -8.899e+00              89.885          -1.580e+00             179.219           7.320e+00     
  75.000         270.000           -7.657e-01          -8.825e+00              88.035          -1.504e+00             179.507           7.325e+00     
  74.000         270.000           -6.877e-01          -8.755e+00              86.234          -1.425e+00             179.830           7.355e+00     
  73.000         270.000           -6.073e-01          -8.688e+00              84.479          -1.342e+00             180.187           7.409e+00     
  72.000         270.000           -5.247e-01          -8.626e+00              82.769          -1.255e+00             180.575           7.487e+00     
  71.000         270.000           -4.402e-01          -8.569e+00              81.099          -1.166e+00             180.991           7.590e+00     
  70.000         270.000           -3.542e-01          -8.520e+00              79.469          -1.073e+00             181.434           7.718e+00     
  69.000         270.000           -2.667e-01          -8.477e+00              77.872          -9.775e-01             181.901           7.871e+00     
  68.000         270.000           -1.782e-01          -8.444e+00              76.307          -8.793e-01             182.389           8.049e+00     
  67.000         270.000           -8.877e-02          -8.419e+00              74.767          -7.786e-01             182.896           8.252e+00     
  66.000         270.000            1.168e-03          -8.405e+00              73.249          -6.758e-01             183.420           8.481e+00     
  65.000         270.000            9.140e-02          -8.402e+00              71.748          -5.711e-01             183.959           8.734e+00     
  64.000         270.000            1.816e-01          -8.410e+00              70.256          -4.648e-01             184.510           9.014e+00     
  63.000         270.000            2.716e-01          -8.431e+00              68.770          -3.572e-01             185.072           9.320e+00     
  62.000         270.000            3.611e-01          -8.465e+00              67.281          -2.488e-01             185.643           9.654e+00     
  61.000         270.000            4.498e-01          -8.514e+00              65.782          -1.398e-01             186.220           1.002e+01     
  60.000         270.000            5.375e-01          -8.576e+00              64.266          -3.071e-02             186.803           1.041e+01     
  59.000         270.000            6.238e-01          -8.655e+00              62.723           7.815e-02             187.389           1.083e+01     
  58.000         270.000            7.086e-01          -8.749e+00              61.143           1.863e-01             187.978           1.129e+01     
  57.000         270.000            7.916e-01          -8.860e+00              59.516           2.935e-01             188.568           1.179e+01     
  56.000         270.000            8.724e-01          -8.988e+00              57.829           3.991e-01             189.158           1.233e+01     
  55.000         270.000            9.510e-01          -9.133e+00              56.068           5.027e-01             189.747           1.291e+01     
  54.000         270.000            1.027e+00          -9.297e+00              54.217           6.039e-01             190.335           1.355e+01     
  53.000         270.000            1.100e+00          -9.478e+00              52.259           7.023e-01             190.919           1.426e+01     
  52.000         270.000            1.170e+00          -9.676e+00              50.174           7.974e-01             191.501           1.504e+01     
  51.000         270.000            1.237e+00          -9.892e+00              47.939           8.887e-01             192.079           1.590e+01     
  50.000         270.000            1.301e+00          -1.012e+01              45.531           9.757e-01             192.653           1.688e+01     
  49.000         270.000            1.360e+00          -1.037e+01              42.921           1.058e+00             193.222           1.799e+01     
  48.000         270.000            1.416e+00          -1.062e+01              40.081           1.135e+00             193.786           1.929e+01     
  47.000         270.000            1.467e+00          -1.089e+01              36.980           1.207e+00             194.345           2.084e+01     
  46.000         270.000            1.514e+00          -1.115e+01              33.590           1.272e+00             194.899           2.275e+01     
  45.000         270.000            1.556e+00          -1.141e+01              29.881           1.331e+00             195.447           2.523e+01     
  44.000         270.000            1.593e+00          -1.166e+01              25.836           1.383e+00             195.990           2.879e+01     
  43.000         270.000            1.625e+00          -1.188e+01              21.445           1.427e+00             196.527           3.504e+01     
  42.000         270.000            1.651e+00          -1.206e+01              16.719           1.463e+00             197.058           4.000e+01     
  41.000         270.000            1.672e+00          -1.220e+01              11.690           1.490e+00             197.584           3.382e+01     
  40.000         270.000            1.687e+00          -1.227e+01               6.420           1.508e+00             198.103           2.799e+01     
  39.000         270.000            1.695e+00          -1.226e+01               0.997           1.517e+00             198.616           2.449e+01     
  38.000         270.000            1.697e+00          -1.218e+01             355.531           1.515e+00             199.123           2.196e+01     
  37.000         270.000            1.692e+00          -1.202e+01             350.142           1.503e+00             199.624           1.997e+01     
  36.000         270.000            1.680e+00          -1.178e+01             344.945           1.480e+00             200.117           1.832e+01     
  35.000         270.000            1.661e+00          -1.147e+01             340.040           1.444e+00             200.604           1.691e+01     
  34.000         270.000            1.633e+00          -1.111e+01             335.500           1.396e+00             201.083           1.567e+01     
  33.000         270.000            1.598e+00          -1.070e+01             331.371           1.335e+00             201.554           1.456e+01     
  32.000         270.000            1.555e+00          -1.027e+01             327.672           1.260e+00             202.016           1.355e+01     
  31.000         270.000            1.503e+00          -9.818e+00             324.403           1.170e+00             202.469           1.262e+01     
  30.000         270.000            1.442e+00          -9.359e+00             321.551           1.065e+00             202.911           1.175e+01     
  29.000         270.000            1.372e+00          -8.900e+00             319.093           9.433e-01             203.340           1.094e+01     
  28.000         270.000            1.292e+00          -8.447e+00             316.999           8.047e-01             203.757           1.016e+01     
  27.000         270.000            1.203e+00          -8.006e+00             315.242           6.480e-01             204.159           9.427e+00     
  26.000         270.000            1.104e+00          -7.578e+00             313.794           4.721e-01             204.543           8.720e+00     
  25.000         270.000            9.952e-01          -7.168e+00             312.629           2.758e-01             204.908           8.037e+00     
  24.000         270.000            8.762e-01          -6.775e+00             311.722           5.783e-02             205.251           7.373e+00     
  23.000         270.000            7.471e-01          -6.401e+00             311.052          -1.832e-01             205.567           6.726e+00     
  22.000         270.000            6.082e-01          -6.047e+00             310.602          -4.489e-01             205.852           6.094e+00     
  21.000         270.000            4.595e-01          -5.711e+00             310.354          -7.411e-01             206.101           5.475e+00     
  20.000         270.000            3.015e-01          -5.395e+00             310.295          -1.062e+00             206.308           4.872e+00     
  19.000         270.000            1.348e-01          -5.097e+00             310.411          -1.413e+00             206.463           4.289e+00     
  18.000         270.000           -3.975e-02          -4.816e+00             310.692          -1.798e+00             206.558           3.739e+00     
  17.000         270.000           -2.210e-01          -4.553e+00             311.129          -2.219e+00             206.580           3.246e+00     
  16.000         270.000           -4.074e-01          -4.306e+00             311.713          -2.680e+00             206.513           2.854e+00     
  15.000         270.000           -5.972e-01          -4.075e+00             312.436          -3.186e+00             206.337           2.632e+00     
  14.000         270.000           -7.880e-01          -3.858e+00             313.291          -3.740e+00             206.025           2.661e+00     
  13.000         270.000           -9.769e-01          -3.654e+00             314.272          -4.348e+00             205.543           2.977e+00     
  12.000         270.000           -1.161e+00          -3.462e+00             315.374          -5.018e+00             204.845           3.556e+00     
  11.000         270.000           -1.335e+00          -3.282e+00             316.588          -5.757e+00             203.867           4.357e+00     
  10.000         270.000           -1.497e+00          -3.112e+00             317.911          -6.575e+00             202.521           5.354e+00     
   9.000         270.000           -1.640e+00          -2.951e+00             319.334          -7.481e+00             200.683           6.549e+00     
   8.000         270.000           -1.761e+00          -2.799e+00             320.853          -8.486e+00             198.169           7.975e+00     
   7.000         270.000           -1.854e+00          -2.654e+00             322.460          -9.598e+00             194.708           9.699e+00     
   6.000         270.000           -1.916e+00          -2.515e+00             324.149          -1.082e+01             189.897           1.185e+01     
   5.000         270.000           -1.943e+00          -2.381e+00             325.912          -1.212e+01             183.150           1.469e+01     
   4.000         270.000           -1.933e+00          -2.253e+00             327.743          -1.343e+01             173.704           1.888e+01     
   3.000         270.000           -1.886e+00          -2.129e+00             329.633          -1.453e+01             160.913           2.704e+01     
   2.000         270.000           -1.801e+00          -2.008e+00             331.574          -1.512e+01             145.134           3.252e+01     
   1.000         270.000           -1.680e+00          -1.890e+00             333.559          -1.494e+01             128.580           2.089e+01     
