Theta [deg.]  Phi   [deg.]  Abs(Grlz)[dBi   ]   Abs(Theta)[dBi   ]  Phase(Theta)[deg.]  Abs(Phi  )[dBi   ]  Phase(Phi  )[deg.]  Ax.Ratio[dB    ]    
------------------------------------------------------------------------------------------------------------------------------------------------------
   0.000          90.000           -3.863e+00          -7.355e+00             138.625          -6.441e+00             129.709           2.221e+01     
   1.000          90.000           -4.629e+00          -7.817e+00             137.748          -7.469e+00             128.541           2.189e+01     
   2.000          90.000           -5.469e+00          -8.341e+00             136.725          -8.622e+00             126.721           2.116e+01     
   3.000          90.000           -6.387e+00          -8.931e+00             135.513          -9.920e+00             123.953           1.995e+01     
   4.000          90.000           -7.383e+00          -9.590e+00             134.051          -1.138e+01             119.757           1.822e+01     
   5.000          90.000           -8.445e+00          -1.032e+01             132.262          -1.300e+01             113.356           1.600e+01     
   6.000          90.000           -9.543e+00          -1.113e+01             130.038          -1.469e+01             103.555           1.335e+01     
   7.000          90.000           -1.061e+01          -1.201e+01             127.239          -1.621e+01              89.002           1.041e+01     
   8.000          90.000           -1.152e+01          -1.296e+01             123.675          -1.700e+01              69.876           7.312e+00     
   9.000          90.000           -1.210e+01          -1.397e+01             119.097          -1.666e+01              50.105           4.262e+00     
  10.000          90.000           -1.222e+01          -1.501e+01             113.206          -1.546e+01              34.320           1.754e+00     
  11.000          90.000           -1.186e+01          -1.601e+01             105.697          -1.397e+01              23.495           2.372e+00     
  12.000          90.000           -1.116e+01          -1.688e+01              96.413          -1.252e+01              16.414           4.639e+00     
  13.000          90.000           -1.029e+01          -1.746e+01              85.583          -1.121e+01              11.795           6.804e+00     
  14.000          90.000           -9.379e+00          -1.766e+01              74.043          -1.008e+01               8.761           8.724e+00     
  15.000          90.000           -8.498e+00          -1.745e+01              63.005          -9.089e+00               6.774           1.039e+01     
  16.000          90.000           -7.682e+00          -1.692e+01              53.473          -8.233e+00               5.503           1.182e+01     
  17.000          90.000           -6.941e+00          -1.621e+01              45.862          -7.488e+00               4.736           1.303e+01     
  18.000          90.000           -6.277e+00          -1.542e+01              40.107          -6.841e+00               4.335           1.403e+01     
  19.000          90.000           -5.686e+00          -1.463e+01              35.922          -6.279e+00               4.206           1.484e+01     
  20.000          90.000           -5.163e+00          -1.388e+01              32.995          -5.790e+00               4.284           1.547e+01     
  21.000          90.000           -4.702e+00          -1.318e+01              31.054          -5.366e+00               4.521           1.593e+01     
  22.000          90.000           -4.297e+00          -1.255e+01              29.885          -5.001e+00               4.883           1.623e+01     
  23.000          90.000           -3.943e+00          -1.196e+01              29.327          -4.689e+00               5.339           1.639e+01     
  24.000          90.000           -3.636e+00          -1.143e+01              29.251          -4.425e+00               5.876           1.642e+01     
  25.000          90.000           -3.370e+00          -1.095e+01              29.563          -4.204e+00               6.473           1.634e+01     
  26.000          90.000           -3.143e+00          -1.050e+01              30.186          -4.024e+00               7.117           1.617e+01     
  27.000          90.000           -2.950e+00          -1.009e+01              31.059          -3.882e+00               7.797           1.592e+01     
  28.000          90.000           -2.788e+00          -9.709e+00              32.131          -3.775e+00               8.502           1.561e+01     
  29.000          90.000           -2.655e+00          -9.354e+00              33.357          -3.700e+00               9.225           1.526e+01     
  30.000          90.000           -2.547e+00          -9.020e+00              34.698          -3.656e+00               9.958           1.487e+01     
  31.000          90.000           -2.463e+00          -8.706e+00              36.122          -3.641e+00              10.693           1.446e+01     
  32.000          90.000           -2.401e+00          -8.409e+00              37.598          -3.654e+00              11.425           1.404e+01     
  33.000          90.000           -2.357e+00          -8.127e+00              39.100          -3.693e+00              12.146           1.361e+01     
  34.000          90.000           -2.330e+00          -7.859e+00              40.604          -3.757e+00              12.851           1.319e+01     
  35.000          90.000           -2.320e+00          -7.605e+00              42.090          -3.844e+00              13.532           1.277e+01     
  36.000          90.000           -2.323e+00          -7.364e+00              43.537          -3.955e+00              14.181           1.238e+01     
  37.000          90.000           -2.339e+00          -7.136e+00              44.935          -4.086e+00              14.796           1.200e+01     
  38.000          90.000           -2.366e+00          -6.921e+00              46.267          -4.239e+00              15.368           1.164e+01     
  39.000          90.000           -2.403e+00          -6.719e+00              47.525          -4.411e+00              15.888           1.131e+01     
  40.000          90.000           -2.450e+00          -6.532e+00              48.699          -4.602e+00              16.350           1.100e+01     
  41.000          90.000           -2.506e+00          -6.359e+00              49.782          -4.810e+00              16.745           1.072e+01     
  42.000          90.000           -2.569e+00          -6.201e+00              50.770          -5.035e+00              17.064           1.047e+01     
  43.000          90.000           -2.639e+00          -6.058e+00              51.657          -5.276e+00              17.299           1.024e+01     
  44.000          90.000           -2.716e+00          -5.931e+00              52.442          -5.530e+00              17.438           1.004e+01     
  45.000          90.000           -2.799e+00          -5.821e+00              53.123          -5.798e+00              17.473           9.855e+00     
  46.000          90.000           -2.888e+00          -5.727e+00              53.697          -6.077e+00              17.393           9.695e+00     
  47.000          90.000           -2.983e+00          -5.650e+00              54.164          -6.365e+00              17.187           9.552e+00     
  48.000          90.000           -3.083e+00          -5.591e+00              54.524          -6.661e+00              16.844           9.423e+00     
  49.000          90.000           -3.188e+00          -5.548e+00              54.776          -6.963e+00              16.353           9.303e+00     
  50.000          90.000           -3.297e+00          -5.522e+00              54.919          -7.267e+00              15.704           9.189e+00     
  51.000          90.000           -3.412e+00          -5.514e+00              54.954          -7.572e+00              14.890           9.076e+00     
  52.000          90.000           -3.530e+00          -5.523e+00              54.877          -7.872e+00              13.899           8.961e+00     
  53.000          90.000           -3.652e+00          -5.548e+00              54.693          -8.167e+00              12.733           8.840e+00     
  54.000          90.000           -3.778e+00          -5.589e+00              54.397          -8.450e+00              11.386           8.709e+00     
  55.000          90.000           -3.906e+00          -5.647e+00              53.989          -8.718e+00               9.863           8.566e+00     
  56.000          90.000           -4.036e+00          -5.720e+00              53.468          -8.967e+00               8.169           8.409e+00     
  57.000          90.000           -4.168e+00          -5.807e+00              52.831          -9.192e+00               6.320           8.237e+00     
  58.000          90.000           -4.300e+00          -5.909e+00              52.076          -9.390e+00               4.333           8.050e+00     
  59.000          90.000           -4.431e+00          -6.025e+00              51.201          -9.557e+00               2.232           7.849e+00     
  60.000          90.000           -4.561e+00          -6.152e+00              50.204          -9.691e+00               0.048           7.636e+00     
  61.000          90.000           -4.687e+00          -6.292e+00              49.081          -9.790e+00             357.812           7.417e+00     
  62.000          90.000           -4.810e+00          -6.441e+00              47.830          -9.853e+00             355.559           7.195e+00     
  63.000          90.000           -4.927e+00          -6.599e+00              46.447          -9.880e+00             353.323           6.977e+00     
  64.000          90.000           -5.037e+00          -6.765e+00              44.931          -9.875e+00             351.137           6.771e+00     
  65.000          90.000           -5.139e+00          -6.937e+00              43.279          -9.838e+00             349.029           6.587e+00     
  66.000          90.000           -5.232e+00          -7.112e+00              41.488          -9.774e+00             347.022           6.432e+00     
  67.000          90.000           -5.314e+00          -7.289e+00              39.558          -9.685e+00             345.134           6.319e+00     
  68.000          90.000           -5.384e+00          -7.466e+00              37.489          -9.577e+00             343.377           6.258e+00     
  69.000          90.000           -5.443e+00          -7.641e+00              35.283          -9.452e+00             341.759           6.256e+00     
  70.000          90.000           -5.488e+00          -7.810e+00              32.942          -9.316e+00             340.282           6.321e+00     
  71.000          90.000           -5.520e+00          -7.972e+00              30.473          -9.170e+00             338.944           6.459e+00     
  72.000          90.000           -5.538e+00          -8.123e+00              27.881          -9.019e+00             337.740           6.670e+00     
  73.000          90.000           -5.543e+00          -8.262e+00              25.178          -8.865e+00             336.664           6.955e+00     
  74.000          90.000           -5.535e+00          -8.385e+00              22.376          -8.711e+00             335.707           7.312e+00     
  75.000          90.000           -5.515e+00          -8.492e+00              19.491          -8.559e+00             334.861           7.735e+00     
  76.000          90.000           -5.483e+00          -8.579e+00              16.538          -8.410e+00             334.114           8.223e+00     
  77.000          90.000           -5.441e+00          -8.645e+00              13.538          -8.266e+00             333.459           8.771e+00     
  78.000          90.000           -5.390e+00          -8.689e+00              10.510          -8.129e+00             332.885           9.376e+00     
  79.000          90.000           -5.330e+00          -8.712e+00               7.478          -7.998e+00             332.381           1.004e+01     
  80.000          90.000           -5.263e+00          -8.712e+00               4.460          -7.876e+00             331.941           1.075e+01     
  81.000          90.000           -5.191e+00          -8.690e+00               1.478          -7.761e+00             331.554           1.152e+01     
  82.000          90.000           -5.114e+00          -8.648e+00             358.549          -7.657e+00             331.215           1.235e+01     
  83.000          90.000           -5.033e+00          -8.586e+00             355.691          -7.561e+00             330.914           1.323e+01     
  84.000          90.000           -4.950e+00          -8.507e+00             352.918          -7.475e+00             330.646           1.418e+01     
  85.000          90.000           -4.866e+00          -8.412e+00             350.241          -7.400e+00             330.405           1.521e+01     
  86.000          90.000           -4.781e+00          -8.302e+00             347.669          -7.334e+00             330.184           1.632e+01     
  87.000          90.000           -4.697e+00          -8.181e+00             345.209          -7.280e+00             329.979           1.753e+01     
  88.000          90.000           -4.613e+00          -8.050e+00             342.865          -7.235e+00             329.786           1.885e+01     
  89.000          90.000           -4.531e+00          -7.910e+00             340.639          -7.202e+00             329.599           2.033e+01     
  90.000          90.000           -4.452e+00          -7.765e+00             338.531          -7.179e+00             329.416           2.199e+01     
  91.000          90.000           -4.375e+00          -7.614e+00             336.541          -7.167e+00             329.233           2.391e+01     
  92.000          90.000           -4.301e+00          -7.460e+00             334.666          -7.166e+00             329.047           2.619e+01     
  93.000          90.000           -4.230e+00          -7.305e+00             332.904          -7.177e+00             328.854           2.903e+01     
  94.000          90.000           -4.163e+00          -7.148e+00             331.250          -7.198e+00             328.654           3.289e+01     
  95.000          90.000           -4.100e+00          -6.992e+00             329.701          -7.231e+00             328.444           3.919e+01     
  96.000          90.000           -4.040e+00          -6.837e+00             328.253          -7.275e+00             328.221           4.000e+01     
  97.000          90.000           -3.985e+00          -6.684e+00             326.900          -7.331e+00             327.985           4.000e+01     
  98.000          90.000           -3.934e+00          -6.534e+00             325.639          -7.399e+00             327.735           3.480e+01     
  99.000          90.000           -3.888e+00          -6.387e+00             324.465          -7.478e+00             327.470           3.169e+01     
 100.000          90.000           -3.846e+00          -6.244e+00             323.373          -7.570e+00             327.188           2.965e+01     
 101.000          90.000           -3.808e+00          -6.105e+00             322.360          -7.674e+00             326.891           2.820e+01     
 102.000          90.000           -3.775e+00          -5.970e+00             321.421          -7.790e+00             326.578           2.712e+01     
 103.000          90.000           -3.747e+00          -5.842e+00             320.553          -7.920e+00             326.248           2.631e+01     
 104.000          90.000           -3.724e+00          -5.718e+00             319.751          -8.062e+00             325.905           2.571e+01     
 105.000          90.000           -3.705e+00          -5.601e+00             319.011          -8.219e+00             325.549           2.526e+01     
 106.000          90.000           -3.691e+00          -5.489e+00             318.331          -8.389e+00             325.181           2.494e+01     
 107.000          90.000           -3.683e+00          -5.385e+00             317.707          -8.573e+00             324.803           2.473e+01     
 108.000          90.000           -3.679e+00          -5.288e+00             317.136          -8.773e+00             324.420           2.461e+01     
 109.000          90.000           -3.682e+00          -5.198e+00             316.614          -8.988e+00             324.033           2.457e+01     
 110.000          90.000           -3.690e+00          -5.116e+00             316.138          -9.219e+00             323.648           2.460e+01     
 111.000          90.000           -3.704e+00          -5.042e+00             315.706          -9.467e+00             323.271           2.468e+01     
 112.000          90.000           -3.724e+00          -4.978e+00             315.314          -9.733e+00             322.906           2.481e+01     
 113.000          90.000           -3.752e+00          -4.922e+00             314.960          -1.002e+01             322.562           2.498e+01     
 114.000          90.000           -3.786e+00          -4.877e+00             314.640          -1.032e+01             322.247           2.516e+01     
 115.000          90.000           -3.829e+00          -4.842e+00             314.351          -1.064e+01             321.974           2.535e+01     
 116.000          90.000           -3.880e+00          -4.819e+00             314.091          -1.099e+01             321.755           2.553e+01     
 117.000          90.000           -3.939e+00          -4.807e+00             313.857          -1.136e+01             321.605           2.567e+01     
 118.000          90.000           -4.009e+00          -4.809e+00             313.645          -1.175e+01             321.543           2.576e+01     
 119.000          90.000           -4.089e+00          -4.823e+00             313.452          -1.217e+01             321.594           2.577e+01     
 120.000          90.000           -4.181e+00          -4.853e+00             313.275          -1.262e+01             321.784           2.568e+01     
 121.000          90.000           -4.284e+00          -4.897e+00             313.111          -1.309e+01             322.149           2.547e+01     
 122.000          90.000           -4.401e+00          -4.958e+00             312.954          -1.360e+01             322.729           2.513e+01     
 123.000          90.000           -4.533e+00          -5.037e+00             312.802          -1.413e+01             323.577           2.464e+01     
 124.000          90.000           -4.679e+00          -5.135e+00             312.650          -1.469e+01             324.755           2.400e+01     
 125.000          90.000           -4.843e+00          -5.254e+00             312.492          -1.529e+01             326.341           2.323e+01     
 126.000          90.000           -5.024e+00          -5.394e+00             312.324          -1.590e+01             328.426           2.234e+01     
 127.000          90.000           -5.224e+00          -5.558e+00             312.138          -1.653e+01             331.116           2.134e+01     
 128.000          90.000           -5.445e+00          -5.748e+00             311.927          -1.716e+01             334.526           2.025e+01     
 129.000          90.000           -5.688e+00          -5.966e+00             311.683          -1.777e+01             338.760           1.909e+01     
 130.000          90.000           -5.954e+00          -6.214e+00             311.395          -1.831e+01             343.901           1.787e+01     
 131.000          90.000           -6.244e+00          -6.495e+00             311.051          -1.876e+01             349.935           1.662e+01     
 132.000          90.000           -6.560e+00          -6.812e+00             310.636          -1.905e+01             356.720           1.534e+01     
 133.000          90.000           -6.902e+00          -7.169e+00             310.132          -1.914e+01               3.954           1.403e+01     
 134.000          90.000           -7.270e+00          -7.569e+00             309.514          -1.903e+01              11.216           1.271e+01     
 135.000          90.000           -7.663e+00          -8.018e+00             308.754          -1.871e+01              18.072           1.137e+01     
 136.000          90.000           -8.080e+00          -8.520e+00             307.812          -1.824e+01              24.190           1.002e+01     
 137.000          90.000           -8.517e+00          -9.082e+00             306.637          -1.765e+01              29.396           8.662e+00     
 138.000          90.000           -8.967e+00          -9.709e+00             305.162          -1.700e+01              33.657           7.298e+00     
 139.000          90.000           -9.420e+00          -1.041e+01             303.292          -1.633e+01              37.034           5.949e+00     
 140.000          90.000           -9.862e+00          -1.119e+01             300.898          -1.565e+01              39.630           4.674e+00     
 141.000          90.000           -1.027e+01          -1.206e+01             297.798          -1.500e+01              41.557           3.642e+00     
 142.000          90.000           -1.063e+01          -1.301e+01             293.737          -1.437e+01              42.921           3.275e+00     
 143.000          90.000           -1.089e+01          -1.403e+01             288.360          -1.378e+01              43.815           4.001e+00     
 144.000          90.000           -1.105e+01          -1.509e+01             281.210          -1.323e+01              44.314           5.676e+00     
 145.000          90.000           -1.107e+01          -1.609e+01             271.803          -1.272e+01              44.482           8.073e+00     
 146.000          90.000           -1.096e+01          -1.687e+01             259.913          -1.225e+01              44.367           1.128e+01     
 147.000          90.000           -1.071e+01          -1.721e+01             246.113          -1.182e+01              44.008           1.587e+01     
 148.000          90.000           -1.036e+01          -1.699e+01             232.005          -1.143e+01              43.437           2.420e+01     
 149.000          90.000           -9.930e+00          -1.628e+01             219.407          -1.107e+01              42.677           3.237e+01     
 150.000          90.000           -9.448e+00          -1.528e+01             209.264          -1.076e+01              41.745           2.037e+01     
 151.000          90.000           -8.942e+00          -1.418e+01             201.561          -1.049e+01              40.656           1.628e+01     
 152.000          90.000           -8.432e+00          -1.308e+01             195.859          -1.025e+01              39.416           1.411e+01     
 153.000          90.000           -7.933e+00          -1.206e+01             191.675          -1.006e+01              38.031           1.287e+01     
 154.000          90.000           -7.457e+00          -1.112e+01             188.621          -9.897e+00              36.503           1.220e+01     
 155.000          90.000           -7.010e+00          -1.028e+01             186.412          -9.775e+00              34.828           1.195e+01     
 156.000          90.000           -6.597e+00          -9.526e+00             184.846          -9.690e+00              33.001           1.202e+01     
 157.000          90.000           -6.221e+00          -8.855e+00             183.784          -9.643e+00              31.014           1.236e+01     
 158.000          90.000           -5.883e+00          -8.261e+00             183.124          -9.634e+00              28.855           1.295e+01     
 159.000          90.000           -5.584e+00          -7.738e+00             182.796          -9.662e+00              26.505           1.379e+01     
 160.000          90.000           -5.324e+00          -7.281e+00             182.749          -9.726e+00              23.945           1.492e+01     
 161.000          90.000           -5.101e+00          -6.885e+00             182.946          -9.827e+00              21.148           1.642e+01     
 162.000          90.000           -4.917e+00          -6.546e+00             183.364          -9.963e+00              18.083           1.845e+01     
 163.000          90.000           -4.768e+00          -6.261e+00             183.984          -1.013e+01              14.714           2.139e+01     
 164.000          90.000           -4.655e+00          -6.025e+00             184.797          -1.033e+01              10.999           2.636e+01     
 165.000          90.000           -4.574e+00          -5.838e+00             185.797          -1.055e+01               6.889           4.000e+01     
 166.000          90.000           -4.525e+00          -5.695e+00             186.981          -1.079e+01               2.336           2.926e+01     
 167.000          90.000           -4.504e+00          -5.594e+00             188.353          -1.104e+01             357.289           2.191e+01     
 168.000          90.000           -4.508e+00          -5.533e+00             189.917          -1.128e+01             351.707           1.776e+01     
 169.000          90.000           -4.534e+00          -5.510e+00             191.680          -1.150e+01             345.568           1.478e+01     
 170.000          90.000           -4.577e+00          -5.521e+00             193.653          -1.167e+01             338.882           1.243e+01     
 171.000          90.000           -4.630e+00          -5.563e+00             195.846          -1.177e+01             331.706           1.047e+01     
 172.000          90.000           -4.689e+00          -5.633e+00             198.271          -1.178e+01             324.155           8.782e+00     
 173.000          90.000           -4.745e+00          -5.727e+00             200.940          -1.168e+01             316.395           7.335e+00     
 174.000          90.000           -4.791e+00          -5.840e+00             203.864          -1.148e+01             308.628           6.132e+00     
 175.000          90.000           -4.819e+00          -5.965e+00             207.050          -1.116e+01             301.054           5.238e+00     
 176.000          90.000           -4.821e+00          -6.098e+00             210.501          -1.076e+01             293.844           4.780e+00     
 177.000          90.000           -4.790e+00          -6.230e+00             214.213          -1.028e+01             287.113           4.883e+00     
 178.000          90.000           -4.721e+00          -6.355e+00             218.172          -9.759e+00             280.922           5.565e+00     
 179.000          90.000           -4.612e+00          -6.464e+00             222.353          -9.208e+00             275.282           6.739e+00     
 180.000          90.000           -4.463e+00          -6.550e+00             226.717          -8.648e+00             270.170           8.333e+00     
 179.000         270.000           -4.277e+00          -6.608e+00              51.216          -8.091e+00              85.546           1.036e+01     
 178.000         270.000           -4.057e+00          -6.634e+00              55.786          -7.550e+00              81.359           1.294e+01     
 177.000         270.000           -3.812e+00          -6.625e+00              60.362          -7.030e+00              77.557           1.642e+01     
 176.000         270.000           -3.548e+00          -6.581e+00              64.873          -6.536e+00              74.092           2.187e+01     
 175.000         270.000           -3.273e+00          -6.507e+00              69.255          -6.071e+00              70.918           3.678e+01     
 174.000         270.000           -2.995e+00          -6.407e+00              73.450          -5.637e+00              67.996           2.648e+01     
 173.000         270.000           -2.720e+00          -6.288e+00              77.411          -5.235e+00              65.291           1.955e+01     
 172.000         270.000           -2.453e+00          -6.157e+00              81.106          -4.865e+00              62.773           1.594e+01     
 171.000         270.000           -2.200e+00          -6.022e+00              84.513          -4.527e+00              60.419           1.356e+01     
 170.000         270.000           -1.965e+00          -5.890e+00              87.620          -4.220e+00              58.206           1.180e+01     
 169.000         270.000           -1.750e+00          -5.767e+00              90.424          -3.944e+00              56.115           1.044e+01     
 168.000         270.000           -1.559e+00          -5.661e+00              92.925          -3.697e+00              54.130           9.347e+00     
 167.000         270.000           -1.392e+00          -5.575e+00              95.131          -3.480e+00              52.239           8.454e+00     
 166.000         270.000           -1.252e+00          -5.515e+00              97.047          -3.291e+00              50.428           7.716e+00     
 165.000         270.000           -1.139e+00          -5.483e+00              98.681          -3.130e+00              48.689           7.107e+00     
 164.000         270.000           -1.053e+00          -5.484e+00             100.037          -2.995e+00              47.012           6.606e+00     
 163.000         270.000           -9.957e-01          -5.518e+00             101.117          -2.887e+00              45.389           6.203e+00     
 162.000         270.000           -9.662e-01          -5.589e+00             101.922          -2.804e+00              43.814           5.890e+00     
 161.000         270.000           -9.646e-01          -5.697e+00             102.447          -2.745e+00              42.279           5.660e+00     
 160.000         270.000           -9.904e-01          -5.844e+00             102.683          -2.711e+00              40.780           5.511e+00     
 159.000         270.000           -1.043e+00          -6.030e+00             102.616          -2.700e+00              39.311           5.439e+00     
 158.000         270.000           -1.122e+00          -6.255e+00             102.226          -2.712e+00              37.868           5.443e+00     
 157.000         270.000           -1.225e+00          -6.519e+00             101.486          -2.746e+00              36.447           5.519e+00     
 156.000         270.000           -1.352e+00          -6.820e+00             100.364          -2.802e+00              35.043           5.666e+00     
 155.000         270.000           -1.501e+00          -7.155e+00              98.819          -2.880e+00              33.652           5.881e+00     
 154.000         270.000           -1.670e+00          -7.518e+00              96.803          -2.978e+00              32.270           6.163e+00     
 153.000         270.000           -1.856e+00          -7.903e+00              94.265          -3.097e+00              30.895           6.511e+00     
 152.000         270.000           -2.057e+00          -8.298e+00              91.151          -3.235e+00              29.522           6.925e+00     
 151.000         270.000           -2.269e+00          -8.687e+00              87.418          -3.394e+00              28.147           7.407e+00     
 150.000         270.000           -2.489e+00          -9.052e+00              83.038          -3.572e+00              26.767           7.957e+00     
 149.000         270.000           -2.712e+00          -9.367e+00              78.026          -3.769e+00              25.378           8.576e+00     
 148.000         270.000           -2.933e+00          -9.606e+00              72.447          -3.985e+00              23.976           9.268e+00     
 147.000         270.000           -3.147e+00          -9.745e+00              66.437          -4.219e+00              22.556           1.003e+01     
 146.000         270.000           -3.348e+00          -9.767e+00              60.193          -4.472e+00              21.113           1.087e+01     
 145.000         270.000           -3.531e+00          -9.666e+00              53.947          -4.743e+00              19.643           1.177e+01     
 144.000         270.000           -3.691e+00          -9.449e+00              47.930          -5.031e+00              18.140           1.272e+01     
 143.000         270.000           -3.824e+00          -9.136e+00              42.324          -5.337e+00              16.597           1.371e+01     
 142.000         270.000           -3.926e+00          -8.750e+00              37.248          -5.661e+00              15.009           1.471e+01     
 141.000         270.000           -3.997e+00          -8.317e+00              32.757          -6.002e+00              13.366           1.567e+01     
 140.000         270.000           -4.035e+00          -7.859e+00              28.849          -6.360e+00              11.662           1.655e+01     
 139.000         270.000           -4.042e+00          -7.396e+00              25.492          -6.735e+00               9.886           1.729e+01     
 138.000         270.000           -4.021e+00          -6.940e+00              22.635          -7.125e+00               8.028           1.785e+01     
 137.000         270.000           -3.976e+00          -6.501e+00              20.220          -7.532e+00               6.076           1.819e+01     
 136.000         270.000           -3.910e+00          -6.086e+00              18.191          -7.954e+00               4.017           1.831e+01     
 135.000         270.000           -3.829e+00          -5.698e+00              16.495          -8.391e+00               1.835           1.824e+01     
 134.000         270.000           -3.737e+00          -5.341e+00              15.087          -8.840e+00             359.515           1.799e+01     
 133.000         270.000           -3.639e+00          -5.015e+00              13.927          -9.302e+00             357.039           1.763e+01     
 132.000         270.000           -3.539e+00          -4.719e+00              12.981          -9.774e+00             354.385           1.718e+01     
 131.000         270.000           -3.441e+00          -4.455e+00              12.222          -1.025e+01             351.534           1.668e+01     
 130.000         270.000           -3.347e+00          -4.222e+00              11.624          -1.074e+01             348.463           1.616e+01     
 129.000         270.000           -3.261e+00          -4.017e+00              11.167          -1.122e+01             345.151           1.564e+01     
 128.000         270.000           -3.184e+00          -3.842e+00              10.836          -1.170e+01             341.575           1.513e+01     
 127.000         270.000           -3.118e+00          -3.695e+00              10.616          -1.217e+01             337.721           1.464e+01     
 126.000         270.000           -3.064e+00          -3.574e+00              10.494          -1.262e+01             333.577           1.416e+01     
 125.000         270.000           -3.023e+00          -3.479e+00              10.461          -1.304e+01             329.142           1.371e+01     
 124.000         270.000           -2.996e+00          -3.408e+00              10.510          -1.342e+01             324.428           1.329e+01     
 123.000         270.000           -2.982e+00          -3.362e+00              10.633          -1.376e+01             319.465           1.289e+01     
 122.000         270.000           -2.984e+00          -3.339e+00              10.824          -1.403e+01             314.300           1.251e+01     
 121.000         270.000           -2.999e+00          -3.338e+00              11.079          -1.425e+01             308.999           1.215e+01     
 120.000         270.000           -3.029e+00          -3.358e+00              11.394          -1.439e+01             303.643           1.181e+01     
 119.000         270.000           -3.072e+00          -3.399e+00              11.767          -1.447e+01             298.320           1.149e+01     
 118.000         270.000           -3.129e+00          -3.460e+00              12.195          -1.447e+01             293.116           1.119e+01     
 117.000         270.000           -3.199e+00          -3.541e+00              12.677          -1.441e+01             288.111           1.091e+01     
 116.000         270.000           -3.282e+00          -3.641e+00              13.212          -1.429e+01             283.368           1.065e+01     
 115.000         270.000           -3.377e+00          -3.759e+00              13.799          -1.412e+01             278.930           1.040e+01     
 114.000         270.000           -3.483e+00          -3.895e+00              14.440          -1.392e+01             274.826           1.018e+01     
 113.000         270.000           -3.601e+00          -4.048e+00              15.134          -1.369e+01             271.064           9.969e+00     
 112.000         270.000           -3.728e+00          -4.219e+00              15.884          -1.344e+01             267.643           9.783e+00     
 111.000         270.000           -3.864e+00          -4.406e+00              16.691          -1.318e+01             264.551           9.619e+00     
 110.000         270.000           -4.009e+00          -4.609e+00              17.559          -1.291e+01             261.771           9.479e+00     
 109.000         270.000           -4.162e+00          -4.828e+00              18.490          -1.263e+01             259.283           9.367e+00     
 108.000         270.000           -4.320e+00          -5.062e+00              19.489          -1.236e+01             257.066           9.286e+00     
 107.000         270.000           -4.485e+00          -5.312e+00              20.561          -1.209e+01             255.098           9.239e+00     
 106.000         270.000           -4.653e+00          -5.576e+00              21.712          -1.183e+01             253.359           9.232e+00     
 105.000         270.000           -4.824e+00          -5.855e+00              22.948          -1.157e+01             251.831           9.268e+00     
 104.000         270.000           -4.996e+00          -6.148e+00              24.277          -1.132e+01             250.496           9.355e+00     
 103.000         270.000           -5.168e+00          -6.453e+00              25.708          -1.108e+01             249.341           9.498e+00     
 102.000         270.000           -5.338e+00          -6.772e+00              27.251          -1.085e+01             248.349           9.706e+00     
 101.000         270.000           -5.505e+00          -7.101e+00              28.917          -1.062e+01             247.510           9.985e+00     
 100.000         270.000           -5.666e+00          -7.442e+00              30.719          -1.041e+01             246.814           1.035e+01     
  99.000         270.000           -5.820e+00          -7.791e+00              32.670          -1.020e+01             246.251           1.080e+01     
  98.000         270.000           -5.964e+00          -8.148e+00              34.786          -9.996e+00             245.811           1.136e+01     
  97.000         270.000           -6.097e+00          -8.510e+00              37.081          -9.800e+00             245.489           1.204e+01     
  96.000         270.000           -6.217e+00          -8.874e+00              39.573          -9.610e+00             245.277           1.287e+01     
  95.000         270.000           -6.320e+00          -9.238e+00              42.277          -9.426e+00             245.168           1.388e+01     
  94.000         270.000           -6.407e+00          -9.596e+00              45.208          -9.245e+00             245.159           1.510e+01     
  93.000         270.000           -6.474e+00          -9.943e+00              48.376          -9.069e+00             245.243           1.663e+01     
  92.000         270.000           -6.521e+00          -1.027e+01              51.790          -8.896e+00             245.415           1.857e+01     
  91.000         270.000           -6.545e+00          -1.058e+01              55.450          -8.725e+00             245.672           2.117e+01     
  90.000         270.000           -6.547e+00          -1.086e+01              59.347          -8.557e+00             246.008           2.501e+01     
  89.000         270.000           -6.526e+00          -1.110e+01              63.462          -8.389e+00             246.419           3.218e+01     
  88.000         270.000           -6.482e+00          -1.130e+01              67.761          -8.221e+00             246.902           4.000e+01     
  87.000         270.000           -6.414e+00          -1.144e+01              72.198          -8.054e+00             247.452           2.830e+01     
  86.000         270.000           -6.324e+00          -1.153e+01              76.718          -7.885e+00             248.064           2.317e+01     
  85.000         270.000           -6.213e+00          -1.155e+01              81.255          -7.715e+00             248.735           2.004e+01     
  84.000         270.000           -6.081e+00          -1.152e+01              85.741          -7.543e+00             249.459           1.780e+01     
  83.000         270.000           -5.931e+00          -1.143e+01              90.112          -7.368e+00             250.232           1.610e+01     
  82.000         270.000           -5.764e+00          -1.129e+01              94.311          -7.190e+00             251.049           1.474e+01     
  81.000         270.000           -5.582e+00          -1.111e+01              98.291          -7.009e+00             251.906           1.363e+01     
  80.000         270.000           -5.386e+00          -1.089e+01             102.021          -6.824e+00             252.797           1.271e+01     
  79.000         270.000           -5.178e+00          -1.063e+01             105.480          -6.635e+00             253.719           1.195e+01     
  78.000         270.000           -4.961e+00          -1.035e+01             108.659          -6.441e+00             254.665           1.130e+01     
  77.000         270.000           -4.735e+00          -1.006e+01             111.560          -6.243e+00             255.633           1.077e+01     
  76.000         270.000           -4.502e+00          -9.756e+00             114.190          -6.041e+00             256.615           1.032e+01     
  75.000         270.000           -4.265e+00          -9.446e+00             116.562          -5.834e+00             257.609           9.944e+00     
  74.000         270.000           -4.023e+00          -9.135e+00             118.691          -5.623e+00             258.609           9.640e+00     
  73.000         270.000           -3.779e+00          -8.826e+00             120.595          -5.408e+00             259.613           9.396e+00     
  72.000         270.000           -3.533e+00          -8.522e+00             122.290          -5.188e+00             260.616           9.205e+00     
  71.000         270.000           -3.286e+00          -8.226e+00             123.794          -4.965e+00             261.615           9.062e+00     
  70.000         270.000           -3.040e+00          -7.939e+00             125.122          -4.739e+00             262.606           8.962e+00     
  69.000         270.000           -2.796e+00          -7.663e+00             126.291          -4.509e+00             263.587           8.901e+00     
  68.000         270.000           -2.553e+00          -7.398e+00             127.313          -4.277e+00             264.556           8.876e+00     
  67.000         270.000           -2.313e+00          -7.147e+00             128.203          -4.043e+00             265.511           8.882e+00     
  66.000         270.000           -2.076e+00          -6.909e+00             128.970          -3.806e+00             266.449           8.918e+00     
  65.000         270.000           -1.843e+00          -6.686e+00             129.627          -3.569e+00             267.370           8.981e+00     
  64.000         270.000           -1.614e+00          -6.478e+00             130.182          -3.330e+00             268.273           9.070e+00     
  63.000         270.000           -1.390e+00          -6.285e+00             130.643          -3.091e+00             269.158           9.182e+00     
  62.000         270.000           -1.172e+00          -6.108e+00             131.018          -2.852e+00             270.023           9.318e+00     
  61.000         270.000           -9.582e-01          -5.949e+00             131.314          -2.613e+00             270.869           9.476e+00     
  60.000         270.000           -7.506e-01          -5.806e+00             131.536          -2.376e+00             271.696           9.656e+00     
  59.000         270.000           -5.490e-01          -5.682e+00             131.689          -2.140e+00             272.505           9.858e+00     
  58.000         270.000           -3.537e-01          -5.576e+00             131.778          -1.906e+00             273.296           1.008e+01     
  57.000         270.000           -1.648e-01          -5.489e+00             131.807          -1.674e+00             274.070           1.033e+01     
  56.000         270.000            1.738e-02          -5.423e+00             131.778          -1.444e+00             274.828           1.060e+01     
  55.000         270.000            1.928e-01          -5.377e+00             131.695          -1.218e+00             275.571           1.089e+01     
  54.000         270.000            3.613e-01          -5.353e+00             131.558          -9.952e-01             276.300           1.121e+01     
  53.000         270.000            5.229e-01          -5.352e+00             131.369          -7.764e-01             277.017           1.156e+01     
  52.000         270.000            6.773e-01          -5.374e+00             131.129          -5.617e-01             277.722           1.194e+01     
  51.000         270.000            8.248e-01          -5.422e+00             130.837          -3.517e-01             278.418           1.235e+01     
  50.000         270.000            9.651e-01          -5.497e+00             130.493          -1.465e-01             279.105           1.280e+01     
  49.000         270.000            1.098e+00          -5.600e+00             130.095           5.328e-02             279.785           1.329e+01     
  48.000         270.000            1.225e+00          -5.734e+00             129.639           2.475e-01             280.460           1.382e+01     
  47.000         270.000            1.344e+00          -5.899e+00             129.121           4.358e-01             281.130           1.441e+01     
  46.000         270.000            1.456e+00          -6.100e+00             128.536           6.178e-01             281.797           1.506e+01     
  45.000         270.000            1.562e+00          -6.337e+00             127.876           7.933e-01             282.463           1.579e+01     
  44.000         270.000            1.661e+00          -6.615e+00             127.132           9.619e-01             283.127           1.660e+01     
  43.000         270.000            1.754e+00          -6.938e+00             126.289           1.123e+00             283.793           1.751e+01     
  42.000         270.000            1.841e+00          -7.309e+00             125.330           1.277e+00             284.460           1.856e+01     
  41.000         270.000            1.921e+00          -7.733e+00             124.233           1.423e+00             285.129           1.976e+01     
  40.000         270.000            1.996e+00          -8.216e+00             122.966           1.561e+00             285.803           2.118e+01     
  39.000         270.000            2.065e+00          -8.766e+00             121.488           1.691e+00             286.480           2.290e+01     
  38.000         270.000            2.129e+00          -9.391e+00             119.741           1.811e+00             287.163           2.505e+01     
  37.000         270.000            2.187e+00          -1.010e+01             117.645           1.923e+00             287.852           2.793e+01     
  36.000         270.000            2.241e+00          -1.091e+01             115.083           2.025e+00             288.548           3.223e+01     
  35.000         270.000            2.289e+00          -1.182e+01             111.888           2.117e+00             289.249           4.000e+01     
  34.000         270.000            2.333e+00          -1.285e+01             107.801           2.200e+00             289.959           4.000e+01     
  33.000         270.000            2.372e+00          -1.402e+01             102.436           2.271e+00             290.676           3.336e+01     
  32.000         270.000            2.406e+00          -1.529e+01              95.204           2.332e+00             291.401           2.885e+01     
  31.000         270.000            2.435e+00          -1.662e+01              85.283           2.381e+00             292.133           2.599e+01     
  30.000         270.000            2.459e+00          -1.781e+01              71.810           2.418e+00             292.874           2.392e+01     
  29.000         270.000            2.478e+00          -1.853e+01              54.766           2.443e+00             293.622           2.234e+01     
  28.000         270.000            2.491e+00          -1.843e+01              36.263           2.456e+00             294.378           2.108e+01     
  27.000         270.000            2.498e+00          -1.757e+01              19.667           2.455e+00             295.141           2.006e+01     
  26.000         270.000            2.498e+00          -1.629e+01               6.754           2.440e+00             295.911           1.923e+01     
  25.000         270.000            2.491e+00          -1.491e+01             357.294           2.412e+00             296.687           1.856e+01     
  24.000         270.000            2.476e+00          -1.360e+01             350.396           2.368e+00             297.468           1.801e+01     
  23.000         270.000            2.452e+00          -1.241e+01             345.269           2.308e+00             298.254           1.757e+01     
  22.000         270.000            2.419e+00          -1.135e+01             341.356           2.233e+00             299.042           1.723e+01     
  21.000         270.000            2.374e+00          -1.042e+01             338.292           2.140e+00             299.833           1.698e+01     
  20.000         270.000            2.318e+00          -9.597e+00             335.836           2.029e+00             300.626           1.681e+01     
  19.000         270.000            2.249e+00          -8.877e+00             333.826           1.900e+00             301.417           1.671e+01     
  18.000         270.000            2.165e+00          -8.247e+00             332.151           1.751e+00             302.207           1.668e+01     
  17.000         270.000            2.066e+00          -7.700e+00             330.732           1.582e+00             302.991           1.671e+01     
  16.000         270.000            1.950e+00          -7.227e+00             329.514           1.391e+00             303.769           1.680e+01     
  15.000         270.000            1.815e+00          -6.823e+00             328.454           1.176e+00             304.538           1.695e+01     
  14.000         270.000            1.660e+00          -6.484e+00             327.520           9.375e-01             305.294           1.715e+01     
  13.000         270.000            1.484e+00          -6.204e+00             326.688           6.728e-01             306.034           1.739e+01     
  12.000         270.000            1.283e+00          -5.982e+00             325.937           3.803e-01             306.752           1.769e+01     
  11.000         270.000            1.057e+00          -5.814e+00             325.252           5.816e-02             307.444           1.803e+01     
  10.000         270.000            8.040e-01          -5.699e+00             324.619          -2.959e-01             308.105           1.840e+01     
   9.000         270.000            5.207e-01          -5.636e+00             324.025          -6.844e-01             308.726           1.882e+01     
   8.000         270.000            2.053e-01          -5.623e+00             323.461          -1.110e+00             309.298           1.927e+01     
   7.000         270.000           -1.450e-01          -5.660e+00             322.915          -1.577e+00             309.810           1.974e+01     
   6.000         270.000           -5.331e-01          -5.747e+00             322.377          -2.088e+00             310.247           2.024e+01     
   5.000         270.000           -9.621e-01          -5.884e+00             321.837          -2.649e+00             310.591           2.074e+01     
   4.000         270.000           -1.436e+00          -6.072e+00             321.282          -3.266e+00             310.818           2.122e+01     
   3.000         270.000           -1.958e+00          -6.312e+00             320.700          -3.944e+00             310.895           2.166e+01     
   2.000         270.000           -2.533e+00          -6.604e+00             320.076          -4.692e+00             310.780           2.201e+01     
   1.000         270.000           -3.167e+00          -6.951e+00             319.392          -5.520e+00             310.413           2.222e+01     
