Theta [deg.]  Phi   [deg.]  Abs(Grlz)[dBi   ]   Abs(Theta)[dBi   ]  Phase(Theta)[deg.]  Abs(Phi  )[dBi   ]  Phase(Phi  )[deg.]  Ax.Ratio[dB    ]    
------------------------------------------------------------------------------------------------------------------------------------------------------
   0.000          90.000            2.822e+00          -1.552e+01              22.501           2.758e+00             304.991           1.850e+01     
   1.000          90.000            2.843e+00          -1.514e+01              24.128           2.773e+00             304.878           1.808e+01     
   2.000          90.000            2.862e+00          -1.477e+01              25.603           2.787e+00             304.747           1.768e+01     
   3.000          90.000            2.881e+00          -1.442e+01              26.940           2.799e+00             304.597           1.730e+01     
   4.000          90.000            2.898e+00          -1.407e+01              28.154           2.810e+00             304.429           1.693e+01     
   5.000          90.000            2.914e+00          -1.373e+01              29.259           2.819e+00             304.244           1.659e+01     
   6.000          90.000            2.928e+00          -1.341e+01              30.265           2.826e+00             304.041           1.625e+01     
   7.000          90.000            2.942e+00          -1.309e+01              31.182           2.832e+00             303.820           1.594e+01     
   8.000          90.000            2.954e+00          -1.279e+01              32.020           2.836e+00             303.583           1.563e+01     
   9.000          90.000            2.964e+00          -1.250e+01              32.786           2.839e+00             303.329           1.534e+01     
  10.000          90.000            2.973e+00          -1.222e+01              33.487           2.840e+00             303.058           1.506e+01     
  11.000          90.000            2.981e+00          -1.195e+01              34.130           2.839e+00             302.770           1.480e+01     
  12.000          90.000            2.987e+00          -1.169e+01              34.719           2.837e+00             302.466           1.454e+01     
  13.000          90.000            2.991e+00          -1.145e+01              35.261           2.832e+00             302.146           1.429e+01     
  14.000          90.000            2.994e+00          -1.121e+01              35.758           2.826e+00             301.810           1.406e+01     
  15.000          90.000            2.995e+00          -1.098e+01              36.216           2.818e+00             301.458           1.383e+01     
  16.000          90.000            2.994e+00          -1.076e+01              36.637           2.807e+00             301.091           1.361e+01     
  17.000          90.000            2.992e+00          -1.055e+01              37.024           2.795e+00             300.707           1.340e+01     
  18.000          90.000            2.988e+00          -1.034e+01              37.382           2.781e+00             300.307           1.320e+01     
  19.000          90.000            2.981e+00          -1.015e+01              37.711           2.765e+00             299.892           1.301e+01     
  20.000          90.000            2.973e+00          -9.966e+00              38.015           2.747e+00             299.461           1.282e+01     
  21.000          90.000            2.963e+00          -9.789e+00              38.295           2.726e+00             299.014           1.264e+01     
  22.000          90.000            2.951e+00          -9.621e+00              38.554           2.704e+00             298.551           1.247e+01     
  23.000          90.000            2.937e+00          -9.460e+00              38.793           2.679e+00             298.072           1.231e+01     
  24.000          90.000            2.920e+00          -9.307e+00              39.013           2.652e+00             297.577           1.216e+01     
  25.000          90.000            2.902e+00          -9.162e+00              39.216           2.623e+00             297.067           1.201e+01     
  26.000          90.000            2.881e+00          -9.025e+00              39.404           2.591e+00             296.539           1.187e+01     
  27.000          90.000            2.858e+00          -8.896e+00              39.577           2.558e+00             295.996           1.174e+01     
  28.000          90.000            2.832e+00          -8.773e+00              39.737           2.521e+00             295.436           1.161e+01     
  29.000          90.000            2.805e+00          -8.659e+00              39.884           2.483e+00             294.860           1.149e+01     
  30.000          90.000            2.775e+00          -8.551e+00              40.020           2.442e+00             294.266           1.138e+01     
  31.000          90.000            2.742e+00          -8.451e+00              40.145           2.399e+00             293.656           1.128e+01     
  32.000          90.000            2.707e+00          -8.359e+00              40.261           2.354e+00             293.028           1.118e+01     
  33.000          90.000            2.670e+00          -8.274e+00              40.367           2.306e+00             292.383           1.109e+01     
  34.000          90.000            2.631e+00          -8.196e+00              40.464           2.256e+00             291.720           1.101e+01     
  35.000          90.000            2.588e+00          -8.125e+00              40.554           2.203e+00             291.040           1.094e+01     
  36.000          90.000            2.544e+00          -8.062e+00              40.636           2.149e+00             290.341           1.088e+01     
  37.000          90.000            2.497e+00          -8.006e+00              40.711           2.092e+00             289.624           1.082e+01     
  38.000          90.000            2.447e+00          -7.958e+00              40.781           2.033e+00             288.888           1.077e+01     
  39.000          90.000            2.395e+00          -7.917e+00              40.844           1.971e+00             288.134           1.073e+01     
  40.000          90.000            2.341e+00          -7.884e+00              40.901           1.908e+00             287.361           1.070e+01     
  41.000          90.000            2.285e+00          -7.859e+00              40.954           1.843e+00             286.569           1.068e+01     
  42.000          90.000            2.226e+00          -7.841e+00              41.002           1.775e+00             285.758           1.068e+01     
  43.000          90.000            2.164e+00          -7.831e+00              41.045           1.706e+00             284.927           1.068e+01     
  44.000          90.000            2.101e+00          -7.829e+00              41.085           1.636e+00             284.077           1.069e+01     
  45.000          90.000            2.035e+00          -7.836e+00              41.121           1.563e+00             283.208           1.071e+01     
  46.000          90.000            1.968e+00          -7.851e+00              41.153           1.490e+00             282.320           1.074e+01     
  47.000          90.000            1.898e+00          -7.874e+00              41.182           1.415e+00             281.412           1.079e+01     
  48.000          90.000            1.827e+00          -7.906e+00              41.208           1.338e+00             280.486           1.085e+01     
  49.000          90.000            1.753e+00          -7.947e+00              41.231           1.261e+00             279.541           1.092e+01     
  50.000          90.000            1.679e+00          -7.997e+00              41.252           1.183e+00             278.578           1.100e+01     
  51.000          90.000            1.602e+00          -8.056e+00              41.270           1.105e+00             277.597           1.110e+01     
  52.000          90.000            1.524e+00          -8.126e+00              41.287           1.026e+00             276.599           1.122e+01     
  53.000          90.000            1.445e+00          -8.205e+00              41.301           9.473e-01             275.584           1.134e+01     
  54.000          90.000            1.365e+00          -8.294e+00              41.314           8.684e-01             274.554           1.149e+01     
  55.000          90.000            1.285e+00          -8.394e+00              41.325           7.898e-01             273.510           1.165e+01     
  56.000          90.000            1.203e+00          -8.505e+00              41.335           7.118e-01             272.452           1.182e+01     
  57.000          90.000            1.121e+00          -8.628e+00              41.343           6.346e-01             271.383           1.202e+01     
  58.000          90.000            1.039e+00          -8.762e+00              41.350           5.584e-01             270.303           1.223e+01     
  59.000          90.000            9.562e-01          -8.909e+00              41.357           4.834e-01             269.215           1.246e+01     
  60.000          90.000            8.739e-01          -9.069e+00              41.362           4.100e-01             268.120           1.271e+01     
  61.000          90.000            7.920e-01          -9.243e+00              41.367           3.383e-01             267.021           1.297e+01     
  62.000          90.000            7.106e-01          -9.431e+00              41.371           2.685e-01             265.919           1.326e+01     
  63.000          90.000            6.301e-01          -9.634e+00              41.374           2.009e-01             264.818           1.357e+01     
  64.000          90.000            5.506e-01          -9.853e+00              41.377           1.356e-01             263.719           1.390e+01     
  65.000          90.000            4.724e-01          -1.009e+01              41.380           7.289e-02             262.626           1.426e+01     
  66.000          90.000            3.957e-01          -1.034e+01              41.383           1.283e-02             261.541           1.464e+01     
  67.000          90.000            3.206e-01          -1.061e+01              41.385          -4.442e-02             260.468           1.504e+01     
  68.000          90.000            2.475e-01          -1.091e+01              41.388          -9.876e-02             259.409           1.547e+01     
  69.000          90.000            1.765e-01          -1.122e+01              41.390          -1.501e-01             258.368           1.592e+01     
  70.000          90.000            1.078e-01          -1.156e+01              41.393          -1.984e-01             257.348           1.641e+01     
  71.000          90.000            4.160e-02          -1.193e+01              41.397          -2.435e-01             256.352           1.692e+01     
  72.000          90.000           -2.195e-02          -1.232e+01              41.400          -2.856e-01             255.383           1.746e+01     
  73.000          90.000           -8.270e-02          -1.275e+01              41.405          -3.246e-01             254.445           1.804e+01     
  74.000          90.000           -1.405e-01          -1.320e+01              41.410          -3.605e-01             253.542           1.865e+01     
  75.000          90.000           -1.952e-01          -1.370e+01              41.416          -3.934e-01             252.675           1.930e+01     
  76.000          90.000           -2.468e-01          -1.424e+01              41.424          -4.235e-01             251.849           1.999e+01     
  77.000          90.000           -2.950e-01          -1.483e+01              41.433          -4.507e-01             251.065           2.073e+01     
  78.000          90.000           -3.399e-01          -1.547e+01              41.443          -4.753e-01             250.327           2.153e+01     
  79.000          90.000           -3.814e-01          -1.618e+01              41.456          -4.972e-01             249.638           2.238e+01     
  80.000          90.000           -4.195e-01          -1.697e+01              41.472          -5.168e-01             248.999           2.331e+01     
  81.000          90.000           -4.540e-01          -1.784e+01              41.492          -5.340e-01             248.414           2.432e+01     
  82.000          90.000           -4.850e-01          -1.883e+01              41.516          -5.490e-01             247.883           2.544e+01     
  83.000          90.000           -5.124e-01          -1.996e+01              41.548          -5.620e-01             247.410           2.669e+01     
  84.000          90.000           -5.362e-01          -2.128e+01              41.590          -5.730e-01             246.995           2.812e+01     
  85.000          90.000           -5.565e-01          -2.284e+01              41.649          -5.822e-01             246.641           2.979e+01     
  86.000          90.000           -5.732e-01          -2.477e+01              41.737          -5.897e-01             246.347           3.182e+01     
  87.000          90.000           -5.862e-01          -2.727e+01              41.881          -5.956e-01             246.117           3.442e+01     
  88.000          90.000           -5.957e-01          -3.081e+01              42.168          -5.999e-01             245.949           3.810e+01     
  89.000          90.000           -6.016e-01          -3.690e+01              43.031          -6.027e-01             245.845           4.000e+01     
  90.000          90.000           -6.040e-01          -6.596e+01             163.940          -6.040e-01             245.805           4.000e+01     
  91.000          90.000           -6.027e-01          -3.658e+01             219.701          -6.038e-01             245.829           4.000e+01     
  92.000          90.000           -5.979e-01          -3.064e+01             220.519          -6.022e-01             245.918           3.740e+01     
  93.000          90.000           -5.894e-01          -2.716e+01             220.799          -5.990e-01             246.070           3.397e+01     
  94.000          90.000           -5.774e-01          -2.469e+01             220.944          -5.943e-01             246.285           3.149e+01     
  95.000          90.000           -5.618e-01          -2.278e+01             221.034          -5.880e-01             246.563           2.954e+01     
  96.000          90.000           -5.426e-01          -2.122e+01             221.097          -5.799e-01             246.903           2.793e+01     
  97.000          90.000           -5.199e-01          -1.992e+01             221.145          -5.701e-01             247.303           2.654e+01     
  98.000          90.000           -4.936e-01          -1.879e+01             221.183          -5.583e-01             247.762           2.532e+01     
  99.000          90.000           -4.637e-01          -1.780e+01             221.215          -5.446e-01             248.279           2.423e+01     
 100.000          90.000           -4.303e-01          -1.693e+01             221.243          -5.286e-01             248.851           2.324e+01     
 101.000          90.000           -3.933e-01          -1.615e+01             221.268          -5.103e-01             249.476           2.233e+01     
 102.000          90.000           -3.529e-01          -1.544e+01             221.291          -4.897e-01             250.153           2.149e+01     
 103.000          90.000           -3.091e-01          -1.480e+01             221.312          -4.664e-01             250.879           2.071e+01     
 104.000          90.000           -2.620e-01          -1.421e+01             221.331          -4.405e-01             251.651           1.998e+01     
 105.000          90.000           -2.115e-01          -1.367e+01             221.350          -4.117e-01             252.467           1.929e+01     
 106.000          90.000           -1.579e-01          -1.318e+01             221.368          -3.801e-01             253.323           1.865e+01     
 107.000          90.000           -1.011e-01          -1.272e+01             221.385          -3.455e-01             254.217           1.805e+01     
 108.000          90.000           -4.145e-02          -1.230e+01             221.401          -3.078e-01             255.146           1.747e+01     
 109.000          90.000            2.106e-02          -1.190e+01             221.417          -2.671e-01             256.106           1.694e+01     
 110.000          90.000            8.625e-02          -1.154e+01             221.432          -2.232e-01             257.094           1.643e+01     
 111.000          90.000            1.539e-01          -1.120e+01             221.447          -1.762e-01             258.107           1.595e+01     
 112.000          90.000            2.240e-01          -1.089e+01             221.461          -1.261e-01             259.142           1.549e+01     
 113.000          90.000            2.962e-01          -1.059e+01             221.474          -7.292e-02             260.195           1.507e+01     
 114.000          90.000            3.703e-01          -1.032e+01             221.487          -1.683e-02             261.264           1.467e+01     
 115.000          90.000            4.462e-01          -1.007e+01             221.499           4.212e-02             262.344           1.429e+01     
 116.000          90.000            5.236e-01          -9.832e+00             221.510           1.038e-01             263.433           1.393e+01     
 117.000          90.000            6.023e-01          -9.614e+00             221.521           1.680e-01             264.528           1.360e+01     
 118.000          90.000            6.820e-01          -9.411e+00             221.531           2.347e-01             265.627           1.329e+01     
 119.000          90.000            7.627e-01          -9.223e+00             221.539           3.035e-01             266.726           1.300e+01     
 120.000          90.000            8.439e-01          -9.050e+00             221.547           3.744e-01             267.823           1.273e+01     
 121.000          90.000            9.256e-01          -8.890e+00             221.554           4.471e-01             268.917           1.248e+01     
 122.000          90.000            1.007e+00          -8.743e+00             221.559           5.213e-01             270.003           1.225e+01     
 123.000          90.000            1.089e+00          -8.609e+00             221.563           5.968e-01             271.082           1.204e+01     
 124.000          90.000            1.171e+00          -8.487e+00             221.565           6.735e-01             272.151           1.185e+01     
 125.000          90.000            1.252e+00          -8.376e+00             221.566           7.510e-01             273.208           1.167e+01     
 126.000          90.000            1.332e+00          -8.276e+00             221.565           8.291e-01             274.252           1.151e+01     
 127.000          90.000            1.412e+00          -8.187e+00             221.562           9.075e-01             275.282           1.136e+01     
 128.000          90.000            1.491e+00          -8.108e+00             221.557           9.861e-01             276.296           1.123e+01     
 129.000          90.000            1.568e+00          -8.039e+00             221.550           1.065e+00             277.294           1.112e+01     
 130.000          90.000            1.644e+00          -7.980e+00             221.540           1.143e+00             278.275           1.102e+01     
 131.000          90.000            1.719e+00          -7.930e+00             221.528           1.221e+00             279.239           1.093e+01     
 132.000          90.000            1.792e+00          -7.889e+00             221.513           1.297e+00             280.184           1.086e+01     
 133.000          90.000            1.863e+00          -7.857e+00             221.495           1.374e+00             281.110           1.080e+01     
 134.000          90.000            1.933e+00          -7.834e+00             221.474           1.449e+00             282.018           1.075e+01     
 135.000          90.000            2.000e+00          -7.820e+00             221.449           1.522e+00             282.907           1.072e+01     
 136.000          90.000            2.066e+00          -7.814e+00             221.420           1.595e+00             283.776           1.069e+01     
 137.000          90.000            2.129e+00          -7.816e+00             221.387           1.665e+00             284.626           1.068e+01     
 138.000          90.000            2.190e+00          -7.826e+00             221.350           1.734e+00             285.456           1.068e+01     
 139.000          90.000            2.249e+00          -7.844e+00             221.308           1.802e+00             286.267           1.069e+01     
 140.000          90.000            2.306e+00          -7.870e+00             221.261           1.867e+00             287.059           1.070e+01     
 141.000          90.000            2.360e+00          -7.903e+00             221.209           1.931e+00             287.832           1.073e+01     
 142.000          90.000            2.412e+00          -7.945e+00             221.151           1.992e+00             288.585           1.077e+01     
 143.000          90.000            2.461e+00          -7.993e+00             221.086           2.052e+00             289.320           1.082e+01     
 144.000          90.000            2.509e+00          -8.050e+00             221.015           2.109e+00             290.037           1.087e+01     
 145.000          90.000            2.553e+00          -8.113e+00             220.937           2.164e+00             290.735           1.093e+01     
 146.000          90.000            2.595e+00          -8.184e+00             220.851           2.216e+00             291.415           1.101e+01     
 147.000          90.000            2.635e+00          -8.263e+00             220.756           2.267e+00             292.077           1.108e+01     
 148.000          90.000            2.672e+00          -8.349e+00             220.653           2.315e+00             292.721           1.117e+01     
 149.000          90.000            2.707e+00          -8.442e+00             220.540           2.361e+00             293.347           1.127e+01     
 150.000          90.000            2.740e+00          -8.542e+00             220.417           2.404e+00             293.957           1.137e+01     
 151.000          90.000            2.770e+00          -8.650e+00             220.282           2.445e+00             294.549           1.148e+01     
 152.000          90.000            2.798e+00          -8.766e+00             220.136           2.484e+00             295.124           1.160e+01     
 153.000          90.000            2.823e+00          -8.889e+00             219.977           2.520e+00             295.683           1.172e+01     
 154.000          90.000            2.846e+00          -9.019e+00             219.803           2.554e+00             296.225           1.185e+01     
 155.000          90.000            2.867e+00          -9.157e+00             219.615           2.586e+00             296.750           1.199e+01     
 156.000          90.000            2.886e+00          -9.303e+00             219.411           2.615e+00             297.259           1.214e+01     
 157.000          90.000            2.903e+00          -9.456e+00             219.189           2.643e+00             297.752           1.230e+01     
 158.000          90.000            2.917e+00          -9.618e+00             218.948           2.668e+00             298.229           1.246e+01     
 159.000          90.000            2.929e+00          -9.787e+00             218.686           2.691e+00             298.691           1.263e+01     
 160.000          90.000            2.940e+00          -9.965e+00             218.402           2.711e+00             299.136           1.280e+01     
 161.000          90.000            2.948e+00          -1.015e+01             218.094           2.730e+00             299.565           1.299e+01     
 162.000          90.000            2.954e+00          -1.035e+01             217.759           2.746e+00             299.978           1.318e+01     
 163.000          90.000            2.959e+00          -1.055e+01             217.396           2.761e+00             300.376           1.338e+01     
 164.000          90.000            2.961e+00          -1.076e+01             217.001           2.773e+00             300.758           1.359e+01     
 165.000          90.000            2.962e+00          -1.098e+01             216.573           2.783e+00             301.124           1.381e+01     
 166.000          90.000            2.961e+00          -1.121e+01             216.106           2.792e+00             301.474           1.404e+01     
 167.000          90.000            2.958e+00          -1.145e+01             215.599           2.798e+00             301.807           1.427e+01     
 168.000          90.000            2.954e+00          -1.170e+01             215.046           2.803e+00             302.125           1.452e+01     
 169.000          90.000            2.948e+00          -1.196e+01             214.445           2.806e+00             302.427           1.478e+01     
 170.000          90.000            2.941e+00          -1.223e+01             213.788           2.807e+00             302.712           1.504e+01     
 171.000          90.000            2.932e+00          -1.252e+01             213.071           2.806e+00             302.981           1.532e+01     
 172.000          90.000            2.921e+00          -1.281e+01             212.288           2.804e+00             303.233           1.561e+01     
 173.000          90.000            2.910e+00          -1.311e+01             211.431           2.800e+00             303.468           1.592e+01     
 174.000          90.000            2.896e+00          -1.343e+01             210.492           2.794e+00             303.687           1.623e+01     
 175.000          90.000            2.882e+00          -1.375e+01             209.462           2.786e+00             303.888           1.656e+01     
 176.000          90.000            2.866e+00          -1.409e+01             208.331           2.778e+00             304.071           1.691e+01     
 177.000          90.000            2.849e+00          -1.444e+01             207.087           2.767e+00             304.236           1.728e+01     
 178.000          90.000            2.831e+00          -1.480e+01             205.717           2.755e+00             304.384           1.766e+01     
 179.000          90.000            2.811e+00          -1.517e+01             204.207           2.742e+00             304.513           1.806e+01     
 180.000          90.000            2.791e+00          -1.555e+01             202.540           2.727e+00             304.623           1.848e+01     
 179.000         270.000            2.769e+00          -1.594e+01              20.698           2.710e+00             124.714           1.892e+01     
 178.000         270.000            2.747e+00          -1.634e+01              18.662           2.693e+00             124.786           1.939e+01     
 177.000         270.000            2.723e+00          -1.674e+01              16.409           2.674e+00             124.838           1.988e+01     
 176.000         270.000            2.699e+00          -1.715e+01              13.919           2.654e+00             124.870           2.041e+01     
 175.000         270.000            2.673e+00          -1.756e+01              11.169           2.632e+00             124.880           2.097e+01     
 174.000         270.000            2.647e+00          -1.796e+01               8.137           2.609e+00             124.870           2.156e+01     
 173.000         270.000            2.620e+00          -1.835e+01               4.805           2.585e+00             124.839           2.220e+01     
 172.000         270.000            2.592e+00          -1.872e+01               1.162           2.560e+00             124.785           2.289e+01     
 171.000         270.000            2.564e+00          -1.906e+01             357.204           2.534e+00             124.708           2.363e+01     
 170.000         270.000            2.534e+00          -1.937e+01             352.941           2.506e+00             124.609           2.443e+01     
 169.000         270.000            2.504e+00          -1.963e+01             348.399           2.478e+00             124.486           2.531e+01     
 168.000         270.000            2.474e+00          -1.983e+01             343.623           2.448e+00             124.339           2.628e+01     
 167.000         270.000            2.443e+00          -1.997e+01             338.676           2.418e+00             124.167           2.736e+01     
 166.000         270.000            2.411e+00          -2.005e+01             333.636           2.387e+00             123.970           2.858e+01     
 165.000         270.000            2.380e+00          -2.005e+01             328.592           2.355e+00             123.747           2.998e+01     
 164.000         270.000            2.347e+00          -1.998e+01             323.631           2.322e+00             123.498           3.161e+01     
 163.000         270.000            2.315e+00          -1.985e+01             318.832           2.288e+00             123.222           3.359e+01     
 162.000         270.000            2.282e+00          -1.966e+01             314.262           2.254e+00             122.919           3.609e+01     
 161.000         270.000            2.249e+00          -1.942e+01             309.967           2.219e+00             122.587           3.953e+01     
 160.000         270.000            2.216e+00          -1.915e+01             305.975           2.184e+00             122.227           4.000e+01     
 159.000         270.000            2.183e+00          -1.885e+01             302.299           2.149e+00             121.838           4.000e+01     
 158.000         270.000            2.150e+00          -1.853e+01             298.936           2.113e+00             121.419           4.000e+01     
 157.000         270.000            2.117e+00          -1.820e+01             295.875           2.077e+00             120.970           4.000e+01     
 156.000         270.000            2.085e+00          -1.786e+01             293.098           2.041e+00             120.491           3.780e+01     
 155.000         270.000            2.053e+00          -1.753e+01             290.585           2.005e+00             119.980           3.537e+01     
 154.000         270.000            2.022e+00          -1.719e+01             288.314           1.969e+00             119.439           3.356e+01     
 153.000         270.000            1.991e+00          -1.687e+01             286.261           1.934e+00             118.865           3.213e+01     
 152.000         270.000            1.961e+00          -1.655e+01             284.406           1.900e+00             118.260           3.098e+01     
 151.000         270.000            1.932e+00          -1.625e+01             282.728           1.866e+00             117.623           3.004e+01     
 150.000         270.000            1.905e+00          -1.595e+01             281.210           1.833e+00             116.954           2.925e+01     
 149.000         270.000            1.878e+00          -1.567e+01             279.834           1.801e+00             116.253           2.859e+01     
 148.000         270.000            1.853e+00          -1.540e+01             278.587           1.770e+00             115.519           2.804e+01     
 147.000         270.000            1.829e+00          -1.514e+01             277.454           1.741e+00             114.755           2.758e+01     
 146.000         270.000            1.808e+00          -1.490e+01             276.424           1.714e+00             113.958           2.721e+01     
 145.000         270.000            1.788e+00          -1.467e+01             275.487           1.689e+00             113.132           2.691e+01     
 144.000         270.000            1.770e+00          -1.446e+01             274.633           1.665e+00             112.275           2.669e+01     
 143.000         270.000            1.754e+00          -1.426e+01             273.853           1.644e+00             111.388           2.652e+01     
 142.000         270.000            1.741e+00          -1.407e+01             273.141           1.626e+00             110.474           2.643e+01     
 141.000         270.000            1.731e+00          -1.390e+01             272.490           1.610e+00             109.532           2.639e+01     
 140.000         270.000            1.723e+00          -1.374e+01             271.895           1.598e+00             108.565           2.641e+01     
 139.000         270.000            1.718e+00          -1.359e+01             271.349           1.588e+00             107.574           2.649e+01     
 138.000         270.000            1.717e+00          -1.345e+01             270.849           1.582e+00             106.560           2.663e+01     
 137.000         270.000            1.718e+00          -1.333e+01             270.391           1.580e+00             105.525           2.683e+01     
 136.000         270.000            1.723e+00          -1.322e+01             269.970           1.581e+00             104.471           2.710e+01     
 135.000         270.000            1.731e+00          -1.313e+01             269.583           1.586e+00             103.401           2.742e+01     
 134.000         270.000            1.742e+00          -1.304e+01             269.228           1.595e+00             102.317           2.782e+01     
 133.000         270.000            1.757e+00          -1.297e+01             268.902           1.609e+00             101.221           2.828e+01     
 132.000         270.000            1.776e+00          -1.292e+01             268.601           1.626e+00             100.116           2.883e+01     
 131.000         270.000            1.798e+00          -1.287e+01             268.326           1.647e+00              99.004           2.945e+01     
 130.000         270.000            1.824e+00          -1.284e+01             268.072           1.672e+00              97.888           3.017e+01     
 129.000         270.000            1.853e+00          -1.282e+01             267.838           1.702e+00              96.772           3.099e+01     
 128.000         270.000            1.885e+00          -1.281e+01             267.623           1.735e+00              95.656           3.193e+01     
 127.000         270.000            1.921e+00          -1.282e+01             267.425           1.773e+00              94.546           3.302e+01     
 126.000         270.000            1.960e+00          -1.284e+01             267.242           1.814e+00              93.442           3.427e+01     
 125.000         270.000            2.002e+00          -1.287e+01             267.074           1.859e+00              92.348           3.575e+01     
 124.000         270.000            2.047e+00          -1.292e+01             266.918           1.907e+00              91.266           3.751e+01     
 123.000         270.000            2.095e+00          -1.298e+01             266.775           1.958e+00              90.200           3.969e+01     
 122.000         270.000            2.145e+00          -1.306e+01             266.643           2.013e+00              89.150           4.000e+01     
 121.000         270.000            2.198e+00          -1.315e+01             266.521           2.069e+00              88.120           4.000e+01     
 120.000         270.000            2.253e+00          -1.326e+01             266.409           2.129e+00              87.111           4.000e+01     
 119.000         270.000            2.309e+00          -1.338e+01             266.305           2.190e+00              86.126           4.000e+01     
 118.000         270.000            2.367e+00          -1.352e+01             266.208           2.253e+00              85.166           4.000e+01     
 117.000         270.000            2.425e+00          -1.368e+01             266.118           2.318e+00              84.234           4.000e+01     
 116.000         270.000            2.485e+00          -1.385e+01             266.035           2.383e+00              83.329           4.000e+01     
 115.000         270.000            2.546e+00          -1.405e+01             265.957           2.450e+00              82.454           4.000e+01     
 114.000         270.000            2.607e+00          -1.426e+01             265.885           2.516e+00              81.610           3.951e+01     
 113.000         270.000            2.667e+00          -1.449e+01             265.816           2.583e+00              80.798           3.841e+01     
 112.000         270.000            2.728e+00          -1.475e+01             265.752           2.650e+00              80.019           3.756e+01     
 111.000         270.000            2.788e+00          -1.503e+01             265.690           2.716e+00              79.272           3.692e+01     
 110.000         270.000            2.847e+00          -1.533e+01             265.632           2.781e+00              78.560           3.644e+01     
 109.000         270.000            2.906e+00          -1.566e+01             265.575           2.845e+00              77.883           3.609e+01     
 108.000         270.000            2.962e+00          -1.602e+01             265.520           2.907e+00              77.240           3.587e+01     
 107.000         270.000            3.017e+00          -1.642e+01             265.466           2.968e+00              76.632           3.576e+01     
 106.000         270.000            3.071e+00          -1.685e+01             265.412           3.026e+00              76.059           3.574e+01     
 105.000         270.000            3.122e+00          -1.731e+01             265.358           3.083e+00              75.522           3.582e+01     
 104.000         270.000            3.171e+00          -1.782e+01             265.301           3.136e+00              75.021           3.599e+01     
 103.000         270.000            3.217e+00          -1.838e+01             265.242           3.187e+00              74.555           3.626e+01     
 102.000         270.000            3.261e+00          -1.899e+01             265.179           3.235e+00              74.124           3.663e+01     
 101.000         270.000            3.302e+00          -1.967e+01             265.110           3.280e+00              73.729           3.709e+01     
 100.000         270.000            3.340e+00          -2.043e+01             265.033           3.322e+00              73.370           3.767e+01     
  99.000         270.000            3.374e+00          -2.127e+01             264.943           3.360e+00              73.045           3.837e+01     
  98.000         270.000            3.406e+00          -2.222e+01             264.837           3.394e+00              72.756           3.922e+01     
  97.000         270.000            3.434e+00          -2.330e+01             264.707           3.424e+00              72.502           4.000e+01     
  96.000         270.000            3.458e+00          -2.456e+01             264.540           3.451e+00              72.282           4.000e+01     
  95.000         270.000            3.479e+00          -2.605e+01             264.314           3.474e+00              72.098           4.000e+01     
  94.000         270.000            3.496e+00          -2.787e+01             263.988           3.493e+00              71.948           4.000e+01     
  93.000         270.000            3.509e+00          -3.020e+01             263.465           3.507e+00              71.833           4.000e+01     
  92.000         270.000            3.518e+00          -3.341e+01             262.482           3.517e+00              71.752           4.000e+01     
  91.000         270.000            3.524e+00          -3.857e+01             259.911           3.523e+00              71.706           4.000e+01     
  90.000         270.000            3.525e+00          -5.229e+01             236.717           3.525e+00              71.694           4.000e+01     
  89.000         270.000            3.523e+00          -4.242e+01              94.513           3.523e+00              71.717           4.000e+01     
  88.000         270.000            3.517e+00          -3.533e+01              89.529           3.516e+00              71.775           4.000e+01     
  87.000         270.000            3.507e+00          -3.149e+01              88.116           3.506e+00              71.867           4.000e+01     
  86.000         270.000            3.493e+00          -2.884e+01              87.449           3.491e+00              71.993           4.000e+01     
  85.000         270.000            3.476e+00          -2.683e+01              87.061           3.471e+00              72.154           4.000e+01     
  84.000         270.000            3.454e+00          -2.521e+01              86.807           3.448e+00              72.350           4.000e+01     
  83.000         270.000            3.429e+00          -2.386e+01              86.629           3.421e+00              72.581           3.959e+01     
  82.000         270.000            3.401e+00          -2.271e+01              86.498           3.390e+00              72.847           3.866e+01     
  81.000         270.000            3.369e+00          -2.170e+01              86.399           3.355e+00              73.148           3.788e+01     
  80.000         270.000            3.334e+00          -2.082e+01              86.322           3.317e+00              73.484           3.723e+01     
  79.000         270.000            3.295e+00          -2.003e+01              86.261           3.275e+00              73.855           3.670e+01     
  78.000         270.000            3.254e+00          -1.933e+01              86.213           3.230e+00              74.262           3.628e+01     
  77.000         270.000            3.210e+00          -1.869e+01              86.176           3.182e+00              74.704           3.595e+01     
  76.000         270.000            3.163e+00          -1.811e+01              86.148           3.131e+00              75.182           3.572e+01     
  75.000         270.000            3.114e+00          -1.758e+01              86.127           3.077e+00              75.695           3.557e+01     
  74.000         270.000            3.062e+00          -1.710e+01              86.113           3.020e+00              76.244           3.552e+01     
  73.000         270.000            3.009e+00          -1.666e+01              86.105           2.961e+00              76.829           3.557e+01     
  72.000         270.000            2.953e+00          -1.625e+01              86.103           2.901e+00              77.448           3.571e+01     
  71.000         270.000            2.896e+00          -1.588e+01              86.107           2.838e+00              78.103           3.596e+01     
  70.000         270.000            2.838e+00          -1.554e+01              86.117           2.774e+00              78.792           3.633e+01     
  69.000         270.000            2.779e+00          -1.523e+01              86.132           2.709e+00              79.516           3.685e+01     
  68.000         270.000            2.719e+00          -1.494e+01              86.154           2.644e+00              80.274           3.753e+01     
  67.000         270.000            2.658e+00          -1.468e+01              86.181           2.577e+00              81.065           3.842e+01     
  66.000         270.000            2.597e+00          -1.444e+01              86.214           2.511e+00              81.889           3.958e+01     
  65.000         270.000            2.537e+00          -1.422e+01              86.254           2.444e+00              82.744           4.000e+01     
  64.000         270.000            2.477e+00          -1.403e+01              86.302           2.378e+00              83.630           4.000e+01     
  63.000         270.000            2.417e+00          -1.385e+01              86.356           2.313e+00              84.546           4.000e+01     
  62.000         270.000            2.358e+00          -1.369e+01              86.418           2.249e+00              85.490           4.000e+01     
  61.000         270.000            2.301e+00          -1.354e+01              86.489           2.187e+00              86.460           4.000e+01     
  60.000         270.000            2.245e+00          -1.342e+01              86.569           2.126e+00              87.455           4.000e+01     
  59.000         270.000            2.191e+00          -1.331e+01              86.659           2.067e+00              88.474           4.000e+01     
  58.000         270.000            2.140e+00          -1.321e+01              86.759           2.011e+00              89.514           4.000e+01     
  57.000         270.000            2.090e+00          -1.313e+01              86.870           1.958e+00              90.572           3.915e+01     
  56.000         270.000            2.043e+00          -1.307e+01              86.993           1.907e+00              91.648           3.706e+01     
  55.000         270.000            1.999e+00          -1.302e+01              87.129           1.860e+00              92.738           3.535e+01     
  54.000         270.000            1.958e+00          -1.298e+01              87.280           1.816e+00              93.840           3.392e+01     
  53.000         270.000            1.920e+00          -1.296e+01              87.446           1.776e+00              94.951           3.270e+01     
  52.000         270.000            1.885e+00          -1.295e+01              87.628           1.740e+00              96.068           3.164e+01     
  51.000         270.000            1.853e+00          -1.296e+01              87.828           1.707e+00              97.190           3.073e+01     
  50.000         270.000            1.825e+00          -1.298e+01              88.048           1.679e+00              98.312           2.992e+01     
  49.000         270.000            1.801e+00          -1.301e+01              88.289           1.655e+00              99.433           2.922e+01     
  48.000         270.000            1.780e+00          -1.305e+01              88.552           1.634e+00             100.550           2.861e+01     
  47.000         270.000            1.762e+00          -1.311e+01              88.840           1.618e+00             101.659           2.808e+01     
  46.000         270.000            1.748e+00          -1.318e+01              89.156           1.606e+00             102.758           2.763e+01     
  45.000         270.000            1.738e+00          -1.326e+01              89.502           1.598e+00             103.846           2.725e+01     
  44.000         270.000            1.731e+00          -1.336e+01              89.880           1.594e+00             104.918           2.693e+01     
  43.000         270.000            1.727e+00          -1.347e+01              90.294           1.594e+00             105.973           2.668e+01     
  42.000         270.000            1.727e+00          -1.359e+01              90.746           1.598e+00             107.010           2.648e+01     
  41.000         270.000            1.730e+00          -1.373e+01              91.241           1.605e+00             108.025           2.635e+01     
  40.000         270.000            1.736e+00          -1.388e+01              91.782           1.615e+00             109.017           2.628e+01     
  39.000         270.000            1.745e+00          -1.404e+01              92.376           1.629e+00             109.985           2.626e+01     
  38.000         270.000            1.756e+00          -1.421e+01              93.026           1.645e+00             110.926           2.631e+01     
  37.000         270.000            1.770e+00          -1.440e+01              93.738           1.664e+00             111.840           2.641e+01     
  36.000         270.000            1.787e+00          -1.460e+01              94.520           1.686e+00             112.725           2.658e+01     
  35.000         270.000            1.806e+00          -1.482e+01              95.379           1.710e+00             113.581           2.681e+01     
  34.000         270.000            1.826e+00          -1.505e+01              96.324           1.736e+00             114.407           2.711e+01     
  33.000         270.000            1.849e+00          -1.529e+01              97.363           1.764e+00             115.201           2.749e+01     
  32.000         270.000            1.873e+00          -1.555e+01              98.508           1.794e+00             115.964           2.795e+01     
  31.000         270.000            1.899e+00          -1.582e+01              99.771           1.825e+00             116.695           2.850e+01     
  30.000         270.000            1.926e+00          -1.610e+01             101.165           1.858e+00             117.395           2.916e+01     
  29.000         270.000            1.955e+00          -1.640e+01             102.706           1.891e+00             118.062           2.995e+01     
  28.000         270.000            1.985e+00          -1.671e+01             104.410           1.925e+00             118.696           3.090e+01     
  27.000         270.000            2.015e+00          -1.703e+01             106.297           1.961e+00             119.299           3.205e+01     
  26.000         270.000            2.046e+00          -1.735e+01             108.387           1.996e+00             119.870           3.347e+01     
  25.000         270.000            2.078e+00          -1.769e+01             110.701           2.032e+00             120.409           3.527e+01     
  24.000         270.000            2.111e+00          -1.802e+01             113.263           2.068e+00             120.917           3.769e+01     
  23.000         270.000            2.143e+00          -1.836e+01             116.094           2.105e+00             121.394           4.000e+01     
  22.000         270.000            2.177e+00          -1.869e+01             119.215           2.141e+00             121.840           4.000e+01     
  21.000         270.000            2.210e+00          -1.900e+01             122.642           2.177e+00             122.257           4.000e+01     
  20.000         270.000            2.243e+00          -1.930e+01             126.386           2.213e+00             122.643           4.000e+01     
  19.000         270.000            2.277e+00          -1.957e+01             130.446           2.248e+00             123.001           3.962e+01     
  18.000         270.000            2.310e+00          -1.979e+01             134.806           2.283e+00             123.330           3.615e+01     
  17.000         270.000            2.343e+00          -1.997e+01             139.435           2.317e+00             123.631           3.363e+01     
  16.000         270.000            2.376e+00          -2.009e+01             144.280           2.351e+00             123.904           3.164e+01     
  15.000         270.000            2.408e+00          -2.014e+01             149.273           2.384e+00             124.151           3.000e+01     
  14.000         270.000            2.441e+00          -2.012e+01             154.331           2.417e+00             124.371           2.860e+01     
  13.000         270.000            2.472e+00          -2.003e+01             159.364           2.448e+00             124.565           2.738e+01     
  12.000         270.000            2.504e+00          -1.987e+01             164.285           2.478e+00             124.735           2.630e+01     
  11.000         270.000            2.534e+00          -1.965e+01             169.020           2.508e+00             124.879           2.533e+01     
  10.000         270.000            2.564e+00          -1.938e+01             173.507           2.537e+00             125.000           2.445e+01     
   9.000         270.000            2.594e+00          -1.906e+01             177.706           2.564e+00             125.097           2.365e+01     
   8.000         270.000            2.623e+00          -1.871e+01             181.596           2.591e+00             125.171           2.291e+01     
   7.000         270.000            2.651e+00          -1.833e+01             185.169           2.616e+00             125.222           2.222e+01     
   6.000         270.000            2.678e+00          -1.794e+01             188.431           2.640e+00             125.252           2.158e+01     
   5.000         270.000            2.704e+00          -1.753e+01             191.397           2.663e+00             125.260           2.099e+01     
   4.000         270.000            2.730e+00          -1.713e+01             194.085           2.685e+00             125.246           2.043e+01     
   3.000         270.000            2.754e+00          -1.672e+01             196.517           2.705e+00             125.212           1.990e+01     
   2.000         270.000            2.778e+00          -1.631e+01             198.716           2.724e+00             125.158           1.941e+01     
   1.000         270.000            2.801e+00          -1.591e+01             200.704           2.742e+00             125.084           1.894e+01     
