Theta [deg.]  Phi   [deg.]  Abs(Grlz)[dBi   ]   Abs(Theta)[dBi   ]  Phase(Theta)[deg.]  Abs(Phi  )[dBi   ]  Phase(Phi  )[deg.]  Ax.Ratio[dB    ]    
------------------------------------------------------------------------------------------------------------------------------------------------------
   0.000          90.000           -1.892e+00          -1.597e+01             133.983          -2.065e+00              44.604           1.390e+01     
   1.000          90.000           -1.893e+00          -1.606e+01             136.242          -2.063e+00              44.276           1.400e+01     
   2.000          90.000           -1.892e+00          -1.613e+01             138.555          -2.059e+00              43.915           1.410e+01     
   3.000          90.000           -1.890e+00          -1.619e+01             140.915          -2.054e+00              43.521           1.422e+01     
   4.000          90.000           -1.886e+00          -1.624e+01             143.311          -2.048e+00              43.094           1.434e+01     
   5.000          90.000           -1.880e+00          -1.627e+01             145.734          -2.041e+00              42.634           1.448e+01     
   6.000          90.000           -1.872e+00          -1.629e+01             148.172          -2.032e+00              42.143           1.462e+01     
   7.000          90.000           -1.862e+00          -1.628e+01             150.614          -2.022e+00              41.620           1.478e+01     
   8.000          90.000           -1.851e+00          -1.627e+01             153.050          -2.011e+00              41.065           1.496e+01     
   9.000          90.000           -1.837e+00          -1.623e+01             155.467          -1.998e+00              40.480           1.515e+01     
  10.000          90.000           -1.821e+00          -1.618e+01             157.855          -1.983e+00              39.864           1.535e+01     
  11.000          90.000           -1.804e+00          -1.612e+01             160.206          -1.968e+00              39.219           1.558e+01     
  12.000          90.000           -1.784e+00          -1.604e+01             162.509          -1.950e+00              38.545           1.582e+01     
  13.000          90.000           -1.762e+00          -1.595e+01             164.757          -1.931e+00              37.843           1.609e+01     
  14.000          90.000           -1.738e+00          -1.585e+01             166.943          -1.910e+00              37.113           1.638e+01     
  15.000          90.000           -1.712e+00          -1.574e+01             169.063          -1.888e+00              36.356           1.669e+01     
  16.000          90.000           -1.684e+00          -1.562e+01             171.111          -1.863e+00              35.574           1.704e+01     
  17.000          90.000           -1.654e+00          -1.549e+01             173.085          -1.837e+00              34.766           1.741e+01     
  18.000          90.000           -1.621e+00          -1.536e+01             174.983          -1.809e+00              33.934           1.781e+01     
  19.000          90.000           -1.586e+00          -1.522e+01             176.803          -1.778e+00              33.080           1.825e+01     
  20.000          90.000           -1.549e+00          -1.507e+01             178.546          -1.746e+00              32.203           1.873e+01     
  21.000          90.000           -1.509e+00          -1.493e+01             180.212          -1.711e+00              31.305           1.926e+01     
  22.000          90.000           -1.467e+00          -1.478e+01             181.803          -1.675e+00              30.387           1.984e+01     
  23.000          90.000           -1.423e+00          -1.464e+01             183.319          -1.636e+00              29.451           2.047e+01     
  24.000          90.000           -1.377e+00          -1.449e+01             184.763          -1.594e+00              28.497           2.117e+01     
  25.000          90.000           -1.328e+00          -1.434e+01             186.137          -1.551e+00              27.527           2.194e+01     
  26.000          90.000           -1.277e+00          -1.420e+01             187.444          -1.505e+00              26.542           2.281e+01     
  27.000          90.000           -1.224e+00          -1.406e+01             188.686          -1.457e+00              25.544           2.378e+01     
  28.000          90.000           -1.169e+00          -1.392e+01             189.866          -1.406e+00              24.533           2.489e+01     
  29.000          90.000           -1.111e+00          -1.378e+01             190.987          -1.353e+00              23.512           2.617e+01     
  30.000          90.000           -1.052e+00          -1.365e+01             192.052          -1.297e+00              22.482           2.768e+01     
  31.000          90.000           -9.902e-01          -1.353e+01             193.062          -1.239e+00              21.443           2.950e+01     
  32.000          90.000           -9.265e-01          -1.341e+01             194.022          -1.179e+00              20.398           3.182e+01     
  33.000          90.000           -8.609e-01          -1.329e+01             194.933          -1.116e+00              19.349           3.495e+01     
  34.000          90.000           -7.934e-01          -1.318e+01             195.798          -1.051e+00              18.295           3.986e+01     
  35.000          90.000           -7.241e-01          -1.308e+01             196.620          -9.843e-01              17.240           4.000e+01     
  36.000          90.000           -6.532e-01          -1.298e+01             197.400          -9.149e-01              16.185           4.000e+01     
  37.000          90.000           -5.806e-01          -1.289e+01             198.141          -8.434e-01              15.130           3.817e+01     
  38.000          90.000           -5.066e-01          -1.281e+01             198.846          -7.699e-01              14.078           3.417e+01     
  39.000          90.000           -4.311e-01          -1.273e+01             199.515          -6.945e-01              13.029           3.150e+01     
  40.000          90.000           -3.543e-01          -1.267e+01             200.151          -6.171e-01              11.986           2.952e+01     
  41.000          90.000           -2.763e-01          -1.261e+01             200.756          -5.381e-01              10.949           2.795e+01     
  42.000          90.000           -1.973e-01          -1.255e+01             201.331          -4.574e-01               9.920           2.667e+01     
  43.000          90.000           -1.173e-01          -1.251e+01             201.878          -3.752e-01               8.899           2.560e+01     
  44.000          90.000           -3.650e-02          -1.247e+01             202.398          -2.917e-01               7.890           2.469e+01     
  45.000          90.000            4.500e-02          -1.245e+01             202.892          -2.069e-01               6.891           2.390e+01     
  46.000          90.000            1.271e-01          -1.243e+01             203.363          -1.211e-01               5.905           2.322e+01     
  47.000          90.000            2.096e-01          -1.242e+01             203.811          -3.429e-02               4.932           2.262e+01     
  48.000          90.000            2.924e-01          -1.242e+01             204.238           5.326e-02               3.974           2.211e+01     
  49.000          90.000            3.754e-01          -1.243e+01             204.644           1.414e-01               3.032           2.165e+01     
  50.000          90.000            4.585e-01          -1.245e+01             205.031           2.301e-01               2.105           2.126e+01     
  51.000          90.000            5.414e-01          -1.248e+01             205.399           3.190e-01               1.196           2.091e+01     
  52.000          90.000            6.241e-01          -1.252e+01             205.750           4.081e-01               0.305           2.062e+01     
  53.000          90.000            7.065e-01          -1.257e+01             206.084           4.972e-01             359.432           2.037e+01     
  54.000          90.000            7.884e-01          -1.263e+01             206.402           5.861e-01             358.579           2.015e+01     
  55.000          90.000            8.697e-01          -1.270e+01             206.705           6.746e-01             357.746           1.998e+01     
  56.000          90.000            9.503e-01          -1.279e+01             206.994           7.626e-01             356.932           1.984e+01     
  57.000          90.000            1.030e+00          -1.289e+01             207.269           8.500e-01             356.140           1.973e+01     
  58.000          90.000            1.109e+00          -1.300e+01             207.531           9.365e-01             355.370           1.966e+01     
  59.000          90.000            1.186e+00          -1.312e+01             207.781           1.022e+00             354.621           1.962e+01     
  60.000          90.000            1.263e+00          -1.326e+01             208.019           1.106e+00             353.894           1.960e+01     
  61.000          90.000            1.338e+00          -1.341e+01             208.245           1.190e+00             353.189           1.962e+01     
  62.000          90.000            1.411e+00          -1.358e+01             208.461           1.271e+00             352.508           1.966e+01     
  63.000          90.000            1.483e+00          -1.376e+01             208.667           1.352e+00             351.849           1.973e+01     
  64.000          90.000            1.554e+00          -1.396e+01             208.864           1.430e+00             351.214           1.983e+01     
  65.000          90.000            1.622e+00          -1.418e+01             209.051           1.507e+00             350.601           1.996e+01     
  66.000          90.000            1.689e+00          -1.442e+01             209.229           1.581e+00             350.013           2.012e+01     
  67.000          90.000            1.754e+00          -1.468e+01             209.399           1.654e+00             349.448           2.030e+01     
  68.000          90.000            1.817e+00          -1.496e+01             209.561           1.724e+00             348.907           2.051e+01     
  69.000          90.000            1.877e+00          -1.526e+01             209.716           1.793e+00             348.390           2.076e+01     
  70.000          90.000            1.936e+00          -1.559e+01             209.864           1.858e+00             347.897           2.103e+01     
  71.000          90.000            1.992e+00          -1.595e+01             210.006           1.922e+00             347.427           2.134e+01     
  72.000          90.000            2.046e+00          -1.634e+01             210.141           1.982e+00             346.982           2.168e+01     
  73.000          90.000            2.097e+00          -1.675e+01             210.272           2.040e+00             346.561           2.206e+01     
  74.000          90.000            2.146e+00          -1.721e+01             210.397           2.095e+00             346.164           2.248e+01     
  75.000          90.000            2.192e+00          -1.770e+01             210.519           2.148e+00             345.791           2.295e+01     
  76.000          90.000            2.236e+00          -1.824e+01             210.637           2.197e+00             345.443           2.346e+01     
  77.000          90.000            2.277e+00          -1.883e+01             210.753           2.243e+00             345.118           2.402e+01     
  78.000          90.000            2.315e+00          -1.948e+01             210.869           2.287e+00             344.817           2.465e+01     
  79.000          90.000            2.351e+00          -2.020e+01             210.985           2.327e+00             344.541           2.535e+01     
  80.000          90.000            2.384e+00          -2.100e+01             211.104           2.364e+00             344.288           2.613e+01     
  81.000          90.000            2.414e+00          -2.190e+01             211.230           2.397e+00             344.060           2.700e+01     
  82.000          90.000            2.441e+00          -2.292e+01             211.367           2.428e+00             343.855           2.800e+01     
  83.000          90.000            2.465e+00          -2.408e+01             211.523           2.455e+00             343.675           2.915e+01     
  84.000          90.000            2.486e+00          -2.545e+01             211.713           2.479e+00             343.518           3.049e+01     
  85.000          90.000            2.504e+00          -2.710e+01             211.959           2.499e+00             343.385           3.210e+01     
  86.000          90.000            2.519e+00          -2.915e+01             212.312           2.516e+00             343.277           3.411e+01     
  87.000          90.000            2.531e+00          -3.186e+01             212.900           2.530e+00             343.192           3.675e+01     
  88.000          90.000            2.540e+00          -3.585e+01             214.139           2.540e+00             343.131           4.000e+01     
  89.000          90.000            2.547e+00          -4.344e+01             218.796           2.546e+00             343.093           4.000e+01     
  90.000          90.000            2.550e+00          -5.063e+01              12.304           2.550e+00             343.080           4.000e+01     
  91.000          90.000            2.550e+00          -3.822e+01              26.490           2.549e+00             343.091           4.000e+01     
  92.000          90.000            2.547e+00          -3.328e+01              28.389           2.546e+00             343.125           3.879e+01     
  93.000          90.000            2.541e+00          -3.015e+01              29.131           2.538e+00             343.183           3.556e+01     
  94.000          90.000            2.532e+00          -2.787e+01              29.518           2.528e+00             343.265           3.322e+01     
  95.000          90.000            2.520e+00          -2.607e+01              29.748           2.514e+00             343.371           3.140e+01     
  96.000          90.000            2.505e+00          -2.459e+01              29.894           2.496e+00             343.501           2.990e+01     
  97.000          90.000            2.487e+00          -2.335e+01              29.988           2.475e+00             343.654           2.864e+01     
  98.000          90.000            2.466e+00          -2.227e+01              30.046           2.451e+00             343.831           2.756e+01     
  99.000          90.000            2.442e+00          -2.132e+01              30.079           2.423e+00             344.032           2.662e+01     
 100.000          90.000            2.415e+00          -2.048e+01              30.091           2.393e+00             344.257           2.578e+01     
 101.000          90.000            2.385e+00          -1.973e+01              30.087           2.359e+00             344.506           2.503e+01     
 102.000          90.000            2.353e+00          -1.904e+01              30.069           2.321e+00             344.779           2.436e+01     
 103.000          90.000            2.318e+00          -1.843e+01              30.038           2.281e+00             345.075           2.376e+01     
 104.000          90.000            2.280e+00          -1.786e+01              29.996           2.238e+00             345.396           2.322e+01     
 105.000          90.000            2.239e+00          -1.735e+01              29.944           2.191e+00             345.740           2.272e+01     
 106.000          90.000            2.196e+00          -1.687e+01              29.882           2.142e+00             346.108           2.227e+01     
 107.000          90.000            2.150e+00          -1.644e+01              29.810           2.090e+00             346.500           2.187e+01     
 108.000          90.000            2.102e+00          -1.603e+01              29.729           2.035e+00             346.916           2.150e+01     
 109.000          90.000            2.051e+00          -1.566e+01              29.639           1.977e+00             347.355           2.116e+01     
 110.000          90.000            1.998e+00          -1.532e+01              29.540           1.917e+00             347.819           2.086e+01     
 111.000          90.000            1.943e+00          -1.500e+01              29.431           1.854e+00             348.305           2.060e+01     
 112.000          90.000            1.885e+00          -1.471e+01              29.313           1.789e+00             348.816           2.036e+01     
 113.000          90.000            1.825e+00          -1.444e+01              29.186           1.722e+00             349.350           2.015e+01     
 114.000          90.000            1.764e+00          -1.419e+01              29.049           1.652e+00             349.907           1.997e+01     
 115.000          90.000            1.700e+00          -1.396e+01              28.903           1.580e+00             350.488           1.982e+01     
 116.000          90.000            1.634e+00          -1.375e+01              28.746           1.507e+00             351.092           1.970e+01     
 117.000          90.000            1.567e+00          -1.355e+01              28.579           1.431e+00             351.718           1.960e+01     
 118.000          90.000            1.498e+00          -1.337e+01              28.401           1.354e+00             352.368           1.953e+01     
 119.000          90.000            1.427e+00          -1.321e+01              28.212           1.275e+00             353.040           1.948e+01     
 120.000          90.000            1.355e+00          -1.306e+01              28.011           1.195e+00             353.734           1.947e+01     
 121.000          90.000            1.281e+00          -1.293e+01              27.799           1.113e+00             354.450           1.948e+01     
 122.000          90.000            1.207e+00          -1.281e+01              27.574           1.031e+00             355.188           1.952e+01     
 123.000          90.000            1.131e+00          -1.270e+01              27.336           9.472e-01             355.947           1.959e+01     
 124.000          90.000            1.054e+00          -1.261e+01              27.085           8.628e-01             356.727           1.969e+01     
 125.000          90.000            9.758e-01          -1.253e+01              26.819           7.776e-01             357.527           1.982e+01     
 126.000          90.000            8.972e-01          -1.246e+01              26.539           6.919e-01             358.347           1.999e+01     
 127.000          90.000            8.178e-01          -1.240e+01              26.243           6.058e-01             359.186           2.019e+01     
 128.000          90.000            7.379e-01          -1.235e+01              25.931           5.194e-01               0.045           2.043e+01     
 129.000          90.000            6.577e-01          -1.232e+01              25.602           4.330e-01               0.921           2.071e+01     
 130.000          90.000            5.771e-01          -1.229e+01              25.255           3.467e-01               1.814           2.104e+01     
 131.000          90.000            4.964e-01          -1.227e+01              24.889           2.606e-01               2.724           2.141e+01     
 132.000          90.000            4.156e-01          -1.227e+01              24.504           1.749e-01               3.650           2.184e+01     
 133.000          90.000            3.349e-01          -1.227e+01              24.098           8.983e-02               4.591           2.233e+01     
 134.000          90.000            2.545e-01          -1.228e+01              23.670           5.413e-03               5.546           2.289e+01     
 135.000          90.000            1.744e-01          -1.230e+01              23.220          -7.815e-02               6.514           2.352e+01     
 136.000          90.000            9.485e-02          -1.234e+01              22.745          -1.607e-01               7.494           2.425e+01     
 137.000          90.000            1.587e-02          -1.237e+01              22.245          -2.421e-01               8.485           2.510e+01     
 138.000          90.000           -6.238e-02          -1.242e+01              21.717          -3.223e-01               9.486           2.608e+01     
 139.000          90.000           -1.398e-01          -1.248e+01              21.162          -4.010e-01              10.496           2.723e+01     
 140.000          90.000           -2.162e-01          -1.254e+01              20.576          -4.783e-01              11.512           2.863e+01     
 141.000          90.000           -2.915e-01          -1.261e+01              19.959          -5.539e-01              12.536           3.035e+01     
 142.000          90.000           -3.657e-01          -1.269e+01              19.308          -6.277e-01              13.564           3.257e+01     
 143.000          90.000           -4.385e-01          -1.278e+01              18.621          -6.997e-01              14.595           3.567e+01     
 144.000          90.000           -5.099e-01          -1.287e+01              17.898          -7.698e-01              15.629           4.000e+01     
 145.000          90.000           -5.798e-01          -1.297e+01              17.135          -8.378e-01              16.664           4.000e+01     
 146.000          90.000           -6.481e-01          -1.308e+01              16.330          -9.038e-01              17.698           4.000e+01     
 147.000          90.000           -7.147e-01          -1.319e+01              15.481          -9.677e-01              18.730           3.766e+01     
 148.000          90.000           -7.796e-01          -1.331e+01              14.586          -1.029e+00              19.759           3.367e+01     
 149.000          90.000           -8.426e-01          -1.343e+01              13.641          -1.089e+00              20.783           3.094e+01     
 150.000          90.000           -9.037e-01          -1.356e+01              12.644          -1.146e+00              21.801           2.885e+01     
 151.000          90.000           -9.629e-01          -1.370e+01              11.593          -1.201e+00              22.811           2.717e+01     
 152.000          90.000           -1.020e+00          -1.383e+01              10.484          -1.253e+00              23.812           2.577e+01     
 153.000          90.000           -1.075e+00          -1.398e+01               9.315          -1.304e+00              24.803           2.457e+01     
 154.000          90.000           -1.128e+00          -1.412e+01               8.082          -1.351e+00              25.781           2.352e+01     
 155.000          90.000           -1.179e+00          -1.427e+01               6.782          -1.397e+00              26.747           2.260e+01     
 156.000          90.000           -1.227e+00          -1.442e+01               5.414          -1.440e+00              27.699           2.178e+01     
 157.000          90.000           -1.274e+00          -1.458e+01               3.973          -1.481e+00              28.634           2.104e+01     
 158.000          90.000           -1.318e+00          -1.473e+01               2.458          -1.520e+00              29.553           2.037e+01     
 159.000          90.000           -1.360e+00          -1.488e+01               0.866          -1.557e+00              30.453           1.976e+01     
 160.000          90.000           -1.399e+00          -1.503e+01             359.196          -1.592e+00              31.335           1.921e+01     
 161.000          90.000           -1.437e+00          -1.518e+01             357.445          -1.624e+00              32.196           1.870e+01     
 162.000          90.000           -1.472e+00          -1.533e+01             355.614          -1.655e+00              33.035           1.823e+01     
 163.000          90.000           -1.505e+00          -1.547e+01             353.701          -1.683e+00              33.852           1.781e+01     
 164.000          90.000           -1.536e+00          -1.560e+01             351.708          -1.709e+00              34.646           1.742e+01     
 165.000          90.000           -1.564e+00          -1.573e+01             349.637          -1.734e+00              35.415           1.706e+01     
 166.000          90.000           -1.591e+00          -1.584e+01             347.491          -1.757e+00              36.159           1.673e+01     
 167.000          90.000           -1.615e+00          -1.595e+01             345.273          -1.778e+00              36.877           1.642e+01     
 168.000          90.000           -1.637e+00          -1.605e+01             342.990          -1.797e+00              37.568           1.614e+01     
 169.000          90.000           -1.657e+00          -1.613e+01             340.647          -1.815e+00              38.231           1.588e+01     
 170.000          90.000           -1.675e+00          -1.620e+01             338.254          -1.831e+00              38.867           1.564e+01     
 171.000          90.000           -1.691e+00          -1.625e+01             335.818          -1.846e+00              39.473           1.542e+01     
 172.000          90.000           -1.705e+00          -1.629e+01             333.352          -1.859e+00              40.050           1.522e+01     
 173.000          90.000           -1.717e+00          -1.631e+01             330.865          -1.870e+00              40.597           1.503e+01     
 174.000          90.000           -1.727e+00          -1.631e+01             328.369          -1.881e+00              41.114           1.486e+01     
 175.000          90.000           -1.735e+00          -1.630e+01             325.876          -1.889e+00              41.600           1.470e+01     
 176.000          90.000           -1.741e+00          -1.627e+01             323.399          -1.897e+00              42.054           1.455e+01     
 177.000          90.000           -1.745e+00          -1.622e+01             320.949          -1.903e+00              42.477           1.442e+01     
 178.000          90.000           -1.748e+00          -1.615e+01             318.536          -1.908e+00              42.867           1.429e+01     
 179.000          90.000           -1.748e+00          -1.608e+01             316.172          -1.912e+00              43.225           1.418e+01     
 180.000          90.000           -1.747e+00          -1.598e+01             313.864          -1.914e+00              43.551           1.407e+01     
 179.000         270.000           -1.744e+00          -1.588e+01             131.621          -1.915e+00             223.844           1.397e+01     
 178.000         270.000           -1.739e+00          -1.576e+01             129.448          -1.915e+00             224.104           1.388e+01     
 177.000         270.000           -1.733e+00          -1.563e+01             127.352          -1.914e+00             224.330           1.379e+01     
 176.000         270.000           -1.725e+00          -1.549e+01             125.336          -1.911e+00             224.524           1.371e+01     
 175.000         270.000           -1.715e+00          -1.535e+01             123.403          -1.907e+00             224.684           1.363e+01     
 174.000         270.000           -1.703e+00          -1.520e+01             121.554          -1.902e+00             224.811           1.355e+01     
 173.000         270.000           -1.689e+00          -1.504e+01             119.789          -1.895e+00             224.905           1.348e+01     
 172.000         270.000           -1.674e+00          -1.488e+01             118.109          -1.887e+00             224.966           1.341e+01     
 171.000         270.000           -1.657e+00          -1.471e+01             116.513          -1.877e+00             224.993           1.334e+01     
 170.000         270.000           -1.638e+00          -1.455e+01             114.998          -1.867e+00             224.988           1.328e+01     
 169.000         270.000           -1.618e+00          -1.438e+01             113.564          -1.854e+00             224.950           1.321e+01     
 168.000         270.000           -1.595e+00          -1.421e+01             112.206          -1.840e+00             224.880           1.315e+01     
 167.000         270.000           -1.571e+00          -1.404e+01             110.923          -1.824e+00             224.778           1.308e+01     
 166.000         270.000           -1.545e+00          -1.388e+01             109.712          -1.807e+00             224.645           1.302e+01     
 165.000         270.000           -1.517e+00          -1.371e+01             108.570          -1.788e+00             224.480           1.296e+01     
 164.000         270.000           -1.488e+00          -1.355e+01             107.494          -1.767e+00             224.285           1.289e+01     
 163.000         270.000           -1.456e+00          -1.339e+01             106.480          -1.744e+00             224.060           1.283e+01     
 162.000         270.000           -1.423e+00          -1.324e+01             105.526          -1.719e+00             223.806           1.276e+01     
 161.000         270.000           -1.387e+00          -1.308e+01             104.628          -1.692e+00             223.523           1.270e+01     
 160.000         270.000           -1.350e+00          -1.293e+01             103.785          -1.663e+00             223.212           1.264e+01     
 159.000         270.000           -1.311e+00          -1.279e+01             102.992          -1.631e+00             222.874           1.257e+01     
 158.000         270.000           -1.270e+00          -1.265e+01             102.247          -1.598e+00             222.510           1.251e+01     
 157.000         270.000           -1.226e+00          -1.251e+01             101.548          -1.562e+00             222.121           1.244e+01     
 156.000         270.000           -1.181e+00          -1.238e+01             100.892          -1.523e+00             221.708           1.238e+01     
 155.000         270.000           -1.134e+00          -1.226e+01             100.276          -1.483e+00             221.273           1.232e+01     
 154.000         270.000           -1.085e+00          -1.214e+01              99.700          -1.440e+00             220.815           1.226e+01     
 153.000         270.000           -1.034e+00          -1.202e+01              99.159          -1.394e+00             220.337           1.220e+01     
 152.000         270.000           -9.804e-01          -1.192e+01              98.653          -1.345e+00             219.839           1.214e+01     
 151.000         270.000           -9.252e-01          -1.181e+01              98.179          -1.294e+00             219.324           1.209e+01     
 150.000         270.000           -8.681e-01          -1.172e+01              97.735          -1.241e+00             218.791           1.204e+01     
 149.000         270.000           -8.091e-01          -1.162e+01              97.321          -1.185e+00             218.244           1.199e+01     
 148.000         270.000           -7.482e-01          -1.154e+01              96.933          -1.126e+00             217.683           1.195e+01     
 147.000         270.000           -6.855e-01          -1.146e+01              96.571          -1.065e+00             217.109           1.191e+01     
 146.000         270.000           -6.209e-01          -1.139e+01              96.233          -1.001e+00             216.525           1.188e+01     
 145.000         270.000           -5.546e-01          -1.132e+01              95.918          -9.347e-01             215.931           1.185e+01     
 144.000         270.000           -4.865e-01          -1.126e+01              95.624          -8.659e-01             215.329           1.183e+01     
 143.000         270.000           -4.169e-01          -1.121e+01              95.350          -7.947e-01             214.720           1.181e+01     
 142.000         270.000           -3.457e-01          -1.116e+01              95.095          -7.213e-01             214.107           1.180e+01     
 141.000         270.000           -2.731e-01          -1.112e+01              94.857          -6.456e-01             213.490           1.180e+01     
 140.000         270.000           -1.990e-01          -1.109e+01              94.637          -5.678e-01             212.870           1.181e+01     
 139.000         270.000           -1.236e-01          -1.107e+01              94.432          -4.880e-01             212.250           1.182e+01     
 138.000         270.000           -4.711e-02          -1.105e+01              94.242          -4.063e-01             211.630           1.184e+01     
 137.000         270.000            3.052e-02          -1.104e+01              94.066          -3.229e-01             211.012           1.188e+01     
 136.000         270.000            1.091e-01          -1.104e+01              93.903          -2.379e-01             210.397           1.192e+01     
 135.000         270.000            1.886e-01          -1.104e+01              93.752          -1.515e-01             209.786           1.197e+01     
 134.000         270.000            2.688e-01          -1.106e+01              93.612          -6.371e-02             209.180           1.202e+01     
 133.000         270.000            3.496e-01          -1.108e+01              93.483           2.517e-02             208.581           1.209e+01     
 132.000         270.000            4.309e-01          -1.111e+01              93.363           1.150e-01             207.989           1.217e+01     
 131.000         270.000            5.126e-01          -1.115e+01              93.253           2.056e-01             207.405           1.226e+01     
 130.000         270.000            5.945e-01          -1.120e+01              93.151           2.969e-01             206.831           1.236e+01     
 129.000         270.000            6.764e-01          -1.125e+01              93.057           3.885e-01             206.266           1.247e+01     
 128.000         270.000            7.584e-01          -1.132e+01              92.970           4.805e-01             205.712           1.259e+01     
 127.000         270.000            8.401e-01          -1.140e+01              92.889           5.725e-01             205.170           1.273e+01     
 126.000         270.000            9.215e-01          -1.148e+01              92.815           6.643e-01             204.640           1.287e+01     
 125.000         270.000            1.002e+00          -1.158e+01              92.746           7.559e-01             204.122           1.302e+01     
 124.000         270.000            1.083e+00          -1.169e+01              92.682           8.470e-01             203.617           1.319e+01     
 123.000         270.000            1.162e+00          -1.181e+01              92.622           9.374e-01             203.125           1.337e+01     
 122.000         270.000            1.241e+00          -1.194e+01              92.566           1.027e+00             202.647           1.356e+01     
 121.000         270.000            1.319e+00          -1.208e+01              92.513           1.116e+00             202.184           1.377e+01     
 120.000         270.000            1.396e+00          -1.224e+01              92.463           1.203e+00             201.735           1.398e+01     
 119.000         270.000            1.471e+00          -1.241e+01              92.415           1.289e+00             201.300           1.422e+01     
 118.000         270.000            1.545e+00          -1.259e+01              92.369           1.374e+00             200.880           1.446e+01     
 117.000         270.000            1.617e+00          -1.279e+01              92.324           1.457e+00             200.476           1.472e+01     
 116.000         270.000            1.688e+00          -1.300e+01              92.279           1.538e+00             200.086           1.500e+01     
 115.000         270.000            1.757e+00          -1.323e+01              92.235           1.617e+00             199.712           1.529e+01     
 114.000         270.000            1.824e+00          -1.348e+01              92.190           1.694e+00             199.353           1.559e+01     
 113.000         270.000            1.890e+00          -1.375e+01              92.144           1.769e+00             199.009           1.592e+01     
 112.000         270.000            1.953e+00          -1.403e+01              92.095           1.842e+00             198.680           1.626e+01     
 111.000         270.000            2.014e+00          -1.434e+01              92.045           1.912e+00             198.367           1.663e+01     
 110.000         270.000            2.072e+00          -1.467e+01              91.990           1.980e+00             198.069           1.701e+01     
 109.000         270.000            2.129e+00          -1.503e+01              91.931           2.045e+00             197.787           1.743e+01     
 108.000         270.000            2.183e+00          -1.542e+01              91.867           2.107e+00             197.519           1.786e+01     
 107.000         270.000            2.234e+00          -1.583e+01              91.796           2.166e+00             197.267           1.833e+01     
 106.000         270.000            2.283e+00          -1.628e+01              91.716           2.222e+00             197.029           1.882e+01     
 105.000         270.000            2.329e+00          -1.676e+01              91.625           2.275e+00             196.807           1.935e+01     
 104.000         270.000            2.372e+00          -1.729e+01              91.522           2.325e+00             196.600           1.992e+01     
 103.000         270.000            2.413e+00          -1.786e+01              91.402           2.372e+00             196.407           2.054e+01     
 102.000         270.000            2.450e+00          -1.848e+01              91.262           2.415e+00             196.229           2.120e+01     
 101.000         270.000            2.485e+00          -1.917e+01              91.097           2.455e+00             196.066           2.193e+01     
 100.000         270.000            2.517e+00          -1.993e+01              90.899           2.492e+00             195.917           2.273e+01     
  99.000         270.000            2.545e+00          -2.077e+01              90.657           2.525e+00             195.783           2.361e+01     
  98.000         270.000            2.571e+00          -2.172e+01              90.355           2.555e+00             195.664           2.459e+01     
  97.000         270.000            2.593e+00          -2.280e+01              89.970           2.581e+00             195.558           2.571e+01     
  96.000         270.000            2.613e+00          -2.405e+01              89.462           2.603e+00             195.467           2.699e+01     
  95.000         270.000            2.629e+00          -2.551e+01              88.762           2.622e+00             195.391           2.851e+01     
  94.000         270.000            2.642e+00          -2.729e+01              87.738           2.637e+00             195.328           3.034e+01     
  93.000         270.000            2.651e+00          -2.954e+01              86.103           2.649e+00             195.280           3.268e+01     
  92.000         270.000            2.658e+00          -3.258e+01              83.087           2.656e+00             195.246           3.590e+01     
  91.000         270.000            2.661e+00          -3.721e+01              75.759           2.661e+00             195.226           4.000e+01     
  90.000         270.000            2.661e+00          -4.569e+01              40.482           2.661e+00             195.221           4.000e+01     
  89.000         270.000            2.658e+00          -4.194e+01             304.301           2.657e+00             195.229           4.000e+01     
  88.000         270.000            2.651e+00          -3.522e+01             286.978           2.650e+00             195.252           3.787e+01     
  87.000         270.000            2.641e+00          -3.134e+01             281.944           2.639e+00             195.289           3.399e+01     
  86.000         270.000            2.628e+00          -2.865e+01             279.588           2.625e+00             195.340           3.132e+01     
  85.000         270.000            2.612e+00          -2.660e+01             278.224           2.607e+00             195.405           2.928e+01     
  84.000         270.000            2.592e+00          -2.496e+01             277.334           2.585e+00             195.485           2.763e+01     
  83.000         270.000            2.570e+00          -2.358e+01             276.707           2.559e+00             195.579           2.625e+01     
  82.000         270.000            2.544e+00          -2.241e+01             276.240           2.530e+00             195.688           2.506e+01     
  81.000         270.000            2.515e+00          -2.139e+01             275.878           2.497e+00             195.811           2.402e+01     
  80.000         270.000            2.483e+00          -2.048e+01             275.589           2.461e+00             195.949           2.309e+01     
  79.000         270.000            2.448e+00          -1.967e+01             275.352           2.421e+00             196.102           2.225e+01     
  78.000         270.000            2.410e+00          -1.895e+01             275.153           2.378e+00             196.269           2.149e+01     
  77.000         270.000            2.369e+00          -1.829e+01             274.985           2.331e+00             196.451           2.080e+01     
  76.000         270.000            2.325e+00          -1.769e+01             274.840           2.281e+00             196.648           2.016e+01     
  75.000         270.000            2.278e+00          -1.714e+01             274.713           2.228e+00             196.861           1.957e+01     
  74.000         270.000            2.228e+00          -1.663e+01             274.602           2.172e+00             197.088           1.902e+01     
  73.000         270.000            2.176e+00          -1.616e+01             274.504           2.112e+00             197.331           1.850e+01     
  72.000         270.000            2.122e+00          -1.573e+01             274.416           2.050e+00             197.589           1.802e+01     
  71.000         270.000            2.064e+00          -1.533e+01             274.338           1.985e+00             197.863           1.757e+01     
  70.000         270.000            2.005e+00          -1.496e+01             274.268           1.916e+00             198.152           1.715e+01     
  69.000         270.000            1.943e+00          -1.462e+01             274.206           1.846e+00             198.457           1.675e+01     
  68.000         270.000            1.878e+00          -1.430e+01             274.151           1.772e+00             198.777           1.637e+01     
  67.000         270.000            1.812e+00          -1.400e+01             274.101           1.696e+00             199.113           1.602e+01     
  66.000         270.000            1.743e+00          -1.372e+01             274.058           1.618e+00             199.465           1.568e+01     
  65.000         270.000            1.673e+00          -1.347e+01             274.021           1.538e+00             199.833           1.536e+01     
  64.000         270.000            1.601e+00          -1.323e+01             273.989           1.455e+00             200.217           1.506e+01     
  63.000         270.000            1.527e+00          -1.301e+01             273.963           1.371e+00             200.616           1.478e+01     
  62.000         270.000            1.451e+00          -1.280e+01             273.942           1.285e+00             201.031           1.451e+01     
  61.000         270.000            1.374e+00          -1.261e+01             273.927           1.197e+00             201.462           1.426e+01     
  60.000         270.000            1.296e+00          -1.244e+01             273.918           1.108e+00             201.907           1.402e+01     
  59.000         270.000            1.216e+00          -1.228e+01             273.914           1.017e+00             202.369           1.380e+01     
  58.000         270.000            1.135e+00          -1.213e+01             273.917           9.254e-01             202.845           1.358e+01     
  57.000         270.000            1.054e+00          -1.199e+01             273.925           8.327e-01             203.336           1.339e+01     
  56.000         270.000            9.710e-01          -1.187e+01             273.941           7.391e-01             203.841           1.320e+01     
  55.000         270.000            8.879e-01          -1.176e+01             273.963           6.450e-01             204.360           1.303e+01     
  54.000         270.000            8.042e-01          -1.166e+01             273.993           5.505e-01             204.893           1.287e+01     
  53.000         270.000            7.201e-01          -1.157e+01             274.030           4.557e-01             205.440           1.272e+01     
  52.000         270.000            6.358e-01          -1.149e+01             274.075           3.608e-01             205.998           1.258e+01     
  51.000         270.000            5.514e-01          -1.142e+01             274.129           2.661e-01             206.569           1.246e+01     
  50.000         270.000            4.670e-01          -1.136e+01             274.191           1.717e-01             207.151           1.234e+01     
  49.000         270.000            3.828e-01          -1.130e+01             274.263           7.780e-02             207.744           1.224e+01     
  48.000         270.000            2.989e-01          -1.126e+01             274.345          -1.541e-02             208.346           1.215e+01     
  47.000         270.000            2.154e-01          -1.123e+01             274.438          -1.077e-01             208.957           1.206e+01     
  46.000         270.000            1.326e-01          -1.120e+01             274.542          -1.990e-01             209.576           1.199e+01     
  45.000         270.000            5.043e-02          -1.119e+01             274.657          -2.891e-01             210.202           1.193e+01     
  44.000         270.000           -3.086e-02          -1.118e+01             274.785          -3.777e-01             210.833           1.188e+01     
  43.000         270.000           -1.112e-01          -1.118e+01             274.927          -4.648e-01             211.469           1.184e+01     
  42.000         270.000           -1.904e-01          -1.119e+01             275.083          -5.502e-01             212.109           1.181e+01     
  41.000         270.000           -2.684e-01          -1.120e+01             275.253          -6.337e-01             212.750           1.178e+01     
  40.000         270.000           -3.451e-01          -1.122e+01             275.439          -7.152e-01             213.392           1.177e+01     
  39.000         270.000           -4.204e-01          -1.125e+01             275.642          -7.946e-01             214.034           1.176e+01     
  38.000         270.000           -4.942e-01          -1.129e+01             275.863          -8.718e-01             214.673           1.176e+01     
  37.000         270.000           -5.664e-01          -1.133e+01             276.102          -9.466e-01             215.309           1.177e+01     
  36.000         270.000           -6.370e-01          -1.138e+01             276.361          -1.019e+00             215.940           1.178e+01     
  35.000         270.000           -7.058e-01          -1.144e+01             276.641          -1.089e+00             216.564           1.181e+01     
  34.000         270.000           -7.728e-01          -1.150e+01             276.943          -1.156e+00             217.181           1.183e+01     
  33.000         270.000           -8.379e-01          -1.157e+01             277.268          -1.221e+00             217.787           1.187e+01     
  32.000         270.000           -9.011e-01          -1.165e+01             277.618          -1.283e+00             218.383           1.191e+01     
  31.000         270.000           -9.624e-01          -1.173e+01             277.994          -1.342e+00             218.965           1.195e+01     
  30.000         270.000           -1.022e+00          -1.182e+01             278.398          -1.399e+00             219.534           1.200e+01     
  29.000         270.000           -1.079e+00          -1.192e+01             278.832          -1.453e+00             220.087           1.205e+01     
  28.000         270.000           -1.134e+00          -1.202e+01             279.296          -1.504e+00             220.623           1.210e+01     
  27.000         270.000           -1.187e+00          -1.212e+01             279.793          -1.552e+00             221.140           1.216e+01     
  26.000         270.000           -1.238e+00          -1.223e+01             280.324          -1.598e+00             221.637           1.222e+01     
  25.000         270.000           -1.287e+00          -1.235e+01             280.892          -1.641e+00             222.114           1.228e+01     
  24.000         270.000           -1.334e+00          -1.247e+01             281.499          -1.682e+00             222.568           1.234e+01     
  23.000         270.000           -1.379e+00          -1.260e+01             282.147          -1.720e+00             222.998           1.240e+01     
  22.000         270.000           -1.422e+00          -1.273e+01             282.838          -1.756e+00             223.403           1.246e+01     
  21.000         270.000           -1.463e+00          -1.287e+01             283.574          -1.789e+00             223.783           1.253e+01     
  20.000         270.000           -1.502e+00          -1.301e+01             284.359          -1.820e+00             224.136           1.259e+01     
  19.000         270.000           -1.539e+00          -1.315e+01             285.194          -1.849e+00             224.461           1.265e+01     
  18.000         270.000           -1.574e+00          -1.330e+01             286.082          -1.876e+00             224.757           1.271e+01     
  17.000         270.000           -1.607e+00          -1.345e+01             287.027          -1.900e+00             225.024           1.278e+01     
  16.000         270.000           -1.638e+00          -1.361e+01             288.030          -1.923e+00             225.261           1.284e+01     
  15.000         270.000           -1.667e+00          -1.377e+01             289.095          -1.943e+00             225.467           1.290e+01     
  14.000         270.000           -1.694e+00          -1.393e+01             290.225          -1.962e+00             225.642           1.296e+01     
  13.000         270.000           -1.720e+00          -1.409e+01             291.423          -1.979e+00             225.785           1.302e+01     
  12.000         270.000           -1.743e+00          -1.425e+01             292.691          -1.994e+00             225.895           1.307e+01     
  11.000         270.000           -1.765e+00          -1.441e+01             294.032          -2.008e+00             225.973           1.313e+01     
  10.000         270.000           -1.785e+00          -1.458e+01             295.448          -2.020e+00             226.018           1.319e+01     
   9.000         270.000           -1.804e+00          -1.474e+01             296.942          -2.031e+00             226.029           1.325e+01     
   8.000         270.000           -1.820e+00          -1.490e+01             298.515          -2.040e+00             226.006           1.331e+01     
   7.000         270.000           -1.835e+00          -1.505e+01             300.170          -2.047e+00             225.950           1.337e+01     
   6.000         270.000           -1.848e+00          -1.521e+01             301.906          -2.054e+00             225.860           1.344e+01     
   5.000         270.000           -1.860e+00          -1.535e+01             303.724          -2.059e+00             225.736           1.351e+01     
   4.000         270.000           -1.870e+00          -1.549e+01             305.623          -2.063e+00             225.577           1.358e+01     
   3.000         270.000           -1.878e+00          -1.563e+01             307.602          -2.065e+00             225.385           1.365e+01     
   2.000         270.000           -1.884e+00          -1.575e+01             309.657          -2.066e+00             225.158           1.373e+01     
   1.000         270.000           -1.889e+00          -1.586e+01             311.786          -2.066e+00             224.898           1.381e+01     
