Theta [deg.]  Phi   [deg.]  Abs(Grlz)[dBi   ]   Abs(Theta)[dBi   ]  Phase(Theta)[deg.]  Abs(Phi  )[dBi   ]  Phase(Phi  )[deg.]  Ax.Ratio[dB    ]    
------------------------------------------------------------------------------------------------------------------------------------------------------
   0.000          90.000           -5.231e+00          -1.746e+01             350.306          -5.499e+00              83.084           1.197e+01     
   1.000          90.000           -5.199e+00          -1.730e+01             354.120          -5.475e+00              82.724           1.182e+01     
   2.000          90.000           -5.161e+00          -1.709e+01             357.763          -5.449e+00              82.358           1.169e+01     
   3.000          90.000           -5.119e+00          -1.686e+01               1.212          -5.420e+00              81.986           1.157e+01     
   4.000          90.000           -5.072e+00          -1.661e+01               4.454          -5.388e+00              81.610           1.148e+01     
   5.000          90.000           -5.021e+00          -1.634e+01               7.482          -5.354e+00              81.230           1.139e+01     
   6.000          90.000           -4.965e+00          -1.605e+01              10.297          -5.317e+00              80.845           1.133e+01     
   7.000          90.000           -4.906e+00          -1.575e+01              12.903          -5.279e+00              80.457           1.128e+01     
   8.000          90.000           -4.842e+00          -1.545e+01              15.310          -5.237e+00              80.065           1.125e+01     
   9.000          90.000           -4.776e+00          -1.515e+01              17.525          -5.194e+00              79.669           1.123e+01     
  10.000          90.000           -4.706e+00          -1.485e+01              19.563          -5.148e+00              79.271           1.123e+01     
  11.000          90.000           -4.633e+00          -1.455e+01              21.436          -5.100e+00              78.870           1.124e+01     
  12.000          90.000           -4.557e+00          -1.425e+01              23.155          -5.050e+00              78.467           1.126e+01     
  13.000          90.000           -4.479e+00          -1.396e+01              24.734          -4.998e+00              78.062           1.129e+01     
  14.000          90.000           -4.398e+00          -1.368e+01              26.183          -4.944e+00              77.656           1.134e+01     
  15.000          90.000           -4.316e+00          -1.340e+01              27.514          -4.888e+00              77.248           1.140e+01     
  16.000          90.000           -4.232e+00          -1.313e+01              28.737          -4.831e+00              76.839           1.146e+01     
  17.000          90.000           -4.146e+00          -1.287e+01              29.861          -4.772e+00              76.429           1.154e+01     
  18.000          90.000           -4.060e+00          -1.262e+01              30.895          -4.711e+00              76.019           1.163e+01     
  19.000          90.000           -3.972e+00          -1.238e+01              31.846          -4.648e+00              75.609           1.172e+01     
  20.000          90.000           -3.884e+00          -1.215e+01              32.722          -4.585e+00              75.198           1.183e+01     
  21.000          90.000           -3.795e+00          -1.193e+01              33.529          -4.520e+00              74.789           1.194e+01     
  22.000          90.000           -3.706e+00          -1.172e+01              34.272          -4.453e+00              74.379           1.205e+01     
  23.000          90.000           -3.617e+00          -1.151e+01              34.958          -4.386e+00              73.971           1.218e+01     
  24.000          90.000           -3.528e+00          -1.132e+01              35.591          -4.317e+00              73.564           1.230e+01     
  25.000          90.000           -3.439e+00          -1.114e+01              36.176          -4.247e+00              73.158           1.244e+01     
  26.000          90.000           -3.350e+00          -1.096e+01              36.715          -4.177e+00              72.754           1.258e+01     
  27.000          90.000           -3.262e+00          -1.080e+01              37.213          -4.105e+00              72.352           1.272e+01     
  28.000          90.000           -3.175e+00          -1.064e+01              37.674          -4.033e+00              71.951           1.287e+01     
  29.000          90.000           -3.089e+00          -1.049e+01              38.099          -3.960e+00              71.554           1.302e+01     
  30.000          90.000           -3.004e+00          -1.035e+01              38.493          -3.887e+00              71.158           1.318e+01     
  31.000          90.000           -2.919e+00          -1.022e+01              38.856          -3.813e+00              70.765           1.334e+01     
  32.000          90.000           -2.836e+00          -1.010e+01              39.192          -3.739e+00              70.376           1.351e+01     
  33.000          90.000           -2.755e+00          -9.992e+00              39.503          -3.664e+00              69.989           1.368e+01     
  34.000          90.000           -2.675e+00          -9.889e+00              39.789          -3.589e+00              69.606           1.385e+01     
  35.000          90.000           -2.596e+00          -9.795e+00              40.054          -3.514e+00              69.226           1.402e+01     
  36.000          90.000           -2.519e+00          -9.710e+00              40.299          -3.439e+00              68.850           1.420e+01     
  37.000          90.000           -2.443e+00          -9.634e+00              40.525          -3.364e+00              68.477           1.438e+01     
  38.000          90.000           -2.370e+00          -9.566e+00              40.733          -3.288e+00              68.109           1.457e+01     
  39.000          90.000           -2.298e+00          -9.507e+00              40.925          -3.213e+00              67.745           1.475e+01     
  40.000          90.000           -2.227e+00          -9.457e+00              41.102          -3.139e+00              67.385           1.494e+01     
  41.000          90.000           -2.159e+00          -9.416e+00              41.265          -3.064e+00              67.029           1.514e+01     
  42.000          90.000           -2.093e+00          -9.384e+00              41.414          -2.990e+00              66.679           1.533e+01     
  43.000          90.000           -2.028e+00          -9.361e+00              41.552          -2.916e+00              66.333           1.553e+01     
  44.000          90.000           -1.966e+00          -9.347e+00              41.678          -2.843e+00              65.992           1.574e+01     
  45.000          90.000           -1.906e+00          -9.342e+00              41.793          -2.770e+00              65.656           1.594e+01     
  46.000          90.000           -1.847e+00          -9.346e+00              41.899          -2.698e+00              65.325           1.615e+01     
  47.000          90.000           -1.791e+00          -9.360e+00              41.996          -2.626e+00              65.000           1.637e+01     
  48.000          90.000           -1.737e+00          -9.384e+00              42.084          -2.556e+00              64.681           1.659e+01     
  49.000          90.000           -1.684e+00          -9.417e+00              42.164          -2.486e+00              64.367           1.681e+01     
  50.000          90.000           -1.634e+00          -9.461e+00              42.237          -2.417e+00              64.058           1.703e+01     
  51.000          90.000           -1.586e+00          -9.514e+00              42.302          -2.349e+00              63.756           1.727e+01     
  52.000          90.000           -1.540e+00          -9.578e+00              42.362          -2.282e+00              63.460           1.750e+01     
  53.000          90.000           -1.495e+00          -9.653e+00              42.415          -2.216e+00              63.170           1.774e+01     
  54.000          90.000           -1.453e+00          -9.739e+00              42.463          -2.151e+00              62.886           1.799e+01     
  55.000          90.000           -1.413e+00          -9.836e+00              42.506          -2.087e+00              62.608           1.824e+01     
  56.000          90.000           -1.375e+00          -9.945e+00              42.544          -2.024e+00              62.337           1.850e+01     
  57.000          90.000           -1.338e+00          -1.007e+01              42.578          -1.963e+00              62.073           1.877e+01     
  58.000          90.000           -1.304e+00          -1.020e+01              42.607          -1.903e+00              61.816           1.904e+01     
  59.000          90.000           -1.271e+00          -1.035e+01              42.633          -1.844e+00              61.565           1.933e+01     
  60.000          90.000           -1.240e+00          -1.051e+01              42.655          -1.787e+00              61.321           1.961e+01     
  61.000          90.000           -1.211e+00          -1.068e+01              42.674          -1.731e+00              61.085           1.991e+01     
  62.000          90.000           -1.183e+00          -1.087e+01              42.690          -1.677e+00              60.855           2.022e+01     
  63.000          90.000           -1.158e+00          -1.108e+01              42.703          -1.624e+00              60.633           2.054e+01     
  64.000          90.000           -1.134e+00          -1.130e+01              42.713          -1.573e+00              60.419           2.087e+01     
  65.000          90.000           -1.111e+00          -1.154e+01              42.721          -1.524e+00              60.211           2.122e+01     
  66.000          90.000           -1.090e+00          -1.179e+01              42.726          -1.476e+00              60.012           2.157e+01     
  67.000          90.000           -1.070e+00          -1.207e+01              42.730          -1.430e+00              59.819           2.194e+01     
  68.000          90.000           -1.052e+00          -1.237e+01              42.731          -1.385e+00              59.635           2.233e+01     
  69.000          90.000           -1.035e+00          -1.269e+01              42.731          -1.342e+00              59.458           2.274e+01     
  70.000          90.000           -1.020e+00          -1.304e+01              42.729          -1.302e+00              59.290           2.316e+01     
  71.000          90.000           -1.005e+00          -1.341e+01              42.724          -1.262e+00              59.129           2.361e+01     
  72.000          90.000           -9.923e-01          -1.382e+01              42.718          -1.225e+00              58.976           2.408e+01     
  73.000          90.000           -9.803e-01          -1.425e+01              42.711          -1.190e+00              58.832           2.458e+01     
  74.000          90.000           -9.693e-01          -1.472e+01              42.701          -1.156e+00              58.695           2.511e+01     
  75.000          90.000           -9.593e-01          -1.523e+01              42.689          -1.125e+00              58.567           2.567e+01     
  76.000          90.000           -9.502e-01          -1.579e+01              42.675          -1.095e+00              58.447           2.627e+01     
  77.000          90.000           -9.420e-01          -1.639e+01              42.658          -1.068e+00              58.335           2.692e+01     
  78.000          90.000           -9.347e-01          -1.706e+01              42.638          -1.042e+00              58.232           2.763e+01     
  79.000          90.000           -9.281e-01          -1.779e+01              42.614          -1.018e+00              58.137           2.839e+01     
  80.000          90.000           -9.223e-01          -1.861e+01              42.586          -9.969e-01              58.051           2.923e+01     
  81.000          90.000           -9.171e-01          -1.952e+01              42.550          -9.775e-01              57.973           3.016e+01     
  82.000          90.000           -9.126e-01          -2.055e+01              42.506          -9.601e-01              57.904           3.120e+01     
  83.000          90.000           -9.087e-01          -2.174e+01              42.448          -9.447e-01              57.843           3.239e+01     
  84.000          90.000           -9.054e-01          -2.314e+01              42.370          -9.315e-01              57.791           3.376e+01     
  85.000          90.000           -9.027e-01          -2.482e+01              42.259          -9.203e-01              57.748           3.540e+01     
  86.000          90.000           -9.004e-01          -2.692e+01              42.087          -9.113e-01              57.713           3.742e+01     
  87.000          90.000           -8.987e-01          -2.971e+01              41.783          -9.044e-01              57.687           4.000e+01     
  88.000          90.000           -8.974e-01          -3.386e+01              41.104          -8.996e-01              57.670           4.000e+01     
  89.000          90.000           -8.966e-01          -4.215e+01              38.255          -8.969e-01              57.662           4.000e+01     
  90.000          90.000           -8.963e-01          -4.647e+01             230.469          -8.964e-01              57.662           4.000e+01     
  91.000          90.000           -8.964e-01          -3.528e+01             224.975          -8.980e-01              57.671           4.000e+01     
  92.000          90.000           -8.970e-01          -3.055e+01             224.099          -9.017e-01              57.688           4.000e+01     
  93.000          90.000           -8.980e-01          -2.751e+01             223.743          -9.075e-01              57.715           3.897e+01     
  94.000          90.000           -8.996e-01          -2.527e+01             223.551          -9.155e-01              57.750           3.659e+01     
  95.000          90.000           -9.016e-01          -2.350e+01             223.432          -9.255e-01              57.793           3.473e+01     
  96.000          90.000           -9.042e-01          -2.205e+01             223.351          -9.377e-01              57.846           3.320e+01     
  97.000          90.000           -9.073e-01          -2.081e+01             223.292          -9.520e-01              57.907           3.190e+01     
  98.000          90.000           -9.111e-01          -1.973e+01             223.249          -9.684e-01              57.977           3.077e+01     
  99.000          90.000           -9.154e-01          -1.879e+01             223.215          -9.868e-01              58.055           2.977e+01     
 100.000          90.000           -9.204e-01          -1.795e+01             223.189          -1.007e+00              58.142           2.887e+01     
 101.000          90.000           -9.261e-01          -1.719e+01             223.168          -1.030e+00              58.238           2.806e+01     
 102.000          90.000           -9.325e-01          -1.651e+01             223.150          -1.055e+00              58.342           2.731e+01     
 103.000          90.000           -9.398e-01          -1.589e+01             223.136          -1.081e+00              58.454           2.663e+01     
 104.000          90.000           -9.479e-01          -1.532e+01             223.123          -1.110e+00              58.575           2.600e+01     
 105.000          90.000           -9.569e-01          -1.479e+01             223.113          -1.140e+00              58.705           2.541e+01     
 106.000          90.000           -9.668e-01          -1.431e+01             223.103          -1.173e+00              58.842           2.485e+01     
 107.000          90.000           -9.778e-01          -1.386e+01             223.094          -1.207e+00              58.988           2.433e+01     
 108.000          90.000           -9.899e-01          -1.345e+01             223.086          -1.244e+00              59.142           2.384e+01     
 109.000          90.000           -1.003e+00          -1.307e+01             223.078          -1.282e+00              59.305           2.338e+01     
 110.000          90.000           -1.017e+00          -1.271e+01             223.070          -1.322e+00              59.475           2.293e+01     
 111.000          90.000           -1.033e+00          -1.238e+01             223.061          -1.364e+00              59.653           2.251e+01     
 112.000          90.000           -1.050e+00          -1.207e+01             223.052          -1.408e+00              59.840           2.211e+01     
 113.000          90.000           -1.068e+00          -1.178e+01             223.042          -1.453e+00              60.034           2.173e+01     
 114.000          90.000           -1.088e+00          -1.152e+01             223.031          -1.500e+00              60.236           2.136e+01     
 115.000          90.000           -1.109e+00          -1.127e+01             223.019          -1.549e+00              60.445           2.101e+01     
 116.000          90.000           -1.132e+00          -1.104e+01             223.005          -1.600e+00              60.663           2.066e+01     
 117.000          90.000           -1.156e+00          -1.083e+01             222.989          -1.652e+00              60.887           2.034e+01     
 118.000          90.000           -1.182e+00          -1.063e+01             222.972          -1.706e+00              61.120           2.002e+01     
 119.000          90.000           -1.210e+00          -1.045e+01             222.952          -1.761e+00              61.359           1.971e+01     
 120.000          90.000           -1.239e+00          -1.028e+01             222.929          -1.817e+00              61.606           1.941e+01     
 121.000          90.000           -1.271e+00          -1.013e+01             222.904          -1.876e+00              61.860           1.913e+01     
 122.000          90.000           -1.304e+00          -9.990e+00             222.876          -1.935e+00              62.121           1.885e+01     
 123.000          90.000           -1.339e+00          -9.862e+00             222.844          -1.996e+00              62.389           1.857e+01     
 124.000          90.000           -1.375e+00          -9.747e+00             222.809          -2.058e+00              62.664           1.831e+01     
 125.000          90.000           -1.414e+00          -9.644e+00             222.769          -2.122e+00              62.945           1.805e+01     
 126.000          90.000           -1.455e+00          -9.552e+00             222.725          -2.186e+00              63.233           1.780e+01     
 127.000          90.000           -1.498e+00          -9.471e+00             222.676          -2.252e+00              63.528           1.755e+01     
 128.000          90.000           -1.542e+00          -9.400e+00             222.622          -2.319e+00              63.829           1.731e+01     
 129.000          90.000           -1.589e+00          -9.341e+00             222.563          -2.387e+00              64.136           1.707e+01     
 130.000          90.000           -1.638e+00          -9.291e+00             222.497          -2.456e+00              64.449           1.684e+01     
 131.000          90.000           -1.689e+00          -9.252e+00             222.424          -2.526e+00              64.768           1.661e+01     
 132.000          90.000           -1.742e+00          -9.223e+00             222.345          -2.596e+00              65.093           1.639e+01     
 133.000          90.000           -1.797e+00          -9.203e+00             222.257          -2.668e+00              65.424           1.617e+01     
 134.000          90.000           -1.854e+00          -9.192e+00             222.161          -2.740e+00              65.761           1.596e+01     
 135.000          90.000           -1.913e+00          -9.191e+00             222.057          -2.813e+00              66.102           1.575e+01     
 136.000          90.000           -1.974e+00          -9.199e+00             221.943          -2.886e+00              66.450           1.554e+01     
 137.000          90.000           -2.037e+00          -9.216e+00             221.818          -2.960e+00              66.802           1.534e+01     
 138.000          90.000           -2.103e+00          -9.243e+00             221.682          -3.035e+00              67.159           1.514e+01     
 139.000          90.000           -2.170e+00          -9.278e+00             221.535          -3.110e+00              67.521           1.494e+01     
 140.000          90.000           -2.239e+00          -9.322e+00             221.374          -3.185e+00              67.888           1.475e+01     
 141.000          90.000           -2.310e+00          -9.375e+00             221.199          -3.261e+00              68.259           1.456e+01     
 142.000          90.000           -2.383e+00          -9.436e+00             221.010          -3.336e+00              68.635           1.437e+01     
 143.000          90.000           -2.458e+00          -9.507e+00             220.804          -3.412e+00              69.015           1.419e+01     
 144.000          90.000           -2.534e+00          -9.586e+00             220.582          -3.488e+00              69.399           1.401e+01     
 145.000          90.000           -2.612e+00          -9.673e+00             220.340          -3.564e+00              69.787           1.383e+01     
 146.000          90.000           -2.692e+00          -9.770e+00             220.079          -3.639e+00              70.178           1.365e+01     
 147.000          90.000           -2.773e+00          -9.875e+00             219.795          -3.715e+00              70.573           1.348e+01     
 148.000          90.000           -2.856e+00          -9.990e+00             219.488          -3.790e+00              70.971           1.331e+01     
 149.000          90.000           -2.940e+00          -1.011e+01             219.156          -3.865e+00              71.372           1.315e+01     
 150.000          90.000           -3.026e+00          -1.024e+01             218.797          -3.939e+00              71.777           1.299e+01     
 151.000          90.000           -3.112e+00          -1.039e+01             218.408          -4.013e+00              72.183           1.283e+01     
 152.000          90.000           -3.200e+00          -1.054e+01             217.987          -4.086e+00              72.593           1.268e+01     
 153.000          90.000           -3.288e+00          -1.069e+01             217.531          -4.159e+00              73.004           1.253e+01     
 154.000          90.000           -3.377e+00          -1.086e+01             217.037          -4.231e+00              73.418           1.239e+01     
 155.000          90.000           -3.467e+00          -1.104e+01             216.502          -4.302e+00              73.833           1.225e+01     
 156.000          90.000           -3.557e+00          -1.123e+01             215.923          -4.372e+00              74.250           1.212e+01     
 157.000          90.000           -3.648e+00          -1.142e+01             215.295          -4.441e+00              74.668           1.199e+01     
 158.000          90.000           -3.738e+00          -1.163e+01             214.614          -4.508e+00              75.087           1.187e+01     
 159.000          90.000           -3.829e+00          -1.185e+01             213.875          -4.575e+00              75.506           1.175e+01     
 160.000          90.000           -3.919e+00          -1.207e+01             213.072          -4.640e+00              75.927           1.165e+01     
 161.000          90.000           -4.009e+00          -1.231e+01             212.201          -4.704e+00              76.347           1.155e+01     
 162.000          90.000           -4.098e+00          -1.255e+01             211.254          -4.767e+00              76.768           1.146e+01     
 163.000          90.000           -4.186e+00          -1.280e+01             210.223          -4.828e+00              77.188           1.137e+01     
 164.000          90.000           -4.272e+00          -1.307e+01             209.102          -4.887e+00              77.607           1.130e+01     
 165.000          90.000           -4.358e+00          -1.334e+01             207.881          -4.945e+00              78.025           1.124e+01     
 166.000          90.000           -4.441e+00          -1.362e+01             206.551          -5.000e+00              78.442           1.118e+01     
 167.000          90.000           -4.523e+00          -1.391e+01             205.100          -5.054e+00              78.858           1.114e+01     
 168.000          90.000           -4.602e+00          -1.421e+01             203.519          -5.106e+00              79.271           1.111e+01     
 169.000          90.000           -4.679e+00          -1.451e+01             201.795          -5.156e+00              79.683           1.110e+01     
 170.000          90.000           -4.753e+00          -1.481e+01             199.914          -5.204e+00              80.091           1.110e+01     
 171.000          90.000           -4.824e+00          -1.512e+01             197.864          -5.250e+00              80.497           1.111e+01     
 172.000          90.000           -4.892e+00          -1.543e+01             195.632          -5.293e+00              80.900           1.113e+01     
 173.000          90.000           -4.956e+00          -1.574e+01             193.205          -5.334e+00              81.299           1.118e+01     
 174.000          90.000           -5.016e+00          -1.604e+01             190.572          -5.373e+00              81.694           1.124e+01     
 175.000          90.000           -5.073e+00          -1.634e+01             187.723          -5.410e+00              82.085           1.131e+01     
 176.000          90.000           -5.124e+00          -1.662e+01             184.653          -5.444e+00              82.471           1.140e+01     
 177.000          90.000           -5.172e+00          -1.688e+01             181.361          -5.475e+00              82.852           1.152e+01     
 178.000          90.000           -5.214e+00          -1.712e+01             177.854          -5.504e+00              83.228           1.165e+01     
 179.000          90.000           -5.252e+00          -1.732e+01             174.144          -5.530e+00              83.599           1.179e+01     
 180.000          90.000           -5.284e+00          -1.749e+01             170.257          -5.554e+00              83.963           1.196e+01     
 179.000         270.000           -5.312e+00          -1.762e+01             346.223          -5.575e+00             264.322           1.215e+01     
 178.000         270.000           -5.334e+00          -1.771e+01             342.084          -5.593e+00             264.674           1.235e+01     
 177.000         270.000           -5.350e+00          -1.774e+01             337.887          -5.608e+00             265.019           1.258e+01     
 176.000         270.000           -5.362e+00          -1.773e+01             333.686          -5.621e+00             265.357           1.282e+01     
 175.000         270.000           -5.367e+00          -1.767e+01             329.530          -5.631e+00             265.687           1.309e+01     
 174.000         270.000           -5.368e+00          -1.756e+01             325.471          -5.638e+00             266.010           1.337e+01     
 173.000         270.000           -5.363e+00          -1.741e+01             321.549          -5.642e+00             266.325           1.367e+01     
 172.000         270.000           -5.352e+00          -1.722e+01             317.800          -5.644e+00             266.632           1.399e+01     
 171.000         270.000           -5.337e+00          -1.701e+01             314.247          -5.643e+00             266.931           1.433e+01     
 170.000         270.000           -5.316e+00          -1.676e+01             310.907          -5.639e+00             267.221           1.469e+01     
 169.000         270.000           -5.290e+00          -1.650e+01             307.787          -5.632e+00             267.503           1.507e+01     
 168.000         270.000           -5.260e+00          -1.622e+01             304.887          -5.622e+00             267.776           1.547e+01     
 167.000         270.000           -5.225e+00          -1.593e+01             302.203          -5.610e+00             268.040           1.589e+01     
 166.000         270.000           -5.185e+00          -1.564e+01             299.726          -5.595e+00             268.294           1.632e+01     
 165.000         270.000           -5.142e+00          -1.535e+01             297.445          -5.578e+00             268.540           1.677e+01     
 164.000         270.000           -5.095e+00          -1.505e+01             295.347          -5.557e+00             268.776           1.724e+01     
 163.000         270.000           -5.044e+00          -1.476e+01             293.420          -5.534e+00             269.003           1.773e+01     
 162.000         270.000           -4.990e+00          -1.447e+01             291.651          -5.509e+00             269.221           1.824e+01     
 161.000         270.000           -4.933e+00          -1.419e+01             290.025          -5.481e+00             269.430           1.877e+01     
 160.000         270.000           -4.873e+00          -1.392e+01             288.532          -5.451e+00             269.629           1.931e+01     
 159.000         270.000           -4.811e+00          -1.365e+01             287.160          -5.418e+00             269.818           1.987e+01     
 158.000         270.000           -4.746e+00          -1.339e+01             285.898          -5.383e+00             269.999           2.046e+01     
 157.000         270.000           -4.679e+00          -1.315e+01             284.736          -5.346e+00             270.170           2.106e+01     
 156.000         270.000           -4.611e+00          -1.291e+01             283.666          -5.307e+00             270.332           2.168e+01     
 155.000         270.000           -4.542e+00          -1.268e+01             282.679          -5.265e+00             270.486           2.232e+01     
 154.000         270.000           -4.471e+00          -1.246e+01             281.769          -5.222e+00             270.630           2.298e+01     
 153.000         270.000           -4.399e+00          -1.226e+01             280.928          -5.176e+00             270.765           2.366e+01     
 152.000         270.000           -4.327e+00          -1.206e+01             280.150          -5.129e+00             270.892           2.437e+01     
 151.000         270.000           -4.254e+00          -1.187e+01             279.430          -5.080e+00             271.011           2.510e+01     
 150.000         270.000           -4.181e+00          -1.169e+01             278.763          -5.029e+00             271.121           2.586e+01     
 149.000         270.000           -4.108e+00          -1.153e+01             278.145          -4.977e+00             271.224           2.665e+01     
 148.000         270.000           -4.035e+00          -1.137e+01             277.572          -4.923e+00             271.318           2.746e+01     
 147.000         270.000           -3.963e+00          -1.122e+01             277.039          -4.867e+00             271.405           2.831e+01     
 146.000         270.000           -3.891e+00          -1.108e+01             276.545          -4.811e+00             271.484           2.919e+01     
 145.000         270.000           -3.820e+00          -1.096e+01             276.084          -4.753e+00             271.557           3.012e+01     
 144.000         270.000           -3.749e+00          -1.084e+01             275.656          -4.694e+00             271.622           3.108e+01     
 143.000         270.000           -3.680e+00          -1.073e+01             275.257          -4.634e+00             271.681           3.210e+01     
 142.000         270.000           -3.611e+00          -1.063e+01             274.886          -4.572e+00             271.733           3.317e+01     
 141.000         270.000           -3.544e+00          -1.054e+01             274.539          -4.511e+00             271.779           3.431e+01     
 140.000         270.000           -3.478e+00          -1.047e+01             274.216          -4.448e+00             271.820           3.553e+01     
 139.000         270.000           -3.414e+00          -1.040e+01             273.914          -4.385e+00             271.854           3.684e+01     
 138.000         270.000           -3.351e+00          -1.034e+01             273.632          -4.321e+00             271.884           3.827e+01     
 137.000         270.000           -3.290e+00          -1.029e+01             273.369          -4.256e+00             271.908           3.984e+01     
 136.000         270.000           -3.230e+00          -1.025e+01             273.122          -4.192e+00             271.927           4.000e+01     
 135.000         270.000           -3.172e+00          -1.022e+01             272.892          -4.127e+00             271.942           4.000e+01     
 134.000         270.000           -3.116e+00          -1.020e+01             272.676          -4.062e+00             271.953           4.000e+01     
 133.000         270.000           -3.062e+00          -1.019e+01             272.475          -3.997e+00             271.959           4.000e+01     
 132.000         270.000           -3.009e+00          -1.019e+01             272.285          -3.931e+00             271.962           4.000e+01     
 131.000         270.000           -2.959e+00          -1.020e+01             272.108          -3.866e+00             271.961           4.000e+01     
 130.000         270.000           -2.910e+00          -1.022e+01             271.942          -3.802e+00             271.957           4.000e+01     
 129.000         270.000           -2.863e+00          -1.026e+01             271.786          -3.737e+00             271.950           4.000e+01     
 128.000         270.000           -2.819e+00          -1.030e+01             271.639          -3.673e+00             271.940           4.000e+01     
 127.000         270.000           -2.776e+00          -1.035e+01             271.501          -3.609e+00             271.927           4.000e+01     
 126.000         270.000           -2.735e+00          -1.042e+01             271.372          -3.546e+00             271.912           4.000e+01     
 125.000         270.000           -2.696e+00          -1.050e+01             271.250          -3.484e+00             271.895           4.000e+01     
 124.000         270.000           -2.659e+00          -1.059e+01             271.135          -3.422e+00             271.876           4.000e+01     
 123.000         270.000           -2.624e+00          -1.069e+01             271.026          -3.362e+00             271.856           4.000e+01     
 122.000         270.000           -2.591e+00          -1.080e+01             270.924          -3.302e+00             271.833           4.000e+01     
 121.000         270.000           -2.560e+00          -1.093e+01             270.827          -3.243e+00             271.810           4.000e+01     
 120.000         270.000           -2.530e+00          -1.107e+01             270.734          -3.185e+00             271.785           4.000e+01     
 119.000         270.000           -2.503e+00          -1.123e+01             270.647          -3.128e+00             271.759           4.000e+01     
 118.000         270.000           -2.477e+00          -1.140e+01             270.563          -3.073e+00             271.733           4.000e+01     
 117.000         270.000           -2.453e+00          -1.158e+01             270.484          -3.019e+00             271.706           4.000e+01     
 116.000         270.000           -2.430e+00          -1.179e+01             270.407          -2.966e+00             271.678           4.000e+01     
 115.000         270.000           -2.410e+00          -1.201e+01             270.334          -2.914e+00             271.650           4.000e+01     
 114.000         270.000           -2.390e+00          -1.224e+01             270.263          -2.864e+00             271.622           4.000e+01     
 113.000         270.000           -2.372e+00          -1.250e+01             270.193          -2.816e+00             271.594           4.000e+01     
 112.000         270.000           -2.356e+00          -1.278e+01             270.126          -2.769e+00             271.565           4.000e+01     
 111.000         270.000           -2.341e+00          -1.308e+01             270.059          -2.724e+00             271.537           4.000e+01     
 110.000         270.000           -2.327e+00          -1.340e+01             269.993          -2.681e+00             271.510           4.000e+01     
 109.000         270.000           -2.315e+00          -1.375e+01             269.927          -2.639e+00             271.482           4.000e+01     
 108.000         270.000           -2.304e+00          -1.412e+01             269.860          -2.599e+00             271.456           4.000e+01     
 107.000         270.000           -2.293e+00          -1.453e+01             269.791          -2.561e+00             271.430           4.000e+01     
 106.000         270.000           -2.284e+00          -1.497e+01             269.721          -2.525e+00             271.404           4.000e+01     
 105.000         270.000           -2.276e+00          -1.544e+01             269.646          -2.491e+00             271.379           4.000e+01     
 104.000         270.000           -2.269e+00          -1.596e+01             269.567          -2.459e+00             271.355           4.000e+01     
 103.000         270.000           -2.263e+00          -1.652e+01             269.482          -2.429e+00             271.332           4.000e+01     
 102.000         270.000           -2.257e+00          -1.714e+01             269.388          -2.401e+00             271.311           4.000e+01     
 101.000         270.000           -2.252e+00          -1.782e+01             269.283          -2.375e+00             271.290           4.000e+01     
 100.000         270.000           -2.248e+00          -1.857e+01             269.162          -2.351e+00             271.270           4.000e+01     
  99.000         270.000           -2.245e+00          -1.940e+01             269.020          -2.329e+00             271.251           4.000e+01     
  98.000         270.000           -2.242e+00          -2.033e+01             268.850          -2.309e+00             271.234           4.000e+01     
  97.000         270.000           -2.239e+00          -2.140e+01             268.638          -2.292e+00             271.217           4.000e+01     
  96.000         270.000           -2.237e+00          -2.262e+01             268.365          -2.277e+00             271.202           4.000e+01     
  95.000         270.000           -2.236e+00          -2.406e+01             267.995          -2.264e+00             271.189           4.000e+01     
  94.000         270.000           -2.234e+00          -2.581e+01             267.464          -2.254e+00             271.176           4.000e+01     
  93.000         270.000           -2.234e+00          -2.800e+01             266.629          -2.245e+00             271.165           4.000e+01     
  92.000         270.000           -2.233e+00          -3.097e+01             265.115          -2.239e+00             271.155           4.000e+01     
  91.000         270.000           -2.233e+00          -3.550e+01             261.523          -2.235e+00             271.147           4.000e+01     
  90.000         270.000           -2.233e+00          -4.500e+01             243.144          -2.234e+00             271.140           4.000e+01     
  89.000         270.000           -2.234e+00          -4.301e+01             111.649          -2.234e+00             271.134           4.000e+01     
  88.000         270.000           -2.235e+00          -3.473e+01              98.377          -2.237e+00             271.130           4.000e+01     
  87.000         270.000           -2.236e+00          -3.051e+01              95.266          -2.243e+00             271.127           4.000e+01     
  86.000         270.000           -2.238e+00          -2.768e+01              93.892          -2.250e+00             271.126           4.000e+01     
  85.000         270.000           -2.240e+00          -2.556e+01              93.122          -2.260e+00             271.125           4.000e+01     
  84.000         270.000           -2.242e+00          -2.387e+01              92.632          -2.272e+00             271.126           4.000e+01     
  83.000         270.000           -2.245e+00          -2.247e+01              92.295          -2.286e+00             271.129           4.000e+01     
  82.000         270.000           -2.248e+00          -2.127e+01              92.051          -2.303e+00             271.132           4.000e+01     
  81.000         270.000           -2.252e+00          -2.023e+01              91.868          -2.321e+00             271.137           4.000e+01     
  80.000         270.000           -2.256e+00          -1.932e+01              91.728          -2.342e+00             271.143           4.000e+01     
  79.000         270.000           -2.261e+00          -1.850e+01              91.619          -2.365e+00             271.150           4.000e+01     
  78.000         270.000           -2.266e+00          -1.777e+01              91.534          -2.391e+00             271.158           4.000e+01     
  77.000         270.000           -2.273e+00          -1.710e+01              91.467          -2.418e+00             271.167           4.000e+01     
  76.000         270.000           -2.280e+00          -1.650e+01              91.415          -2.447e+00             271.177           4.000e+01     
  75.000         270.000           -2.287e+00          -1.595e+01              91.375          -2.478e+00             271.188           4.000e+01     
  74.000         270.000           -2.296e+00          -1.544e+01              91.345          -2.512e+00             271.200           4.000e+01     
  73.000         270.000           -2.306e+00          -1.497e+01              91.325          -2.547e+00             271.212           4.000e+01     
  72.000         270.000           -2.316e+00          -1.454e+01              91.313          -2.584e+00             271.225           4.000e+01     
  71.000         270.000           -2.328e+00          -1.415e+01              91.308          -2.623e+00             271.239           4.000e+01     
  70.000         270.000           -2.341e+00          -1.378e+01              91.310          -2.664e+00             271.253           4.000e+01     
  69.000         270.000           -2.355e+00          -1.344e+01              91.318          -2.707e+00             271.268           4.000e+01     
  68.000         270.000           -2.370e+00          -1.312e+01              91.333          -2.751e+00             271.283           4.000e+01     
  67.000         270.000           -2.386e+00          -1.283e+01              91.353          -2.797e+00             271.297           4.000e+01     
  66.000         270.000           -2.404e+00          -1.256e+01              91.379          -2.845e+00             271.312           4.000e+01     
  65.000         270.000           -2.424e+00          -1.231e+01              91.411          -2.894e+00             271.327           4.000e+01     
  64.000         270.000           -2.445e+00          -1.208e+01              91.449          -2.945e+00             271.342           4.000e+01     
  63.000         270.000           -2.467e+00          -1.187e+01              91.492          -2.997e+00             271.356           4.000e+01     
  62.000         270.000           -2.491e+00          -1.167e+01              91.541          -3.050e+00             271.370           4.000e+01     
  61.000         270.000           -2.517e+00          -1.149e+01              91.597          -3.105e+00             271.383           4.000e+01     
  60.000         270.000           -2.545e+00          -1.133e+01              91.659          -3.161e+00             271.395           4.000e+01     
  59.000         270.000           -2.574e+00          -1.118e+01              91.727          -3.218e+00             271.406           4.000e+01     
  58.000         270.000           -2.605e+00          -1.105e+01              91.802          -3.276e+00             271.416           4.000e+01     
  57.000         270.000           -2.638e+00          -1.092e+01              91.885          -3.336e+00             271.425           4.000e+01     
  56.000         270.000           -2.673e+00          -1.082e+01              91.975          -3.396e+00             271.432           4.000e+01     
  55.000         270.000           -2.709e+00          -1.072e+01              92.073          -3.457e+00             271.438           4.000e+01     
  54.000         270.000           -2.748e+00          -1.064e+01              92.179          -3.518e+00             271.441           4.000e+01     
  53.000         270.000           -2.788e+00          -1.057e+01              92.294          -3.581e+00             271.443           4.000e+01     
  52.000         270.000           -2.830e+00          -1.051e+01              92.418          -3.644e+00             271.442           4.000e+01     
  51.000         270.000           -2.874e+00          -1.046e+01              92.552          -3.707e+00             271.438           4.000e+01     
  50.000         270.000           -2.921e+00          -1.042e+01              92.697          -3.771e+00             271.432           4.000e+01     
  49.000         270.000           -2.969e+00          -1.039e+01              92.853          -3.835e+00             271.423           4.000e+01     
  48.000         270.000           -3.018e+00          -1.038e+01              93.021          -3.899e+00             271.410           3.926e+01     
  47.000         270.000           -3.070e+00          -1.037e+01              93.202          -3.964e+00             271.394           3.822e+01     
  46.000         270.000           -3.124e+00          -1.038e+01              93.396          -4.029e+00             271.374           3.721e+01     
  45.000         270.000           -3.179e+00          -1.040e+01              93.605          -4.093e+00             271.351           3.623e+01     
  44.000         270.000           -3.236e+00          -1.042e+01              93.829          -4.157e+00             271.323           3.529e+01     
  43.000         270.000           -3.295e+00          -1.046e+01              94.070          -4.222e+00             271.290           3.437e+01     
  42.000         270.000           -3.355e+00          -1.050e+01              94.329          -4.285e+00             271.253           3.348e+01     
  41.000         270.000           -3.417e+00          -1.056e+01              94.607          -4.349e+00             271.211           3.262e+01     
  40.000         270.000           -3.480e+00          -1.062e+01              94.906          -4.411e+00             271.164           3.178e+01     
  39.000         270.000           -3.545e+00          -1.070e+01              95.227          -4.473e+00             271.111           3.096e+01     
  38.000         270.000           -3.611e+00          -1.078e+01              95.572          -4.535e+00             271.053           3.016e+01     
  37.000         270.000           -3.678e+00          -1.088e+01              95.942          -4.595e+00             270.989           2.938e+01     
  36.000         270.000           -3.746e+00          -1.098e+01              96.341          -4.655e+00             270.918           2.863e+01     
  35.000         270.000           -3.815e+00          -1.110e+01              96.770          -4.713e+00             270.841           2.789e+01     
  34.000         270.000           -3.885e+00          -1.122e+01              97.231          -4.771e+00             270.757           2.717e+01     
  33.000         270.000           -3.955e+00          -1.136e+01              97.728          -4.827e+00             270.667           2.646e+01     
  32.000         270.000           -4.026e+00          -1.150e+01              98.263          -4.882e+00             270.569           2.577e+01     
  31.000         270.000           -4.097e+00          -1.166e+01              98.839          -4.935e+00             270.464           2.510e+01     
  30.000         270.000           -4.169e+00          -1.182e+01              99.461          -4.987e+00             270.351           2.445e+01     
  29.000         270.000           -4.240e+00          -1.199e+01             100.132          -5.037e+00             270.231           2.381e+01     
  28.000         270.000           -4.311e+00          -1.218e+01             100.857          -5.086e+00             270.103           2.318e+01     
  27.000         270.000           -4.382e+00          -1.237e+01             101.641          -5.133e+00             269.967           2.257e+01     
  26.000         270.000           -4.452e+00          -1.258e+01             102.488          -5.178e+00             269.822           2.198e+01     
  25.000         270.000           -4.521e+00          -1.279e+01             103.405          -5.221e+00             269.669           2.140e+01     
  24.000         270.000           -4.589e+00          -1.302e+01             104.399          -5.262e+00             269.508           2.083e+01     
  23.000         270.000           -4.655e+00          -1.325e+01             105.477          -5.301e+00             269.338           2.028e+01     
  22.000         270.000           -4.720e+00          -1.349e+01             106.646          -5.338e+00             269.159           1.974e+01     
  21.000         270.000           -4.782e+00          -1.375e+01             107.916          -5.372e+00             268.972           1.922e+01     
  20.000         270.000           -4.843e+00          -1.401e+01             109.295          -5.404e+00             268.775           1.871e+01     
  19.000         270.000           -4.901e+00          -1.427e+01             110.795          -5.434e+00             268.570           1.822e+01     
  18.000         270.000           -4.956e+00          -1.455e+01             112.427          -5.462e+00             268.356           1.774e+01     
  17.000         270.000           -5.009e+00          -1.483e+01             114.201          -5.487e+00             268.134           1.728e+01     
  16.000         270.000           -5.058e+00          -1.512e+01             116.131          -5.509e+00             267.902           1.683e+01     
  15.000         270.000           -5.103e+00          -1.540e+01             118.229          -5.529e+00             267.661           1.640e+01     
  14.000         270.000           -5.145e+00          -1.569e+01             120.507          -5.546e+00             267.412           1.599e+01     
  13.000         270.000           -5.183e+00          -1.598e+01             122.978          -5.560e+00             267.154           1.559e+01     
  12.000         270.000           -5.216e+00          -1.626e+01             125.649          -5.572e+00             266.888           1.520e+01     
  11.000         270.000           -5.245e+00          -1.652e+01             128.531          -5.581e+00             266.613           1.484e+01     
  10.000         270.000           -5.270e+00          -1.678e+01             131.625          -5.588e+00             266.330           1.449e+01     
   9.000         270.000           -5.289e+00          -1.701e+01             134.931          -5.591e+00             266.038           1.416e+01     
   8.000         270.000           -5.304e+00          -1.722e+01             138.440          -5.592e+00             265.739           1.384e+01     
   7.000         270.000           -5.313e+00          -1.740e+01             142.136          -5.590e+00             265.432           1.354e+01     
   6.000         270.000           -5.317e+00          -1.754e+01             145.996          -5.586e+00             265.117           1.327e+01     
   5.000         270.000           -5.316e+00          -1.764e+01             149.985          -5.578e+00             264.795           1.300e+01     
   4.000         270.000           -5.310e+00          -1.770e+01             154.063          -5.568e+00             264.466           1.276e+01     
   3.000         270.000           -5.298e+00          -1.771e+01             158.182          -5.555e+00             264.130           1.254e+01     
   2.000         270.000           -5.281e+00          -1.767e+01             162.295          -5.539e+00             263.788           1.233e+01     
   1.000         270.000           -5.259e+00          -1.759e+01             166.351          -5.521e+00             263.439           1.214e+01     
