Theta [deg.]  Phi   [deg.]  Abs(Grlz)[dBi   ]   Abs(Theta)[dBi   ]  Phase(Theta)[deg.]  Abs(Phi  )[dBi   ]  Phase(Phi  )[deg.]  Ax.Ratio[dB    ]    
------------------------------------------------------------------------------------------------------------------------------------------------------
  90.000           0.000            3.171e+00          -1.575e+01             205.392           3.115e+00             127.475           1.907e+01     
  90.000           1.000            3.247e+00          -1.586e+01             202.090           3.193e+00             126.889           1.936e+01     
  90.000           2.000            3.309e+00          -1.596e+01             198.686           3.257e+00             126.296           1.964e+01     
  90.000           3.000            3.358e+00          -1.605e+01             195.188           3.308e+00             125.698           1.993e+01     
  90.000           4.000            3.393e+00          -1.612e+01             191.602           3.344e+00             125.095           2.023e+01     
  90.000           5.000            3.415e+00          -1.617e+01             187.938           3.367e+00             124.490           2.053e+01     
  90.000           6.000            3.424e+00          -1.621e+01             184.208           3.376e+00             123.881           2.083e+01     
  90.000           7.000            3.420e+00          -1.623e+01             180.428           3.372e+00             123.271           2.115e+01     
  90.000           8.000            3.402e+00          -1.623e+01             176.612           3.355e+00             122.660           2.147e+01     
  90.000           9.000            3.372e+00          -1.621e+01             172.778           3.324e+00             122.049           2.180e+01     
  90.000          10.000            3.329e+00          -1.617e+01             168.943           3.280e+00             121.437           2.214e+01     
  90.000          11.000            3.273e+00          -1.611e+01             165.126           3.223e+00             120.827           2.250e+01     
  90.000          12.000            3.204e+00          -1.603e+01             161.342           3.152e+00             120.217           2.288e+01     
  90.000          13.000            3.122e+00          -1.593e+01             157.609           3.068e+00             119.610           2.328e+01     
  90.000          14.000            3.027e+00          -1.581e+01             153.939           2.970e+00             119.005           2.370e+01     
  90.000          15.000            2.918e+00          -1.567e+01             150.347           2.858e+00             118.402           2.414e+01     
  90.000          16.000            2.796e+00          -1.552e+01             146.841           2.731e+00             117.803           2.463e+01     
  90.000          17.000            2.660e+00          -1.536e+01             143.429           2.591e+00             117.207           2.515e+01     
  90.000          18.000            2.510e+00          -1.518e+01             140.117           2.435e+00             116.614           2.573e+01     
  90.000          19.000            2.346e+00          -1.500e+01             136.910           2.265e+00             116.025           2.636e+01     
  90.000          20.000            2.167e+00          -1.481e+01             133.807           2.079e+00             115.440           2.707e+01     
  90.000          21.000            1.974e+00          -1.461e+01             130.811           1.877e+00             114.859           2.788e+01     
  90.000          22.000            1.765e+00          -1.441e+01             127.919           1.659e+00             114.282           2.882e+01     
  90.000          23.000            1.541e+00          -1.421e+01             125.130           1.424e+00             113.708           2.992e+01     
  90.000          24.000            1.301e+00          -1.400e+01             122.440           1.171e+00             113.138           3.125e+01     
  90.000          25.000            1.044e+00          -1.380e+01             119.846           8.992e-01             112.572           3.293e+01     
  90.000          26.000            7.707e-01          -1.359e+01             117.345           6.086e-01             112.008           3.515e+01     
  90.000          27.000            4.800e-01          -1.339e+01             114.932           2.980e-01             111.447           3.837e+01     
  90.000          28.000            1.714e-01          -1.319e+01             112.603          -3.375e-02             110.888           4.000e+01     
  90.000          29.000           -1.555e-01          -1.299e+01             110.353          -3.878e-01             110.329           4.000e+01     
  90.000          30.000           -5.014e-01          -1.279e+01             108.179          -7.654e-01             109.771           4.000e+01     
  90.000          31.000           -8.667e-01          -1.260e+01             106.076          -1.168e+00             109.211           3.728e+01     
  90.000          32.000           -1.252e+00          -1.242e+01             104.040          -1.598e+00             108.648           3.341e+01     
  90.000          33.000           -1.658e+00          -1.223e+01             102.069          -2.056e+00             108.081           3.056e+01     
  90.000          34.000           -2.084e+00          -1.205e+01             100.157          -2.545e+00             107.506           2.828e+01     
  90.000          35.000           -2.531e+00          -1.188e+01              98.303          -3.068e+00             106.922           2.635e+01     
  90.000          36.000           -2.999e+00          -1.171e+01              96.504          -3.627e+00             106.323           2.467e+01     
  90.000          37.000           -3.488e+00          -1.154e+01              94.755          -4.227e+00             105.706           2.318e+01     
  90.000          38.000           -3.996e+00          -1.138e+01              93.056          -4.872e+00             105.065           2.184e+01     
  90.000          39.000           -4.522e+00          -1.123e+01              91.403          -5.566e+00             104.391           2.064e+01     
  90.000          40.000           -5.064e+00          -1.107e+01              89.795          -6.317e+00             103.675           1.957e+01     
  90.000          41.000           -5.617e+00          -1.093e+01              88.230          -7.132e+00             102.903           1.863e+01     
  90.000          42.000           -6.176e+00          -1.078e+01              86.706          -8.022e+00             102.056           1.785e+01     
  90.000          43.000           -6.734e+00          -1.064e+01              85.221          -9.000e+00             101.107           1.727e+01     
  90.000          44.000           -7.279e+00          -1.051e+01              83.775          -1.008e+01             100.016           1.692e+01     
  90.000          45.000           -7.800e+00          -1.038e+01              82.366          -1.129e+01              98.721           1.690e+01     
  90.000          46.000           -8.280e+00          -1.025e+01              80.993          -1.266e+01              97.129           1.731e+01     
  90.000          47.000           -8.703e+00          -1.013e+01              79.655          -1.424e+01              95.074           1.834e+01     
  90.000          48.000           -9.051e+00          -1.001e+01              78.351          -1.610e+01              92.249           2.031e+01     
  90.000          49.000           -9.311e+00          -9.889e+00              77.082          -1.835e+01              88.028           2.402e+01     
  90.000          50.000           -9.473e+00          -9.777e+00              75.845          -2.118e+01              80.921           3.307e+01     
  90.000          51.000           -9.537e+00          -9.668e+00              74.641          -2.482e+01              66.728           3.263e+01     
  90.000          52.000           -9.508e+00          -9.562e+00              73.469          -2.859e+01              33.707           2.297e+01     
  90.000          53.000           -9.400e+00          -9.460e+00              72.329          -2.800e+01             345.292           1.855e+01     
  90.000          54.000           -9.228e+00          -9.361e+00              71.220          -2.442e+01             319.069           1.576e+01     
  90.000          55.000           -9.009e+00          -9.265e+00              70.143          -2.143e+01             307.597           1.381e+01     
  90.000          56.000           -8.762e+00          -9.173e+00              69.096          -1.921e+01             301.579           1.238e+01     
  90.000          57.000           -8.499e+00          -9.083e+00              68.081          -1.750e+01             297.906           1.130e+01     
  90.000          58.000           -8.232e+00          -8.997e+00              67.097          -1.615e+01             295.423           1.047e+01     
  90.000          59.000           -7.970e+00          -8.913e+00              66.143          -1.506e+01             293.621           9.829e+00     
  90.000          60.000           -7.719e+00          -8.832e+00              65.219          -1.418e+01             292.245           9.324e+00     
  90.000          61.000           -7.485e+00          -8.755e+00              64.327          -1.344e+01             291.153           8.924e+00     
  90.000          62.000           -7.269e+00          -8.680e+00              63.464          -1.284e+01             290.261           8.605e+00     
  90.000          63.000           -7.075e+00          -8.608e+00              62.633          -1.234e+01             289.514           8.348e+00     
  90.000          64.000           -6.903e+00          -8.539e+00              61.831          -1.194e+01             288.877           8.140e+00     
  90.000          65.000           -6.754e+00          -8.472e+00              61.060          -1.161e+01             288.326           7.971e+00     
  90.000          66.000           -6.629e+00          -8.408e+00              60.320          -1.136e+01             287.842           7.834e+00     
  90.000          67.000           -6.526e+00          -8.347e+00              59.610          -1.118e+01             287.415           7.725e+00     
  90.000          68.000           -6.447e+00          -8.289e+00              58.931          -1.106e+01             287.033           7.640e+00     
  90.000          69.000           -6.389e+00          -8.233e+00              58.281          -1.100e+01             286.689           7.579e+00     
  90.000          70.000           -6.353e+00          -8.180e+00              57.662          -1.099e+01             286.378           7.541e+00     
  90.000          71.000           -6.337e+00          -8.130e+00              57.074          -1.105e+01             286.094           7.530e+00     
  90.000          72.000           -6.341e+00          -8.082e+00              56.516          -1.115e+01             285.834           7.547e+00     
  90.000          73.000           -6.364e+00          -8.037e+00              55.988          -1.131e+01             285.595           7.598e+00     
  90.000          74.000           -6.403e+00          -7.995e+00              55.490          -1.153e+01             285.373           7.686e+00     
  90.000          75.000           -6.459e+00          -7.955e+00              55.023          -1.181e+01             285.166           7.820e+00     
  90.000          76.000           -6.529e+00          -7.918e+00              54.586          -1.216e+01             284.972           8.006e+00     
  90.000          77.000           -6.611e+00          -7.883e+00              54.180          -1.256e+01             284.788           8.253e+00     
  90.000          78.000           -6.704e+00          -7.851e+00              53.803          -1.305e+01             284.612           8.574e+00     
  90.000          79.000           -6.805e+00          -7.822e+00              53.457          -1.361e+01             284.442           8.978e+00     
  90.000          80.000           -6.913e+00          -7.795e+00              53.141          -1.427e+01             284.273           9.483e+00     
  90.000          81.000           -7.023e+00          -7.771e+00              52.856          -1.503e+01             284.103           1.011e+01     
  90.000          82.000           -7.133e+00          -7.749e+00              52.600          -1.592e+01             283.924           1.087e+01     
  90.000          83.000           -7.241e+00          -7.730e+00              52.375          -1.697e+01             283.728           1.181e+01     
  90.000          84.000           -7.343e+00          -7.714e+00              52.179          -1.821e+01             283.501           1.296e+01     
  90.000          85.000           -7.436e+00          -7.700e+00              52.014          -1.973e+01             283.217           1.441e+01     
  90.000          86.000           -7.516e+00          -7.689e+00              51.879          -2.162e+01             282.825           1.627e+01     
  90.000          87.000           -7.582e+00          -7.680e+00              51.775          -2.411e+01             282.203           1.877e+01     
  90.000          88.000           -7.631e+00          -7.674e+00              51.700          -2.768e+01             280.981           2.245e+01     
  90.000          89.000           -7.660e+00          -7.670e+00              51.655          -3.393e+01             277.226           2.920e+01     
  90.000          90.000           -7.669e+00          -7.669e+00              51.641          -5.068e+01             164.974           4.000e+01     
  90.000          91.000           -7.657e+00          -7.671e+00              51.656          -3.278e+01             110.839           2.644e+01     
  90.000          92.000           -7.625e+00          -7.675e+00              51.702          -2.710e+01             107.789           2.107e+01     
  90.000          93.000           -7.574e+00          -7.681e+00              51.778          -2.372e+01             106.740           1.784e+01     
  90.000          94.000           -7.506e+00          -7.691e+00              51.884          -2.132e+01             106.227           1.557e+01     
  90.000          95.000           -7.423e+00          -7.702e+00              52.020          -1.949e+01             105.938           1.384e+01     
  90.000          96.000           -7.329e+00          -7.717e+00              52.186          -1.801e+01             105.768           1.248e+01     
  90.000          97.000           -7.225e+00          -7.734e+00              52.382          -1.679e+01             105.670           1.138e+01     
  90.000          98.000           -7.115e+00          -7.753e+00              52.609          -1.576e+01             105.622           1.049e+01     
  90.000          99.000           -7.003e+00          -7.775e+00              52.865          -1.489e+01             105.612           9.764e+00     
  90.000         100.000           -6.892e+00          -7.800e+00              53.152          -1.413e+01             105.631           9.171e+00     
  90.000         101.000           -6.783e+00          -7.827e+00              53.470          -1.349e+01             105.675           8.690e+00     
  90.000         102.000           -6.681e+00          -7.857e+00              53.817          -1.293e+01             105.742           8.306e+00     
  90.000         103.000           -6.587e+00          -7.889e+00              54.195          -1.245e+01             105.831           8.004e+00     
  90.000         104.000           -6.504e+00          -7.924e+00              54.603          -1.205e+01             105.940           7.772e+00     
  90.000         105.000           -6.433e+00          -7.962e+00              55.041          -1.171e+01             106.070           7.600e+00     
  90.000         106.000           -6.377e+00          -8.002e+00              55.510          -1.143e+01             106.221           7.479e+00     
  90.000         107.000           -6.337e+00          -8.045e+00              56.009          -1.122e+01             106.393           7.402e+00     
  90.000         108.000           -6.314e+00          -8.090e+00              56.539          -1.105e+01             106.589           7.361e+00     
  90.000         109.000           -6.310e+00          -8.138e+00              57.099          -1.095e+01             106.811           7.353e+00     
  90.000         110.000           -6.325e+00          -8.189e+00              57.689          -1.090e+01             107.061           7.371e+00     
  90.000         111.000           -6.361e+00          -8.242e+00              58.310          -1.090e+01             107.342           7.414e+00     
  90.000         112.000           -6.419e+00          -8.298e+00              58.961          -1.096e+01             107.659           7.480e+00     
  90.000         113.000           -6.498e+00          -8.356e+00              59.642          -1.108e+01             108.017           7.568e+00     
  90.000         114.000           -6.601e+00          -8.417e+00              60.354          -1.126e+01             108.424           7.679e+00     
  90.000         115.000           -6.727e+00          -8.481e+00              61.096          -1.151e+01             108.890           7.816e+00     
  90.000         116.000           -6.876e+00          -8.548e+00              61.869          -1.183e+01             109.426           7.984e+00     
  90.000         117.000           -7.049e+00          -8.617e+00              62.673          -1.223e+01             110.050           8.189e+00     
  90.000         118.000           -7.244e+00          -8.689e+00              63.507          -1.272e+01             110.787           8.442e+00     
  90.000         119.000           -7.460e+00          -8.764e+00              64.371          -1.332e+01             111.672           8.754e+00     
  90.000         120.000           -7.696e+00          -8.842e+00              65.266          -1.404e+01             112.760           9.144e+00     
  90.000         121.000           -7.949e+00          -8.922e+00              66.191          -1.492e+01             114.133           9.635e+00     
  90.000         122.000           -8.213e+00          -9.006e+00              67.147          -1.599e+01             115.933           1.026e+01     
  90.000         123.000           -8.483e+00          -9.092e+00              68.133          -1.731e+01             118.411           1.107e+01     
  90.000         124.000           -8.749e+00          -9.181e+00              69.151          -1.899e+01             122.060           1.211e+01     
  90.000         125.000           -9.001e+00          -9.274e+00              70.199          -2.115e+01             127.986           1.350e+01     
  90.000         126.000           -9.223e+00          -9.369e+00              71.278          -2.403e+01             139.084           1.537e+01     
  90.000         127.000           -9.400e+00          -9.468e+00              72.388          -2.750e+01             163.755           1.804e+01     
  90.000         128.000           -9.514e+00          -9.570e+00              73.530          -2.842e+01             210.132           2.217e+01     
  90.000         129.000           -9.547e+00          -9.675e+00              74.703          -2.491e+01             244.473           3.050e+01     
  90.000         130.000           -9.487e+00          -9.783e+00              75.908          -2.129e+01             259.650           3.580e+01     
  90.000         131.000           -9.327e+00          -9.895e+00              77.145          -1.844e+01             267.217           2.480e+01     
  90.000         132.000           -9.069e+00          -1.001e+01              78.416          -1.617e+01             271.678           2.076e+01     
  90.000         133.000           -8.721e+00          -1.013e+01              79.720          -1.429e+01             274.642           1.865e+01     
  90.000         134.000           -8.297e+00          -1.025e+01              81.057          -1.270e+01             276.784           1.755e+01     
  90.000         135.000           -7.815e+00          -1.038e+01              82.430          -1.132e+01             278.433           1.710e+01     
  90.000         136.000           -7.293e+00          -1.051e+01              83.838          -1.011e+01             279.767           1.709e+01     
  90.000         137.000           -6.745e+00          -1.064e+01              85.283          -9.017e+00             280.885           1.742e+01     
  90.000         138.000           -6.185e+00          -1.078e+01              86.766          -8.035e+00             281.853           1.800e+01     
  90.000         139.000           -5.623e+00          -1.093e+01              88.288          -7.141e+00             282.713           1.878e+01     
  90.000         140.000           -5.068e+00          -1.107e+01              89.850          -6.322e+00             283.494           1.971e+01     
  90.000         141.000           -4.524e+00          -1.122e+01              91.455          -5.569e+00             284.215           2.079e+01     
  90.000         142.000           -3.996e+00          -1.138e+01              93.103          -4.872e+00             284.891           2.200e+01     
  90.000         143.000           -3.486e+00          -1.154e+01              94.798          -4.226e+00             285.533           2.335e+01     
  90.000         144.000           -2.996e+00          -1.171e+01              96.540          -3.624e+00             286.150           2.486e+01     
  90.000         145.000           -2.527e+00          -1.187e+01              98.334          -3.063e+00             286.746           2.656e+01     
  90.000         146.000           -2.078e+00          -1.205e+01             100.181          -2.539e+00             287.328           2.852e+01     
  90.000         147.000           -1.651e+00          -1.223e+01             102.084          -2.049e+00             287.899           3.085e+01     
  90.000         148.000           -1.245e+00          -1.241e+01             104.047          -1.590e+00             288.462           3.378e+01     
  90.000         149.000           -8.591e-01          -1.260e+01             106.072          -1.160e+00             289.019           3.782e+01     
  90.000         150.000           -4.934e-01          -1.279e+01             108.165          -7.574e-01             289.573           4.000e+01     
  90.000         151.000           -1.473e-01          -1.298e+01             110.328          -3.796e-01             290.126           4.000e+01     
  90.000         152.000            1.798e-01          -1.318e+01             112.565          -2.544e-02             290.678           4.000e+01     
  90.000         153.000            4.883e-01          -1.338e+01             114.881           3.063e-01             291.231           3.797e+01     
  90.000         154.000            7.789e-01          -1.358e+01             117.280           6.168e-01             291.785           3.490e+01     
  90.000         155.000            1.052e+00          -1.379e+01             119.766           9.071e-01             292.341           3.275e+01     
  90.000         156.000            1.308e+00          -1.399e+01             122.345           1.178e+00             292.901           3.112e+01     
  90.000         157.000            1.548e+00          -1.420e+01             125.018           1.431e+00             293.463           2.982e+01     
  90.000         158.000            1.771e+00          -1.440e+01             127.792           1.665e+00             294.029           2.874e+01     
  90.000         159.000            1.979e+00          -1.460e+01             130.667           1.883e+00             294.599           2.782e+01     
  90.000         160.000            2.172e+00          -1.480e+01             133.648           2.084e+00             295.173           2.703e+01     
  90.000         161.000            2.350e+00          -1.500e+01             136.735           2.269e+00             295.750           2.633e+01     
  90.000         162.000            2.513e+00          -1.518e+01             139.929           2.439e+00             296.331           2.570e+01     
  90.000         163.000            2.662e+00          -1.536e+01             143.227           2.593e+00             296.917           2.513e+01     
  90.000         164.000            2.797e+00          -1.553e+01             146.628           2.732e+00             297.505           2.461e+01     
  90.000         165.000            2.918e+00          -1.568e+01             150.125           2.857e+00             298.097           2.413e+01     
  90.000         166.000            3.025e+00          -1.582e+01             153.712           2.968e+00             298.692           2.369e+01     
  90.000         167.000            3.119e+00          -1.595e+01             157.379           3.065e+00             299.290           2.327e+01     
  90.000         168.000            3.200e+00          -1.605e+01             161.114           3.148e+00             299.890           2.288e+01     
  90.000         169.000            3.267e+00          -1.614e+01             164.902           3.217e+00             300.492           2.251e+01     
  90.000         170.000            3.321e+00          -1.620e+01             168.728           3.273e+00             301.096           2.215e+01     
  90.000         171.000            3.363e+00          -1.625e+01             172.576           3.315e+00             301.700           2.181e+01     
  90.000         172.000            3.391e+00          -1.627e+01             176.427           3.344e+00             302.305           2.148e+01     
  90.000         173.000            3.406e+00          -1.628e+01             180.263           3.359e+00             302.910           2.116e+01     
  90.000         174.000            3.408e+00          -1.626e+01             184.067           3.361e+00             303.514           2.085e+01     
  90.000         175.000            3.397e+00          -1.623e+01             187.823           3.349e+00             304.116           2.054e+01     
  90.000         176.000            3.373e+00          -1.617e+01             191.515           3.324e+00             304.715           2.024e+01     
  90.000         177.000            3.335e+00          -1.610e+01             195.131           3.285e+00             305.312           1.995e+01     
  90.000         178.000            3.284e+00          -1.602e+01             198.660           3.233e+00             305.904           1.966e+01     
  90.000         179.000            3.219e+00          -1.592e+01             202.094           3.166e+00             306.491           1.937e+01     
  90.000         180.000            3.140e+00          -1.581e+01             205.427           3.085e+00             307.073           1.908e+01     
  90.000         181.000            3.048e+00          -1.570e+01             208.655           2.989e+00             307.647           1.880e+01     
  90.000         182.000            2.940e+00          -1.557e+01             211.777           2.878e+00             308.212           1.851e+01     
  90.000         183.000            2.818e+00          -1.545e+01             214.791           2.752e+00             308.768           1.822e+01     
  90.000         184.000            2.680e+00          -1.532e+01             217.700           2.610e+00             309.314           1.793e+01     
  90.000         185.000            2.526e+00          -1.519e+01             220.506           2.452e+00             309.846           1.764e+01     
  90.000         186.000            2.357e+00          -1.506e+01             223.213           2.277e+00             310.365           1.735e+01     
  90.000         187.000            2.170e+00          -1.493e+01             225.823           2.084e+00             310.868           1.705e+01     
  90.000         188.000            1.965e+00          -1.481e+01             228.343           1.873e+00             311.353           1.675e+01     
  90.000         189.000            1.742e+00          -1.469e+01             230.776           1.643e+00             311.817           1.645e+01     
  90.000         190.000            1.500e+00          -1.458e+01             233.128           1.392e+00             312.259           1.613e+01     
  90.000         191.000            1.238e+00          -1.447e+01             235.405           1.120e+00             312.675           1.582e+01     
  90.000         192.000            9.546e-01          -1.437e+01             237.611           8.252e-01             313.063           1.549e+01     
  90.000         193.000            6.485e-01          -1.427e+01             239.751           5.063e-01             313.417           1.516e+01     
  90.000         194.000            3.185e-01          -1.418e+01             241.831           1.617e-01             313.733           1.482e+01     
  90.000         195.000           -3.691e-02          -1.410e+01             243.856          -2.106e-01             314.007           1.447e+01     
  90.000         196.000           -4.196e-01          -1.403e+01             245.829          -6.128e-01             314.231           1.411e+01     
  90.000         197.000           -8.315e-01          -1.397e+01             247.757          -1.048e+00             314.398           1.374e+01     
  90.000         198.000           -1.275e+00          -1.392e+01             249.643          -1.518e+00             314.497           1.336e+01     
  90.000         199.000           -1.752e+00          -1.387e+01             251.491          -2.027e+00             314.516           1.297e+01     
  90.000         200.000           -2.266e+00          -1.383e+01             253.306          -2.580e+00             314.440           1.257e+01     
  90.000         201.000           -2.821e+00          -1.381e+01             255.092          -3.182e+00             314.249           1.216e+01     
  90.000         202.000           -3.419e+00          -1.379e+01             256.853          -3.837e+00             313.914           1.175e+01     
  90.000         203.000           -4.065e+00          -1.378e+01             258.591          -4.555e+00             313.402           1.134e+01     
  90.000         204.000           -4.763e+00          -1.378e+01             260.312          -5.345e+00             312.663           1.096e+01     
  90.000         205.000           -5.517e+00          -1.379e+01             262.018          -6.216e+00             311.627           1.062e+01     
  90.000         206.000           -6.330e+00          -1.381e+01             263.713          -7.185e+00             310.195           1.036e+01     
  90.000         207.000           -7.204e+00          -1.384e+01             265.401          -8.267e+00             308.216           1.027e+01     
  90.000         208.000           -8.136e+00          -1.388e+01             267.084          -9.482e+00             305.458           1.049e+01     
  90.000         209.000           -9.113e+00          -1.393e+01             268.767          -1.085e+01             301.548           1.125e+01     
  90.000         210.000           -1.011e+01          -1.398e+01             270.453          -1.239e+01             295.871           1.310e+01     
  90.000         211.000           -1.106e+01          -1.405e+01             272.145          -1.408e+01             287.416           1.745e+01     
  90.000         212.000           -1.186e+01          -1.413e+01             273.847          -1.577e+01             274.713           4.000e+01     
  90.000         213.000           -1.239e+01          -1.421e+01             275.563          -1.705e+01             256.621           1.604e+01     
  90.000         214.000           -1.253e+01          -1.430e+01             277.295          -1.728e+01             235.078           8.928e+00     
  90.000         215.000           -1.226e+01          -1.441e+01             279.049          -1.634e+01             215.593           4.634e+00     
  90.000         216.000           -1.165e+01          -1.452e+01             280.827          -1.481e+01             201.389           1.638e+00     
  90.000         217.000           -1.085e+01          -1.463e+01             282.634          -1.321e+01             191.850           1.433e+00     
  90.000         218.000           -9.973e+00          -1.476e+01             284.474          -1.173e+01             185.442           3.345e+00     
  90.000         219.000           -9.090e+00          -1.490e+01             286.350          -1.041e+01             181.020           5.111e+00     
  90.000         220.000           -8.244e+00          -1.504e+01             288.268          -9.263e+00             177.874           6.691e+00     
  90.000         221.000           -7.453e+00          -1.519e+01             290.232          -8.254e+00             175.576           8.123e+00     
  90.000         222.000           -6.723e+00          -1.534e+01             292.246          -7.365e+00             173.861           9.440e+00     
  90.000         223.000           -6.056e+00          -1.551e+01             294.314          -6.579e+00             172.560           1.067e+01     
  90.000         224.000           -5.448e+00          -1.567e+01             296.442          -5.881e+00             171.563           1.183e+01     
  90.000         225.000           -4.896e+00          -1.585e+01             298.634          -5.259e+00             170.792           1.293e+01     
  90.000         226.000           -4.395e+00          -1.602e+01             300.893          -4.704e+00             170.194           1.400e+01     
  90.000         227.000           -3.942e+00          -1.620e+01             303.224          -4.208e+00             169.730           1.504e+01     
  90.000         228.000           -3.533e+00          -1.638e+01             305.631          -3.765e+00             169.372           1.607e+01     
  90.000         229.000           -3.166e+00          -1.656e+01             308.115          -3.369e+00             169.097           1.709e+01     
  90.000         230.000           -2.837e+00          -1.674e+01             310.681          -3.017e+00             168.891           1.812e+01     
  90.000         231.000           -2.543e+00          -1.691e+01             313.328          -2.705e+00             168.739           1.916e+01     
  90.000         232.000           -2.284e+00          -1.708e+01             316.058          -2.430e+00             168.632           2.024e+01     
  90.000         233.000           -2.057e+00          -1.725e+01             318.867          -2.190e+00             168.561           2.136e+01     
  90.000         234.000           -1.860e+00          -1.740e+01             321.754          -1.983e+00             168.521           2.255e+01     
  90.000         235.000           -1.692e+00          -1.755e+01             324.713          -1.806e+00             168.505           2.382e+01     
  90.000         236.000           -1.553e+00          -1.768e+01             327.738          -1.660e+00             168.509           2.522e+01     
  90.000         237.000           -1.441e+00          -1.781e+01             330.818          -1.542e+00             168.531           2.678e+01     
  90.000         238.000           -1.355e+00          -1.791e+01             333.943          -1.452e+00             168.566           2.860e+01     
  90.000         239.000           -1.295e+00          -1.800e+01             337.100          -1.389e+00             168.612           3.079e+01     
  90.000         240.000           -1.261e+00          -1.807e+01             340.273          -1.352e+00             168.667           3.361e+01     
  90.000         241.000           -1.252e+00          -1.813e+01             343.447          -1.342e+00             168.730           3.768e+01     
  90.000         242.000           -1.269e+00          -1.816e+01             346.605          -1.358e+00             168.798           4.000e+01     
  90.000         243.000           -1.310e+00          -1.818e+01             349.728          -1.400e+00             168.870           4.000e+01     
  90.000         244.000           -1.377e+00          -1.817e+01             352.800          -1.469e+00             168.945           4.000e+01     
  90.000         245.000           -1.470e+00          -1.815e+01             355.805          -1.564e+00             169.022           3.533e+01     
  90.000         246.000           -1.588e+00          -1.812e+01             358.729          -1.686e+00             169.101           3.215e+01     
  90.000         247.000           -1.734e+00          -1.807e+01               1.556          -1.836e+00             169.179           2.981e+01     
  90.000         248.000           -1.907e+00          -1.800e+01               4.276          -2.015e+00             169.257           2.792e+01     
  90.000         249.000           -2.109e+00          -1.793e+01               6.879          -2.224e+00             169.334           2.633e+01     
  90.000         250.000           -2.340e+00          -1.784e+01               9.358          -2.464e+00             169.410           2.494e+01     
  90.000         251.000           -2.602e+00          -1.775e+01              11.708          -2.737e+00             169.483           2.369e+01     
  90.000         252.000           -2.898e+00          -1.766e+01              13.926          -3.045e+00             169.554           2.255e+01     
  90.000         253.000           -3.228e+00          -1.755e+01              16.008          -3.391e+00             169.622           2.147e+01     
  90.000         254.000           -3.596e+00          -1.745e+01              17.955          -3.778e+00             169.686           2.045e+01     
  90.000         255.000           -4.004e+00          -1.735e+01              19.767          -4.210e+00             169.746           1.947e+01     
  90.000         256.000           -4.455e+00          -1.724e+01              21.446          -4.690e+00             169.802           1.851e+01     
  90.000         257.000           -4.955e+00          -1.714e+01              22.992          -5.226e+00             169.854           1.755e+01     
  90.000         258.000           -5.507e+00          -1.705e+01              24.409          -5.823e+00             169.900           1.660e+01     
  90.000         259.000           -6.118e+00          -1.696e+01              25.700          -6.492e+00             169.940           1.564e+01     
  90.000         260.000           -6.795e+00          -1.687e+01              26.866          -7.244e+00             169.974           1.466e+01     
  90.000         261.000           -7.545e+00          -1.679e+01              27.912          -8.096e+00             170.000           1.366e+01     
  90.000         262.000           -8.379e+00          -1.672e+01              28.840          -9.067e+00             170.016           1.262e+01     
  90.000         263.000           -9.305e+00          -1.665e+01              29.652          -1.019e+01             170.022           1.155e+01     
  90.000         264.000           -1.034e+01          -1.659e+01              30.352          -1.151e+01             170.011           1.046e+01     
  90.000         265.000           -1.148e+01          -1.654e+01              30.940          -1.310e+01             169.979           9.414e+00     
  90.000         266.000           -1.272e+01          -1.650e+01              31.420          -1.507e+01             169.911           8.585e+00     
  90.000         267.000           -1.401e+01          -1.647e+01              31.792          -1.766e+01             169.774           8.422e+00     
  90.000         268.000           -1.524e+01          -1.645e+01              32.058          -2.141e+01             169.463           9.915e+00     
  90.000         269.000           -1.615e+01          -1.643e+01              32.219          -2.821e+01             168.373           1.527e+01     
  90.000         270.000           -1.642e+01          -1.643e+01              32.276          -4.245e+01               0.899           3.170e+01     
  90.000         271.000           -1.592e+01          -1.643e+01              32.228          -2.540e+01             351.867           1.339e+01     
  90.000         272.000           -1.487e+01          -1.645e+01              32.075          -2.002e+01             351.186           9.488e+00     
  90.000         273.000           -1.359e+01          -1.647e+01              31.817          -1.673e+01             350.928           8.576e+00     
  90.000         274.000           -1.230e+01          -1.651e+01              31.453          -1.438e+01             350.785           8.960e+00     
  90.000         275.000           -1.109e+01          -1.655e+01              30.982          -1.254e+01             350.688           9.842e+00     
  90.000         276.000           -9.984e+00          -1.660e+01              30.401          -1.105e+01             350.613           1.088e+01     
  90.000         277.000           -8.986e+00          -1.666e+01              29.710          -9.800e+00             350.547           1.194e+01     
  90.000         278.000           -8.089e+00          -1.673e+01              28.905          -8.728e+00             350.487           1.298e+01     
  90.000         279.000           -7.281e+00          -1.680e+01              27.985          -7.796e+00             350.429           1.400e+01     
  90.000         280.000           -6.554e+00          -1.689e+01              26.946          -6.976e+00             350.371           1.498e+01     
  90.000         281.000           -5.898e+00          -1.697e+01              25.786          -6.251e+00             350.312           1.594e+01     
  90.000         282.000           -5.305e+00          -1.707e+01              24.502          -5.604e+00             350.252           1.688e+01     
  90.000         283.000           -4.768e+00          -1.717e+01              23.090          -5.025e+00             350.190           1.781e+01     
  90.000         284.000           -4.282e+00          -1.727e+01              21.549          -4.507e+00             350.126           1.875e+01     
  90.000         285.000           -3.843e+00          -1.737e+01              19.875          -4.040e+00             350.060           1.970e+01     
  90.000         286.000           -3.447e+00          -1.748e+01              18.065          -3.622e+00             349.991           2.068e+01     
  90.000         287.000           -3.090e+00          -1.759e+01              16.120          -3.247e+00             349.920           2.170e+01     
  90.000         288.000           -2.769e+00          -1.769e+01              14.038          -2.911e+00             349.848           2.277e+01     
  90.000         289.000           -2.483e+00          -1.779e+01              11.819          -2.612e+00             349.773           2.391e+01     
  90.000         290.000           -2.228e+00          -1.789e+01               9.466          -2.348e+00             349.697           2.517e+01     
  90.000         291.000           -2.005e+00          -1.797e+01               6.982          -2.116e+00             349.620           2.656e+01     
  90.000         292.000           -1.811e+00          -1.805e+01               4.371          -1.915e+00             349.542           2.817e+01     
  90.000         293.000           -1.644e+00          -1.812e+01               1.642          -1.743e+00             349.464           3.008e+01     
  90.000         294.000           -1.505e+00          -1.817e+01             358.804          -1.600e+00             349.386           3.248e+01     
  90.000         295.000           -1.393e+00          -1.821e+01             355.866          -1.484e+00             349.309           3.575e+01     
  90.000         296.000           -1.306e+00          -1.823e+01             352.845          -1.395e+00             349.234           4.000e+01     
  90.000         297.000           -1.245e+00          -1.824e+01             349.754          -1.333e+00             349.161           4.000e+01     
  90.000         298.000           -1.210e+00          -1.822e+01             346.611          -1.297e+00             349.092           4.000e+01     
  90.000         299.000           -1.199e+00          -1.819e+01             343.432          -1.287e+00             349.027           3.730e+01     
  90.000         300.000           -1.213e+00          -1.814e+01             340.235          -1.302e+00             348.969           3.338e+01     
  90.000         301.000           -1.253e+00          -1.807e+01             337.038          -1.344e+00             348.918           3.063e+01     
  90.000         302.000           -1.318e+00          -1.798e+01             333.857          -1.413e+00             348.877           2.847e+01     
  90.000         303.000           -1.409e+00          -1.787e+01             330.707          -1.509e+00             348.848           2.668e+01     
  90.000         304.000           -1.527e+00          -1.775e+01             327.603          -1.632e+00             348.833           2.513e+01     
  90.000         305.000           -1.673e+00          -1.762e+01             324.555          -1.785e+00             348.835           2.374e+01     
  90.000         306.000           -1.846e+00          -1.747e+01             321.573          -1.967e+00             348.859           2.247e+01     
  90.000         307.000           -2.049e+00          -1.731e+01             318.665          -2.180e+00             348.908           2.129e+01     
  90.000         308.000           -2.283e+00          -1.714e+01             315.835          -2.427e+00             348.989           2.016e+01     
  90.000         309.000           -2.549e+00          -1.697e+01             313.087          -2.709e+00             349.107           1.909e+01     
  90.000         310.000           -2.849e+00          -1.680e+01             310.422          -3.028e+00             349.272           1.804e+01     
  90.000         311.000           -3.186e+00          -1.661e+01             307.840          -3.388e+00             349.493           1.701e+01     
  90.000         312.000           -3.561e+00          -1.643e+01             305.340          -3.791e+00             349.785           1.598e+01     
  90.000         313.000           -3.979e+00          -1.625e+01             302.920          -4.244e+00             350.163           1.495e+01     
  90.000         314.000           -4.441e+00          -1.607e+01             300.576          -4.750e+00             350.652           1.390e+01     
  90.000         315.000           -4.952e+00          -1.589e+01             298.306          -5.316e+00             351.280           1.282e+01     
  90.000         316.000           -5.515e+00          -1.572e+01             296.104          -5.951e+00             352.089           1.170e+01     
  90.000         317.000           -6.135e+00          -1.555e+01             293.967          -6.663e+00             353.135           1.053e+01     
  90.000         318.000           -6.816e+00          -1.539e+01             291.890          -7.466e+00             354.499           9.285e+00     
  90.000         319.000           -7.559e+00          -1.523e+01             289.869          -8.374e+00             356.301           7.948e+00     
  90.000         320.000           -8.364e+00          -1.508e+01             287.899          -9.406e+00             358.722           6.491e+00     
  90.000         321.000           -9.224e+00          -1.493e+01             285.975          -1.058e+01               2.048           4.881e+00     
  90.000         322.000           -1.012e+01          -1.479e+01             284.094          -1.192e+01               6.744           3.086e+00     
  90.000         323.000           -1.100e+01          -1.466e+01             282.249          -1.343e+01              13.582           1.246e+00     
  90.000         324.000           -1.178e+01          -1.454e+01             280.439          -1.505e+01              23.792           2.106e+00     
  90.000         325.000           -1.234e+01          -1.443e+01             278.657          -1.653e+01              38.908           5.294e+00     
  90.000         326.000           -1.255e+01          -1.432e+01             276.901          -1.730e+01              59.111           9.936e+00     
  90.000         327.000           -1.234e+01          -1.423e+01             275.166          -1.687e+01              80.444           1.818e+01     
  90.000         328.000           -1.175e+01          -1.414e+01             273.449          -1.548e+01              97.664           2.878e+01     
  90.000         329.000           -1.090e+01          -1.406e+01             271.745          -1.376e+01             109.557           1.610e+01     
  90.000         330.000           -9.932e+00          -1.400e+01             270.052          -1.210e+01             117.462           1.249e+01     
  90.000         331.000           -8.934e+00          -1.394e+01             268.366          -1.058e+01             122.790           1.093e+01     
  90.000         332.000           -7.958e+00          -1.389e+01             266.683          -9.239e+00             126.477           1.031e+01     
  90.000         333.000           -7.033e+00          -1.384e+01             265.001          -8.048e+00             129.087           1.018e+01     
  90.000         334.000           -6.167e+00          -1.381e+01             263.315          -6.986e+00             130.964           1.032e+01     
  90.000         335.000           -5.363e+00          -1.379e+01             261.621          -6.036e+00             132.324           1.060e+01     
  90.000         336.000           -4.618e+00          -1.378e+01             259.917          -5.179e+00             133.307           1.096e+01     
  90.000         337.000           -3.928e+00          -1.377e+01             258.200          -4.403e+00             134.007           1.136e+01     
  90.000         338.000           -3.290e+00          -1.378e+01             256.465          -3.697e+00             134.489           1.177e+01     
  90.000         339.000           -2.700e+00          -1.380e+01             254.709          -3.051e+00             134.799           1.218e+01     
  90.000         340.000           -2.152e+00          -1.382e+01             252.928          -2.459e+00             134.973           1.259e+01     
  90.000         341.000           -1.645e+00          -1.385e+01             251.119          -1.914e+00             135.034           1.299e+01     
  90.000         342.000           -1.174e+00          -1.390e+01             249.277          -1.412e+00             135.002           1.337e+01     
  90.000         343.000           -7.362e-01          -1.395e+01             247.398          -9.486e-01             134.892           1.375e+01     
  90.000         344.000           -3.298e-01          -1.401e+01             245.479          -5.201e-01             134.717           1.412e+01     
  90.000         345.000            4.771e-02          -1.408e+01             243.515          -1.236e-01             134.485           1.448e+01     
  90.000         346.000            3.983e-01          -1.415e+01             241.501           2.433e-01             134.205           1.483e+01     
  90.000         347.000            7.236e-01          -1.424e+01             239.433           5.828e-01             133.882           1.517e+01     
  90.000         348.000            1.025e+00          -1.433e+01             237.305           8.969e-01             133.523           1.550e+01     
  90.000         349.000            1.305e+00          -1.443e+01             235.114           1.187e+00             133.130           1.582e+01     
  90.000         350.000            1.563e+00          -1.454e+01             232.853           1.455e+00             132.709           1.614e+01     
  90.000         351.000            1.801e+00          -1.465e+01             230.518           1.702e+00             132.263           1.644e+01     
  90.000         352.000            2.020e+00          -1.477e+01             228.103           1.928e+00             131.793           1.675e+01     
  90.000         353.000            2.221e+00          -1.489e+01             225.604           2.136e+00             131.304           1.705e+01     
  90.000         354.000            2.404e+00          -1.501e+01             223.015           2.325e+00             130.797           1.734e+01     
  90.000         355.000            2.571e+00          -1.514e+01             220.332           2.497e+00             130.273           1.764e+01     
  90.000         356.000            2.721e+00          -1.527e+01             217.551           2.652e+00             129.736           1.792e+01     
  90.000         357.000            2.856e+00          -1.539e+01             214.669           2.791e+00             129.186           1.821e+01     
  90.000         358.000            2.976e+00          -1.552e+01             211.682           2.914e+00             128.625           1.850e+01     
  90.000         359.000            3.080e+00          -1.564e+01             208.590           3.022e+00             128.054           1.878e+01     
