Theta [deg.]  Phi   [deg.]  Abs(Grlz)[dBi   ]   Abs(Theta)[dBi   ]  Phase(Theta)[deg.]  Abs(Phi  )[dBi   ]  Phase(Phi  )[deg.]  Ax.Ratio[dB    ]    
------------------------------------------------------------------------------------------------------------------------------------------------------
  90.000           0.000           -5.449e+00          -1.666e+01             167.912          -5.791e+00             261.949           1.090e+01     
  90.000           1.000           -6.046e+00          -1.655e+01             167.414          -6.451e+00             263.493           1.015e+01     
  90.000           2.000           -6.673e+00          -1.643e+01             166.915          -7.158e+00             265.355           9.391e+00     
  90.000           3.000           -7.328e+00          -1.631e+01             166.415          -7.914e+00             267.614           8.622e+00     
  90.000           4.000           -8.006e+00          -1.620e+01             165.916          -8.720e+00             270.374           7.874e+00     
  90.000           5.000           -8.700e+00          -1.609e+01             165.416          -9.576e+00             273.771           7.200e+00     
  90.000           6.000           -9.396e+00          -1.597e+01             164.917          -1.048e+01             277.981           6.694e+00     
  90.000           7.000           -1.007e+01          -1.586e+01             164.419          -1.140e+01             283.225           6.516e+00     
  90.000           8.000           -1.070e+01          -1.575e+01             163.921          -1.232e+01             289.749           6.880e+00     
  90.000           9.000           -1.123e+01          -1.564e+01             163.425          -1.318e+01             297.777           7.997e+00     
  90.000          10.000           -1.162e+01          -1.553e+01             162.930          -1.389e+01             307.382           1.007e+01     
  90.000          11.000           -1.183e+01          -1.541e+01             162.437          -1.433e+01             318.306           1.348e+01     
  90.000          12.000           -1.184e+01          -1.531e+01             161.946          -1.444e+01             329.846           1.954e+01     
  90.000          13.000           -1.165e+01          -1.520e+01             161.457          -1.418e+01             341.040           4.000e+01     
  90.000          14.000           -1.129e+01          -1.509e+01             160.971          -1.363e+01             351.080           2.119e+01     
  90.000          15.000           -1.081e+01          -1.498e+01             160.487          -1.291e+01             359.578           1.574e+01     
  90.000          16.000           -1.025e+01          -1.487e+01             160.006          -1.209e+01               6.533           1.304e+01     
  90.000          17.000           -9.658e+00          -1.477e+01             159.529          -1.126e+01              12.141           1.148e+01     
  90.000          18.000           -9.052e+00          -1.466e+01             159.054          -1.045e+01              16.651           1.057e+01     
  90.000          19.000           -8.453e+00          -1.456e+01             158.584          -9.675e+00              20.292           1.005e+01     
  90.000          20.000           -7.874e+00          -1.445e+01             158.117          -8.952e+00              23.254           9.779e+00     
  90.000          21.000           -7.321e+00          -1.435e+01             157.655          -8.280e+00              25.684           9.675e+00     
  90.000          22.000           -6.797e+00          -1.425e+01             157.197          -7.658e+00              27.694           9.677e+00     
  90.000          23.000           -6.304e+00          -1.415e+01             156.743          -7.084e+00              29.370           9.744e+00     
  90.000          24.000           -5.842e+00          -1.405e+01             156.295          -6.553e+00              30.779           9.851e+00     
  90.000          25.000           -5.409e+00          -1.395e+01             155.851          -6.063e+00              31.970           9.980e+00     
  90.000          26.000           -5.005e+00          -1.385e+01             155.412          -5.612e+00              32.983           1.012e+01     
  90.000          27.000           -4.628e+00          -1.375e+01             154.979          -5.195e+00              33.849           1.026e+01     
  90.000          28.000           -4.277e+00          -1.366e+01             154.552          -4.810e+00              34.592           1.040e+01     
  90.000          29.000           -3.952e+00          -1.356e+01             154.130          -4.455e+00              35.234           1.053e+01     
  90.000          30.000           -3.649e+00          -1.346e+01             153.714          -4.128e+00              35.788           1.065e+01     
  90.000          31.000           -3.369e+00          -1.337e+01             153.304          -3.827e+00              36.268           1.077e+01     
  90.000          32.000           -3.110e+00          -1.328e+01             152.901          -3.549e+00              36.686           1.087e+01     
  90.000          33.000           -2.871e+00          -1.319e+01             152.504          -3.295e+00              37.049           1.096e+01     
  90.000          34.000           -2.651e+00          -1.310e+01             152.113          -3.062e+00              37.366           1.103e+01     
  90.000          35.000           -2.450e+00          -1.301e+01             151.729          -2.849e+00              37.642           1.110e+01     
  90.000          36.000           -2.265e+00          -1.292e+01             151.352          -2.656e+00              37.883           1.115e+01     
  90.000          37.000           -2.098e+00          -1.283e+01             150.981          -2.481e+00              38.093           1.119e+01     
  90.000          38.000           -1.946e+00          -1.274e+01             150.618          -2.324e+00              38.277           1.122e+01     
  90.000          39.000           -1.810e+00          -1.266e+01             150.261          -2.183e+00              38.437           1.124e+01     
  90.000          40.000           -1.689e+00          -1.257e+01             149.912          -2.058e+00              38.577           1.124e+01     
  90.000          41.000           -1.582e+00          -1.249e+01             149.570          -1.950e+00              38.698           1.124e+01     
  90.000          42.000           -1.490e+00          -1.241e+01             149.235          -1.856e+00              38.804           1.122e+01     
  90.000          43.000           -1.411e+00          -1.233e+01             148.908          -1.777e+00              38.895           1.119e+01     
  90.000          44.000           -1.345e+00          -1.225e+01             148.588          -1.713e+00              38.974           1.115e+01     
  90.000          45.000           -1.293e+00          -1.217e+01             148.276          -1.662e+00              39.043           1.110e+01     
  90.000          46.000           -1.253e+00          -1.210e+01             147.971          -1.626e+00              39.101           1.104e+01     
  90.000          47.000           -1.226e+00          -1.202e+01             147.673          -1.603e+00              39.152           1.097e+01     
  90.000          48.000           -1.211e+00          -1.195e+01             147.383          -1.593e+00              39.195           1.089e+01     
  90.000          49.000           -1.208e+00          -1.188e+01             147.100          -1.597e+00              39.231           1.079e+01     
  90.000          50.000           -1.218e+00          -1.181e+01             146.826          -1.614e+00              39.261           1.069e+01     
  90.000          51.000           -1.239e+00          -1.174e+01             146.558          -1.645e+00              39.287           1.058e+01     
  90.000          52.000           -1.273e+00          -1.167e+01             146.298          -1.688e+00              39.308           1.045e+01     
  90.000          53.000           -1.318e+00          -1.161e+01             146.046          -1.744e+00              39.325           1.032e+01     
  90.000          54.000           -1.375e+00          -1.154e+01             145.801          -1.814e+00              39.339           1.017e+01     
  90.000          55.000           -1.444e+00          -1.148e+01             145.563          -1.898e+00              39.349           1.002e+01     
  90.000          56.000           -1.525e+00          -1.142e+01             145.333          -1.995e+00              39.358           9.849e+00     
  90.000          57.000           -1.618e+00          -1.136e+01             145.111          -2.105e+00              39.364           9.670e+00     
  90.000          58.000           -1.723e+00          -1.130e+01             144.896          -2.230e+00              39.368           9.480e+00     
  90.000          59.000           -1.840e+00          -1.124e+01             144.688          -2.369e+00              39.370           9.278e+00     
  90.000          60.000           -1.970e+00          -1.119e+01             144.487          -2.523e+00              39.371           9.063e+00     
  90.000          61.000           -2.111e+00          -1.114e+01             144.294          -2.692e+00              39.371           8.836e+00     
  90.000          62.000           -2.266e+00          -1.108e+01             144.108          -2.877e+00              39.370           8.596e+00     
  90.000          63.000           -2.434e+00          -1.103e+01             143.929          -3.078e+00              39.368           8.343e+00     
  90.000          64.000           -2.614e+00          -1.099e+01             143.757          -3.297e+00              39.365           8.075e+00     
  90.000          65.000           -2.808e+00          -1.094e+01             143.592          -3.533e+00              39.361           7.792e+00     
  90.000          66.000           -3.016e+00          -1.090e+01             143.434          -3.788e+00              39.357           7.494e+00     
  90.000          67.000           -3.237e+00          -1.085e+01             143.283          -4.063e+00              39.352           7.179e+00     
  90.000          68.000           -3.473e+00          -1.081e+01             143.139          -4.358e+00              39.347           6.848e+00     
  90.000          69.000           -3.723e+00          -1.077e+01             143.002          -4.677e+00              39.341           6.498e+00     
  90.000          70.000           -3.987e+00          -1.073e+01             142.872          -5.019e+00              39.335           6.128e+00     
  90.000          71.000           -4.267e+00          -1.070e+01             142.748          -5.388e+00              39.328           5.739e+00     
  90.000          72.000           -4.562e+00          -1.066e+01             142.631          -5.785e+00              39.321           5.328e+00     
  90.000          73.000           -4.873e+00          -1.063e+01             142.521          -6.213e+00              39.313           4.895e+00     
  90.000          74.000           -5.198e+00          -1.060e+01             142.417          -6.675e+00              39.305           4.440e+00     
  90.000          75.000           -5.539e+00          -1.057e+01             142.320          -7.174e+00              39.295           3.964e+00     
  90.000          76.000           -5.895e+00          -1.055e+01             142.230          -7.717e+00              39.285           3.473e+00     
  90.000          77.000           -6.264e+00          -1.052e+01             142.145          -8.307e+00              39.273           2.976e+00     
  90.000          78.000           -6.647e+00          -1.050e+01             142.067          -8.953e+00              39.260           2.502e+00     
  90.000          79.000           -7.040e+00          -1.048e+01             141.996          -9.662e+00              39.244           2.115e+00     
  90.000          80.000           -7.442e+00          -1.046e+01             141.931          -1.045e+01              39.226           1.942e+00     
  90.000          81.000           -7.848e+00          -1.044e+01             141.872          -1.132e+01              39.204           2.131e+00     
  90.000          82.000           -8.254e+00          -1.042e+01             141.819          -1.231e+01              39.176           2.710e+00     
  90.000          83.000           -8.652e+00          -1.041e+01             141.773          -1.343e+01              39.140           3.608e+00     
  90.000          84.000           -9.035e+00          -1.040e+01             141.732          -1.474e+01              39.093           4.783e+00     
  90.000          85.000           -9.393e+00          -1.039e+01             141.698          -1.629e+01              39.027           6.255e+00     
  90.000          86.000           -9.712e+00          -1.038e+01             141.670          -1.819e+01              38.928           8.108e+00     
  90.000          87.000           -9.981e+00          -1.037e+01             141.649          -2.064e+01              38.763           1.053e+01     
  90.000          88.000           -1.019e+01          -1.037e+01             141.633          -2.408e+01              38.437           1.397e+01     
  90.000          89.000           -1.031e+01          -1.036e+01             141.623          -2.989e+01              37.485           1.980e+01     
  90.000          90.000           -1.036e+01          -1.036e+01             141.620          -5.474e+01               2.837           4.000e+01     
  90.000          91.000           -1.032e+01          -1.036e+01             141.622          -3.073e+01             221.593           2.050e+01     
  90.000          92.000           -1.020e+01          -1.037e+01             141.631          -2.450e+01             220.494           1.431e+01     
  90.000          93.000           -1.000e+01          -1.037e+01             141.646          -2.091e+01             220.141           1.075e+01     
  90.000          94.000           -9.739e+00          -1.038e+01             141.667          -1.839e+01             219.967           8.264e+00     
  90.000          95.000           -9.424e+00          -1.038e+01             141.694          -1.645e+01             219.865           6.368e+00     
  90.000          96.000           -9.069e+00          -1.039e+01             141.727          -1.487e+01             219.799           4.862e+00     
  90.000          97.000           -8.687e+00          -1.041e+01             141.767          -1.354e+01             219.752           3.655e+00     
  90.000          98.000           -8.289e+00          -1.042e+01             141.812          -1.240e+01             219.718           2.722e+00     
  90.000          99.000           -7.883e+00          -1.044e+01             141.864          -1.141e+01             219.693           2.100e+00     
  90.000         100.000           -7.476e+00          -1.045e+01             141.922          -1.052e+01             219.673           1.872e+00     
  90.000         101.000           -7.073e+00          -1.047e+01             141.986          -9.726e+00             219.658           2.028e+00     
  90.000         102.000           -6.678e+00          -1.049e+01             142.056          -9.009e+00             219.646           2.415e+00     
  90.000         103.000           -6.294e+00          -1.052e+01             142.133          -8.357e+00             219.637           2.895e+00     
  90.000         104.000           -5.922e+00          -1.054e+01             142.216          -7.761e+00             219.630           3.399e+00     
  90.000         105.000           -5.564e+00          -1.057e+01             142.306          -7.214e+00             219.624           3.897e+00     
  90.000         106.000           -5.221e+00          -1.060e+01             142.402          -6.709e+00             219.620           4.379e+00     
  90.000         107.000           -4.893e+00          -1.063e+01             142.504          -6.243e+00             219.617           4.839e+00     
  90.000         108.000           -4.580e+00          -1.066e+01             142.613          -5.811e+00             219.615           5.277e+00     
  90.000         109.000           -4.283e+00          -1.069e+01             142.728          -5.410e+00             219.613           5.692e+00     
  90.000         110.000           -4.001e+00          -1.073e+01             142.850          -5.038e+00             219.612           6.085e+00     
  90.000         111.000           -3.734e+00          -1.076e+01             142.979          -4.693e+00             219.612           6.458e+00     
  90.000         112.000           -3.481e+00          -1.080e+01             143.115          -4.371e+00             219.612           6.811e+00     
  90.000         113.000           -3.244e+00          -1.084e+01             143.257          -4.072e+00             219.612           7.146e+00     
  90.000         114.000           -3.020e+00          -1.089e+01             143.406          -3.795e+00             219.613           7.463e+00     
  90.000         115.000           -2.810e+00          -1.093e+01             143.562          -3.537e+00             219.613           7.764e+00     
  90.000         116.000           -2.614e+00          -1.098e+01             143.725          -3.298e+00             219.613           8.049e+00     
  90.000         117.000           -2.431e+00          -1.103e+01             143.895          -3.077e+00             219.613           8.320e+00     
  90.000         118.000           -2.262e+00          -1.107e+01             144.072          -2.874e+00             219.613           8.576e+00     
  90.000         119.000           -2.105e+00          -1.113e+01             144.256          -2.686e+00             219.612           8.818e+00     
  90.000         120.000           -1.961e+00          -1.118e+01             144.447          -2.515e+00             219.610           9.047e+00     
  90.000         121.000           -1.829e+00          -1.123e+01             144.645          -2.358e+00             219.607           9.264e+00     
  90.000         122.000           -1.710e+00          -1.129e+01             144.851          -2.217e+00             219.603           9.468e+00     
  90.000         123.000           -1.603e+00          -1.135e+01             145.064          -2.090e+00             219.598           9.660e+00     
  90.000         124.000           -1.508e+00          -1.141e+01             145.284          -1.977e+00             219.590           9.841e+00     
  90.000         125.000           -1.425e+00          -1.147e+01             145.511          -1.877e+00             219.581           1.001e+01     
  90.000         126.000           -1.353e+00          -1.153e+01             145.746          -1.792e+00             219.569           1.017e+01     
  90.000         127.000           -1.294e+00          -1.160e+01             145.988          -1.719e+00             219.554           1.032e+01     
  90.000         128.000           -1.246e+00          -1.166e+01             146.238          -1.660e+00             219.536           1.045e+01     
  90.000         129.000           -1.211e+00          -1.173e+01             146.495          -1.614e+00             219.514           1.058e+01     
  90.000         130.000           -1.187e+00          -1.180e+01             146.760          -1.582e+00             219.488           1.070e+01     
  90.000         131.000           -1.175e+00          -1.187e+01             147.032          -1.562e+00             219.457           1.080e+01     
  90.000         132.000           -1.175e+00          -1.194e+01             147.312          -1.556e+00             219.420           1.090e+01     
  90.000         133.000           -1.188e+00          -1.201e+01             147.599          -1.563e+00             219.377           1.098e+01     
  90.000         134.000           -1.213e+00          -1.209e+01             147.894          -1.583e+00             219.326           1.105e+01     
  90.000         135.000           -1.250e+00          -1.216e+01             148.196          -1.617e+00             219.266           1.112e+01     
  90.000         136.000           -1.300e+00          -1.224e+01             148.505          -1.664e+00             219.198           1.117e+01     
  90.000         137.000           -1.363e+00          -1.232e+01             148.822          -1.726e+00             219.118           1.121e+01     
  90.000         138.000           -1.439e+00          -1.240e+01             149.146          -1.801e+00             219.026           1.124e+01     
  90.000         139.000           -1.528e+00          -1.248e+01             149.478          -1.892e+00             218.920           1.126e+01     
  90.000         140.000           -1.632e+00          -1.257e+01             149.817          -1.997e+00             218.798           1.127e+01     
  90.000         141.000           -1.750e+00          -1.265e+01             150.163          -2.118e+00             218.659           1.127e+01     
  90.000         142.000           -1.883e+00          -1.273e+01             150.517          -2.255e+00             218.499           1.125e+01     
  90.000         143.000           -2.031e+00          -1.282e+01             150.877          -2.409e+00             218.315           1.123e+01     
  90.000         144.000           -2.195e+00          -1.291e+01             151.245          -2.580e+00             218.105           1.119e+01     
  90.000         145.000           -2.376e+00          -1.300e+01             151.620          -2.769e+00             217.865           1.114e+01     
  90.000         146.000           -2.574e+00          -1.309e+01             152.001          -2.978e+00             217.590           1.108e+01     
  90.000         147.000           -2.790e+00          -1.318e+01             152.389          -3.206e+00             217.275           1.101e+01     
  90.000         148.000           -3.024e+00          -1.327e+01             152.784          -3.455e+00             216.914           1.092e+01     
  90.000         149.000           -3.279e+00          -1.336e+01             153.185          -3.727e+00             216.500           1.082e+01     
  90.000         150.000           -3.554e+00          -1.346e+01             153.592          -4.022e+00             216.024           1.071e+01     
  90.000         151.000           -3.851e+00          -1.355e+01             154.006          -4.343e+00             215.475           1.059e+01     
  90.000         152.000           -4.172e+00          -1.365e+01             154.426          -4.691e+00             214.842           1.047e+01     
  90.000         153.000           -4.517e+00          -1.375e+01             154.852          -5.068e+00             214.108           1.033e+01     
  90.000         154.000           -4.887e+00          -1.385e+01             155.283          -5.477e+00             213.255           1.019e+01     
  90.000         155.000           -5.285e+00          -1.395e+01             155.720          -5.920e+00             212.259           1.005e+01     
  90.000         156.000           -5.711e+00          -1.405e+01             156.162          -6.399e+00             211.090           9.924e+00     
  90.000         157.000           -6.166e+00          -1.415e+01             156.610          -6.919e+00             209.712           9.814e+00     
  90.000         158.000           -6.652e+00          -1.425e+01             157.062          -7.481e+00             208.075           9.740e+00     
  90.000         159.000           -7.168e+00          -1.435e+01             157.520          -8.089e+00             206.118           9.726e+00     
  90.000         160.000           -7.713e+00          -1.446e+01             157.982          -8.746e+00             203.759           9.807e+00     
  90.000         161.000           -8.285e+00          -1.456e+01             158.448          -9.452e+00             200.893           1.004e+01     
  90.000         162.000           -8.877e+00          -1.467e+01             158.918          -1.021e+01             197.382           1.050e+01     
  90.000         163.000           -9.479e+00          -1.477e+01             159.393          -1.100e+01             193.051           1.132e+01     
  90.000         164.000           -1.007e+01          -1.488e+01             159.871          -1.182e+01             187.682           1.272e+01     
  90.000         165.000           -1.064e+01          -1.499e+01             160.352          -1.263e+01             181.037           1.511e+01     
  90.000         166.000           -1.113e+01          -1.510e+01             160.837          -1.336e+01             172.914           1.969e+01     
  90.000         167.000           -1.152e+01          -1.521e+01             161.325          -1.394e+01             163.271           3.549e+01     
  90.000         168.000           -1.174e+01          -1.532e+01             161.815          -1.425e+01             152.405           2.176e+01     
  90.000         169.000           -1.177e+01          -1.543e+01             162.308          -1.422e+01             141.025           1.461e+01     
  90.000         170.000           -1.160e+01          -1.554e+01             162.804          -1.385e+01             130.056           1.083e+01     
  90.000         171.000           -1.125e+01          -1.565e+01             163.301          -1.321e+01             120.252           8.538e+00     
  90.000         172.000           -1.074e+01          -1.576e+01             163.800          -1.239e+01             111.956           7.249e+00     
  90.000         173.000           -1.014e+01          -1.587e+01             164.301          -1.149e+01             105.159           6.743e+00     
  90.000         174.000           -9.474e+00          -1.599e+01             164.803          -1.057e+01              99.670           6.812e+00     
  90.000         175.000           -8.784e+00          -1.610e+01             165.305          -9.675e+00              95.251           7.247e+00     
  90.000         176.000           -8.092e+00          -1.622e+01             165.809          -8.817e+00              91.680           7.879e+00     
  90.000         177.000           -7.412e+00          -1.633e+01             166.313          -8.007e+00              88.777           8.603e+00     
  90.000         178.000           -6.754e+00          -1.645e+01             166.817          -7.247e+00              86.400           9.358e+00     
  90.000         179.000           -6.123e+00          -1.657e+01             167.322          -6.534e+00              84.439           1.011e+01     
  90.000         180.000           -5.522e+00          -1.668e+01             167.825          -5.867e+00              82.811           1.086e+01     
  90.000         181.000           -4.950e+00          -1.680e+01             168.328          -5.243e+00              81.451           1.157e+01     
  90.000         182.000           -4.408e+00          -1.692e+01             168.831          -4.659e+00              80.310           1.227e+01     
  90.000         183.000           -3.895e+00          -1.704e+01             169.332          -4.111e+00              79.349           1.293e+01     
  90.000         184.000           -3.410e+00          -1.716e+01             169.833          -3.597e+00              78.538           1.356e+01     
  90.000         185.000           -2.951e+00          -1.728e+01             170.331          -3.114e+00              77.851           1.417e+01     
  90.000         186.000           -2.516e+00          -1.740e+01             170.828          -2.660e+00              77.271           1.476e+01     
  90.000         187.000           -2.106e+00          -1.752e+01             171.322          -2.232e+00              76.780           1.532e+01     
  90.000         188.000           -1.717e+00          -1.764e+01             171.815          -1.829e+00              76.365           1.585e+01     
  90.000         189.000           -1.349e+00          -1.776e+01             172.304          -1.449e+00              76.017           1.637e+01     
  90.000         190.000           -1.001e+00          -1.789e+01             172.791          -1.091e+00              75.726           1.686e+01     
  90.000         191.000           -6.721e-01          -1.801e+01             173.274          -7.530e-01              75.484           1.734e+01     
  90.000         192.000           -3.607e-01          -1.813e+01             173.754          -4.339e-01              75.285           1.780e+01     
  90.000         193.000           -6.630e-02          -1.826e+01             174.230          -1.327e-01              75.124           1.824e+01     
  90.000         194.000            2.120e-01          -1.838e+01             174.702           1.515e-01              74.996           1.866e+01     
  90.000         195.000            4.749e-01          -1.850e+01             175.170           4.196e-01              74.897           1.907e+01     
  90.000         196.000            7.231e-01          -1.863e+01             175.634           6.724e-01              74.823           1.946e+01     
  90.000         197.000            9.573e-01          -1.875e+01             176.092           9.106e-01              74.772           1.984e+01     
  90.000         198.000            1.178e+00          -1.888e+01             176.546           1.135e+00              74.741           2.020e+01     
  90.000         199.000            1.386e+00          -1.901e+01             176.994           1.346e+00              74.727           2.056e+01     
  90.000         200.000            1.581e+00          -1.913e+01             177.437           1.544e+00              74.729           2.089e+01     
  90.000         201.000            1.764e+00          -1.926e+01             177.873           1.729e+00              74.745           2.122e+01     
  90.000         202.000            1.935e+00          -1.938e+01             178.304           1.903e+00              74.773           2.153e+01     
  90.000         203.000            2.095e+00          -1.951e+01             178.728           2.065e+00              74.811           2.184e+01     
  90.000         204.000            2.244e+00          -1.964e+01             179.146           2.215e+00              74.859           2.213e+01     
  90.000         205.000            2.382e+00          -1.976e+01             179.557           2.355e+00              74.915           2.241e+01     
  90.000         206.000            2.510e+00          -1.989e+01             179.960           2.485e+00              74.978           2.268e+01     
  90.000         207.000            2.627e+00          -2.002e+01             180.357           2.603e+00              75.047           2.294e+01     
  90.000         208.000            2.735e+00          -2.015e+01             180.745           2.712e+00              75.122           2.319e+01     
  90.000         209.000            2.832e+00          -2.027e+01             181.126           2.811e+00              75.201           2.343e+01     
  90.000         210.000            2.921e+00          -2.040e+01             181.498           2.900e+00              75.284           2.366e+01     
  90.000         211.000            2.999e+00          -2.053e+01             181.862           2.980e+00              75.370           2.388e+01     
  90.000         212.000            3.069e+00          -2.066e+01             182.218           3.050e+00              75.459           2.409e+01     
  90.000         213.000            3.129e+00          -2.078e+01             182.565           3.111e+00              75.550           2.429e+01     
  90.000         214.000            3.180e+00          -2.091e+01             182.902           3.163e+00              75.643           2.448e+01     
  90.000         215.000            3.223e+00          -2.104e+01             183.231           3.206e+00              75.736           2.466e+01     
  90.000         216.000            3.256e+00          -2.116e+01             183.550           3.240e+00              75.831           2.483e+01     
  90.000         217.000            3.281e+00          -2.129e+01             183.859           3.266e+00              75.926           2.499e+01     
  90.000         218.000            3.297e+00          -2.142e+01             184.159           3.282e+00              76.021           2.515e+01     
  90.000         219.000            3.304e+00          -2.154e+01             184.449           3.290e+00              76.116           2.529e+01     
  90.000         220.000            3.302e+00          -2.167e+01             184.729           3.288e+00              76.210           2.542e+01     
  90.000         221.000            3.292e+00          -2.180e+01             184.998           3.278e+00              76.303           2.555e+01     
  90.000         222.000            3.273e+00          -2.192e+01             185.258           3.260e+00              76.396           2.566e+01     
  90.000         223.000            3.245e+00          -2.205e+01             185.506           3.232e+00              76.487           2.577e+01     
  90.000         224.000            3.209e+00          -2.217e+01             185.745           3.196e+00              76.577           2.586e+01     
  90.000         225.000            3.164e+00          -2.229e+01             185.973           3.151e+00              76.665           2.595e+01     
  90.000         226.000            3.110e+00          -2.242e+01             186.191           3.097e+00              76.752           2.603e+01     
  90.000         227.000            3.046e+00          -2.254e+01             186.397           3.034e+00              76.836           2.609e+01     
  90.000         228.000            2.974e+00          -2.266e+01             186.594           2.962e+00              76.919           2.615e+01     
  90.000         229.000            2.893e+00          -2.278e+01             186.779           2.881e+00              76.999           2.619e+01     
  90.000         230.000            2.802e+00          -2.290e+01             186.955           2.790e+00              77.078           2.623e+01     
  90.000         231.000            2.702e+00          -2.302e+01             187.119           2.690e+00              77.154           2.625e+01     
  90.000         232.000            2.592e+00          -2.314e+01             187.274           2.580e+00              77.227           2.626e+01     
  90.000         233.000            2.472e+00          -2.325e+01             187.418           2.460e+00              77.298           2.626e+01     
  90.000         234.000            2.342e+00          -2.337e+01             187.552           2.330e+00              77.367           2.625e+01     
  90.000         235.000            2.201e+00          -2.348e+01             187.676           2.190e+00              77.433           2.623e+01     
  90.000         236.000            2.050e+00          -2.360e+01             187.790           2.038e+00              77.496           2.619e+01     
  90.000         237.000            1.888e+00          -2.371e+01             187.894           1.876e+00              77.557           2.615e+01     
  90.000         238.000            1.714e+00          -2.382e+01             187.990           1.702e+00              77.614           2.608e+01     
  90.000         239.000            1.528e+00          -2.393e+01             188.076           1.516e+00              77.669           2.601e+01     
  90.000         240.000            1.330e+00          -2.403e+01             188.153           1.317e+00              77.721           2.592e+01     
  90.000         241.000            1.119e+00          -2.414e+01             188.222           1.106e+00              77.770           2.581e+01     
  90.000         242.000            8.941e-01          -2.424e+01             188.282           8.807e-01              77.816           2.569e+01     
  90.000         243.000            6.552e-01          -2.434e+01             188.335           6.414e-01              77.859           2.555e+01     
  90.000         244.000            4.013e-01          -2.444e+01             188.380           3.870e-01              77.899           2.539e+01     
  90.000         245.000            1.316e-01          -2.453e+01             188.418           1.167e-01              77.936           2.522e+01     
  90.000         246.000           -1.550e-01          -2.463e+01             188.449          -1.706e-01              77.969           2.503e+01     
  90.000         247.000           -4.595e-01          -2.472e+01             188.473          -4.759e-01              77.999           2.481e+01     
  90.000         248.000           -7.833e-01          -2.480e+01             188.492          -8.005e-01              78.025           2.457e+01     
  90.000         249.000           -1.128e+00          -2.489e+01             188.505          -1.146e+00              78.048           2.431e+01     
  90.000         250.000           -1.494e+00          -2.497e+01             188.514          -1.514e+00              78.067           2.403e+01     
  90.000         251.000           -1.885e+00          -2.505e+01             188.517          -1.906e+00              78.081           2.371e+01     
  90.000         252.000           -2.303e+00          -2.512e+01             188.517          -2.325e+00              78.092           2.337e+01     
  90.000         253.000           -2.749e+00          -2.520e+01             188.513          -2.774e+00              78.097           2.299e+01     
  90.000         254.000           -3.228e+00          -2.527e+01             188.506          -3.255e+00              78.097           2.258e+01     
  90.000         255.000           -3.742e+00          -2.533e+01             188.496          -3.772e+00              78.092           2.213e+01     
  90.000         256.000           -4.297e+00          -2.539e+01             188.484          -4.331e+00              78.080           2.163e+01     
  90.000         257.000           -4.897e+00          -2.545e+01             188.470          -4.936e+00              78.060           2.109e+01     
  90.000         258.000           -5.550e+00          -2.551e+01             188.454          -5.594e+00              78.031           2.049e+01     
  90.000         259.000           -6.263e+00          -2.556e+01             188.438          -6.315e+00              77.991           1.982e+01     
  90.000         260.000           -7.048e+00          -2.560e+01             188.421          -7.109e+00              77.938           1.907e+01     
  90.000         261.000           -7.918e+00          -2.564e+01             188.404          -7.992e+00              77.867           1.824e+01     
  90.000         262.000           -8.891e+00          -2.568e+01             188.387          -8.983e+00              77.774           1.730e+01     
  90.000         263.000           -9.992e+00          -2.572e+01             188.371          -1.011e+01              77.649           1.622e+01     
  90.000         264.000           -1.126e+01          -2.574e+01             188.355          -1.141e+01              77.476           1.496e+01     
  90.000         265.000           -1.274e+01          -2.577e+01             188.341          -1.296e+01              77.231           1.348e+01     
  90.000         266.000           -1.451e+01          -2.579e+01             188.328          -1.485e+01              76.861           1.167e+01     
  90.000         267.000           -1.670e+01          -2.581e+01             188.316          -1.727e+01              76.246           9.388e+00     
  90.000         268.000           -1.950e+01          -2.582e+01             188.306          -2.065e+01              75.038           6.428e+00     
  90.000         269.000           -2.303e+01          -2.582e+01             188.298          -2.627e+01              71.625           4.223e+00     
  90.000         270.000           -2.574e+01          -2.583e+01             188.292          -4.287e+01              21.381           3.011e+01     
  90.000         271.000           -2.367e+01          -2.582e+01             188.288          -2.776e+01             267.279           2.570e+00     
  90.000         272.000           -2.007e+01          -2.582e+01             188.285          -2.141e+01             262.850           5.051e+00     
  90.000         273.000           -1.714e+01          -2.581e+01             188.285          -1.778e+01             261.444           8.544e+00     
  90.000         274.000           -1.486e+01          -2.579e+01             188.286          -1.523e+01             260.750           1.105e+01     
  90.000         275.000           -1.302e+01          -2.577e+01             188.288          -1.326e+01             260.332           1.299e+01     
  90.000         276.000           -1.150e+01          -2.575e+01             188.292          -1.167e+01             260.051           1.456e+01     
  90.000         277.000           -1.020e+01          -2.572e+01             188.298          -1.033e+01             259.845           1.587e+01     
  90.000         278.000           -9.077e+00          -2.568e+01             188.304          -9.173e+00             259.685           1.700e+01     
  90.000         279.000           -8.084e+00          -2.565e+01             188.311          -8.161e+00             259.556           1.797e+01     
  90.000         280.000           -7.199e+00          -2.560e+01             188.319          -7.262e+00             259.447           1.884e+01     
  90.000         281.000           -6.401e+00          -2.556e+01             188.326          -6.454e+00             259.353           1.960e+01     
  90.000         282.000           -5.676e+00          -2.551e+01             188.333          -5.722e+00             259.269           2.029e+01     
  90.000         283.000           -5.014e+00          -2.545e+01             188.340          -5.054e+00             259.192           2.090e+01     
  90.000         284.000           -4.406e+00          -2.540e+01             188.345          -4.440e+00             259.120           2.146e+01     
  90.000         285.000           -3.844e+00          -2.533e+01             188.349          -3.875e+00             259.052           2.197e+01     
  90.000         286.000           -3.323e+00          -2.527e+01             188.351          -3.351e+00             258.987           2.243e+01     
  90.000         287.000           -2.839e+00          -2.520e+01             188.350          -2.865e+00             258.923           2.285e+01     
  90.000         288.000           -2.388e+00          -2.513e+01             188.347          -2.411e+00             258.861           2.323e+01     
  90.000         289.000           -1.966e+00          -2.505e+01             188.340          -1.988e+00             258.799           2.358e+01     
  90.000         290.000           -1.572e+00          -2.497e+01             188.329          -1.591e+00             258.738           2.390e+01     
  90.000         291.000           -1.201e+00          -2.489e+01             188.314          -1.220e+00             258.676           2.419e+01     
  90.000         292.000           -8.538e-01          -2.480e+01             188.295          -8.713e-01             258.614           2.446e+01     
  90.000         293.000           -5.271e-01          -2.472e+01             188.270          -5.437e-01             258.551           2.470e+01     
  90.000         294.000           -2.198e-01          -2.462e+01             188.240          -2.356e-01             258.487           2.492e+01     
  90.000         295.000            6.927e-02          -2.453e+01             188.204           5.419e-02             258.421           2.512e+01     
  90.000         296.000            3.414e-01          -2.443e+01             188.161           3.269e-01             258.355           2.529e+01     
  90.000         297.000            5.974e-01          -2.434e+01             188.112           5.835e-01             258.287           2.545e+01     
  90.000         298.000            8.384e-01          -2.424e+01             188.056           8.249e-01             258.217           2.559e+01     
  90.000         299.000            1.065e+00          -2.413e+01             187.992           1.052e+00             258.146           2.572e+01     
  90.000         300.000            1.278e+00          -2.403e+01             187.920           1.265e+00             258.073           2.583e+01     
  90.000         301.000            1.478e+00          -2.392e+01             187.840           1.465e+00             257.998           2.592e+01     
  90.000         302.000            1.665e+00          -2.381e+01             187.751           1.653e+00             257.921           2.600e+01     
  90.000         303.000            1.841e+00          -2.370e+01             187.654           1.829e+00             257.843           2.606e+01     
  90.000         304.000            2.005e+00          -2.359e+01             187.548           1.993e+00             257.762           2.611e+01     
  90.000         305.000            2.157e+00          -2.348e+01             187.433           2.145e+00             257.679           2.615e+01     
  90.000         306.000            2.299e+00          -2.336e+01             187.308           2.287e+00             257.595           2.617e+01     
  90.000         307.000            2.431e+00          -2.324e+01             187.174           2.419e+00             257.508           2.619e+01     
  90.000         308.000            2.552e+00          -2.313e+01             187.030           2.540e+00             257.419           2.619e+01     
  90.000         309.000            2.663e+00          -2.301e+01             186.876           2.651e+00             257.329           2.618e+01     
  90.000         310.000            2.765e+00          -2.289e+01             186.712           2.753e+00             257.236           2.615e+01     
  90.000         311.000            2.856e+00          -2.277e+01             186.539           2.845e+00             257.142           2.612e+01     
  90.000         312.000            2.939e+00          -2.264e+01             186.355           2.927e+00             257.046           2.608e+01     
  90.000         313.000            3.012e+00          -2.252e+01             186.161           3.000e+00             256.948           2.602e+01     
  90.000         314.000            3.077e+00          -2.240e+01             185.956           3.064e+00             256.848           2.596e+01     
  90.000         315.000            3.132e+00          -2.227e+01             185.742           3.120e+00             256.747           2.588e+01     
  90.000         316.000            3.178e+00          -2.215e+01             185.517           3.166e+00             256.644           2.580e+01     
  90.000         317.000            3.216e+00          -2.202e+01             185.282           3.203e+00             256.540           2.570e+01     
  90.000         318.000            3.245e+00          -2.190e+01             185.037           3.232e+00             256.435           2.560e+01     
  90.000         319.000            3.265e+00          -2.177e+01             184.782           3.251e+00             256.328           2.549e+01     
  90.000         320.000            3.276e+00          -2.165e+01             184.517           3.262e+00             256.221           2.536e+01     
  90.000         321.000            3.279e+00          -2.152e+01             184.243           3.265e+00             256.114           2.523e+01     
  90.000         322.000            3.273e+00          -2.139e+01             183.958           3.258e+00             256.005           2.509e+01     
  90.000         323.000            3.259e+00          -2.126e+01             183.664           3.243e+00             255.897           2.494e+01     
  90.000         324.000            3.235e+00          -2.114e+01             183.361           3.219e+00             255.789           2.477e+01     
  90.000         325.000            3.203e+00          -2.101e+01             183.048           3.186e+00             255.682           2.460e+01     
  90.000         326.000            3.162e+00          -2.088e+01             182.726           3.145e+00             255.575           2.442e+01     
  90.000         327.000            3.112e+00          -2.075e+01             182.396           3.094e+00             255.469           2.424e+01     
  90.000         328.000            3.053e+00          -2.063e+01             182.056           3.034e+00             255.365           2.404e+01     
  90.000         329.000            2.985e+00          -2.050e+01             181.708           2.965e+00             255.264           2.383e+01     
  90.000         330.000            2.908e+00          -2.037e+01             181.351           2.887e+00             255.164           2.361e+01     
  90.000         331.000            2.821e+00          -2.024e+01             180.986           2.799e+00             255.068           2.338e+01     
  90.000         332.000            2.725e+00          -2.011e+01             180.614           2.702e+00             254.976           2.315e+01     
  90.000         333.000            2.619e+00          -1.999e+01             180.233           2.595e+00             254.888           2.290e+01     
  90.000         334.000            2.503e+00          -1.986e+01             179.845           2.477e+00             254.806           2.264e+01     
  90.000         335.000            2.377e+00          -1.973e+01             179.450           2.350e+00             254.729           2.237e+01     
  90.000         336.000            2.240e+00          -1.960e+01             179.048           2.212e+00             254.660           2.210e+01     
  90.000         337.000            2.093e+00          -1.948e+01             178.639           2.063e+00             254.598           2.181e+01     
  90.000         338.000            1.935e+00          -1.935e+01             178.223           1.903e+00             254.546           2.151e+01     
  90.000         339.000            1.766e+00          -1.922e+01             177.801           1.731e+00             254.503           2.119e+01     
  90.000         340.000            1.585e+00          -1.910e+01             177.373           1.547e+00             254.473           2.087e+01     
  90.000         341.000            1.392e+00          -1.897e+01             176.939           1.352e+00             254.456           2.053e+01     
  90.000         342.000            1.186e+00          -1.885e+01             176.500           1.143e+00             254.454           2.019e+01     
  90.000         343.000            9.679e-01          -1.872e+01             176.055           9.210e-01             254.469           1.982e+01     
  90.000         344.000            7.362e-01          -1.860e+01             175.605           6.852e-01             254.503           1.945e+01     
  90.000         345.000            4.905e-01          -1.847e+01             175.150           4.350e-01             254.559           1.906e+01     
  90.000         346.000            2.302e-01          -1.835e+01             174.690           1.695e-01             254.640           1.866e+01     
  90.000         347.000           -4.532e-02          -1.822e+01             174.226          -1.119e-01             254.748           1.824e+01     
  90.000         348.000           -3.368e-01          -1.810e+01             173.758          -4.101e-01             254.889           1.780e+01     
  90.000         349.000           -6.451e-01          -1.798e+01             173.287          -7.261e-01             255.066           1.735e+01     
  90.000         350.000           -9.710e-01          -1.786e+01             172.811          -1.061e+00             255.285           1.687e+01     
  90.000         351.000           -1.316e+00          -1.773e+01             172.332          -1.416e+00             255.551           1.638e+01     
  90.000         352.000           -1.680e+00          -1.761e+01             171.850          -1.792e+00             255.872           1.587e+01     
  90.000         353.000           -2.065e+00          -1.749e+01             171.365          -2.191e+00             256.257           1.534e+01     
  90.000         354.000           -2.471e+00          -1.737e+01             170.878          -2.614e+00             256.715           1.478e+01     
  90.000         355.000           -2.902e+00          -1.725e+01             170.388          -3.064e+00             257.259           1.420e+01     
  90.000         356.000           -3.356e+00          -1.713e+01             169.896          -3.542e+00             257.905           1.360e+01     
  90.000         357.000           -3.837e+00          -1.701e+01             169.402          -4.051e+00             258.670           1.296e+01     
  90.000         358.000           -4.346e+00          -1.690e+01             168.907          -4.594e+00             259.579           1.230e+01     
  90.000         359.000           -4.882e+00          -1.678e+01             168.410          -5.173e+00             260.659           1.161e+01     
