Theta [deg.]  Phi   [deg.]  Abs(Grlz)[dBi   ]   Abs(Theta)[dBi   ]  Phase(Theta)[deg.]  Abs(Phi  )[dBi   ]  Phase(Phi  )[deg.]  Ax.Ratio[dB    ]    
------------------------------------------------------------------------------------------------------------------------------------------------------
   0.000          90.000           -1.061e+00          -1.061e+00             237.110          -4.620e+01             228.416           4.000e+01     
   1.000          90.000           -1.380e+00          -1.380e+00             236.825          -4.638e+01             229.175           4.000e+01     
   2.000          90.000           -1.717e+00          -1.717e+00             236.526          -4.656e+01             229.956           4.000e+01     
   3.000          90.000           -2.073e+00          -2.073e+00             236.209          -4.674e+01             230.758           4.000e+01     
   4.000          90.000           -2.448e+00          -2.448e+00             235.872          -4.693e+01             231.584           4.000e+01     
   5.000          90.000           -2.844e+00          -2.844e+00             235.512          -4.713e+01             232.435           4.000e+01     
   6.000          90.000           -3.262e+00          -3.262e+00             235.123          -4.733e+01             233.312           4.000e+01     
   7.000          90.000           -3.704e+00          -3.704e+00             234.703          -4.753e+01             234.215           4.000e+01     
   8.000          90.000           -4.171e+00          -4.171e+00             234.244          -4.775e+01             235.148           4.000e+01     
   9.000          90.000           -4.667e+00          -4.667e+00             233.741          -4.796e+01             236.111           4.000e+01     
  10.000          90.000           -5.192e+00          -5.192e+00             233.183          -4.818e+01             237.106           4.000e+01     
  11.000          90.000           -5.750e+00          -5.750e+00             232.562          -4.841e+01             238.135           4.000e+01     
  12.000          90.000           -6.345e+00          -6.345e+00             231.862          -4.864e+01             239.200           4.000e+01     
  13.000          90.000           -6.979e+00          -6.979e+00             231.068          -4.888e+01             240.303           4.000e+01     
  14.000          90.000           -7.658e+00          -7.658e+00             230.157          -4.912e+01             241.446           4.000e+01     
  15.000          90.000           -8.386e+00          -8.386e+00             229.100          -4.937e+01             242.631           4.000e+01     
  16.000          90.000           -9.170e+00          -9.171e+00             227.858          -4.962e+01             243.861           4.000e+01     
  17.000          90.000           -1.002e+01          -1.002e+01             226.380          -4.988e+01             245.139           4.000e+01     
  18.000          90.000           -1.094e+01          -1.094e+01             224.594          -5.014e+01             246.467           4.000e+01     
  19.000          90.000           -1.194e+01          -1.194e+01             222.396          -5.041e+01             247.848           4.000e+01     
  20.000          90.000           -1.304e+01          -1.304e+01             219.638          -5.068e+01             249.285           4.000e+01     
  21.000          90.000           -1.424e+01          -1.425e+01             216.100          -5.095e+01             250.781           4.000e+01     
  22.000          90.000           -1.556e+01          -1.557e+01             211.447          -5.123e+01             252.340           3.934e+01     
  23.000          90.000           -1.700e+01          -1.700e+01             205.174          -5.151e+01             253.964           3.698e+01     
  24.000          90.000           -1.849e+01          -1.850e+01             196.545          -5.179e+01             255.657           3.462e+01     
  25.000          90.000           -1.993e+01          -1.993e+01             184.673          -5.207e+01             257.423           3.254e+01     
  26.000          90.000           -2.102e+01          -2.102e+01             169.105          -5.236e+01             259.264           3.134e+01     
  27.000          90.000           -2.139e+01          -2.139e+01             151.110          -5.264e+01             261.183           3.180e+01     
  28.000          90.000           -2.092e+01          -2.092e+01             133.872          -5.293e+01             263.185           3.424e+01     
  29.000          90.000           -1.988e+01          -1.988e+01             119.922          -5.321e+01             265.270           3.823e+01     
  30.000          90.000           -1.864e+01          -1.864e+01             109.619          -5.349e+01             267.441           4.000e+01     
  31.000          90.000           -1.741e+01          -1.741e+01             102.192          -5.377e+01             269.700           4.000e+01     
  32.000          90.000           -1.628e+01          -1.628e+01              96.793          -5.404e+01             272.046           4.000e+01     
  33.000          90.000           -1.526e+01          -1.526e+01              92.788          -5.430e+01             274.481           4.000e+01     
  34.000          90.000           -1.435e+01          -1.435e+01              89.757          -5.456e+01             277.003           4.000e+01     
  35.000          90.000           -1.355e+01          -1.355e+01              87.419          -5.481e+01             279.608           4.000e+01     
  36.000          90.000           -1.283e+01          -1.283e+01              85.590          -5.504e+01             282.294           4.000e+01     
  37.000          90.000           -1.219e+01          -1.219e+01              84.144          -5.526e+01             285.054           4.000e+01     
  38.000          90.000           -1.162e+01          -1.162e+01              82.995          -5.547e+01             287.881           4.000e+01     
  39.000          90.000           -1.111e+01          -1.111e+01              82.079          -5.567e+01             290.767           4.000e+01     
  40.000          90.000           -1.066e+01          -1.066e+01              81.351          -5.584e+01             293.701           4.000e+01     
  41.000          90.000           -1.025e+01          -1.025e+01              80.778          -5.600e+01             296.672           4.000e+01     
  42.000          90.000           -9.880e+00          -9.880e+00              80.335          -5.614e+01             299.667           4.000e+01     
  43.000          90.000           -9.551e+00          -9.551e+00              80.004          -5.626e+01             302.672           4.000e+01     
  44.000          90.000           -9.257e+00          -9.257e+00              79.768          -5.636e+01             305.672           4.000e+01     
  45.000          90.000           -8.995e+00          -8.995e+00              79.617          -5.645e+01             308.656           4.000e+01     
  46.000          90.000           -8.762e+00          -8.762e+00              79.542          -5.651e+01             311.608           4.000e+01     
  47.000          90.000           -8.556e+00          -8.556e+00              79.536          -5.655e+01             314.515           4.000e+01     
  48.000          90.000           -8.374e+00          -8.374e+00              79.593          -5.658e+01             317.365           4.000e+01     
  49.000          90.000           -8.216e+00          -8.216e+00              79.708          -5.659e+01             320.147           4.000e+01     
  50.000          90.000           -8.079e+00          -8.080e+00              79.880          -5.659e+01             322.852           4.000e+01     
  51.000          90.000           -7.963e+00          -7.963e+00              80.105          -5.657e+01             325.471           4.000e+01     
  52.000          90.000           -7.866e+00          -7.866e+00              80.381          -5.654e+01             328.000           4.000e+01     
  53.000          90.000           -7.788e+00          -7.788e+00              80.707          -5.650e+01             330.433           4.000e+01     
  54.000          90.000           -7.726e+00          -7.726e+00              81.083          -5.645e+01             332.766           4.000e+01     
  55.000          90.000           -7.681e+00          -7.681e+00              81.508          -5.639e+01             334.999           4.000e+01     
  56.000          90.000           -7.651e+00          -7.651e+00              81.982          -5.632e+01             337.129           4.000e+01     
  57.000          90.000           -7.636e+00          -7.636e+00              82.506          -5.626e+01             339.158           4.000e+01     
  58.000          90.000           -7.636e+00          -7.636e+00              83.081          -5.618e+01             341.085           4.000e+01     
  59.000          90.000           -7.648e+00          -7.649e+00              83.708          -5.611e+01             342.914           4.000e+01     
  60.000          90.000           -7.674e+00          -7.674e+00              84.388          -5.603e+01             344.645           4.000e+01     
  61.000          90.000           -7.713e+00          -7.713e+00              85.123          -5.595e+01             346.281           4.000e+01     
  62.000          90.000           -7.763e+00          -7.763e+00              85.915          -5.587e+01             347.826           4.000e+01     
  63.000          90.000           -7.824e+00          -7.824e+00              86.766          -5.579e+01             349.281           4.000e+01     
  64.000          90.000           -7.896e+00          -7.896e+00              87.680          -5.571e+01             350.649           4.000e+01     
  65.000          90.000           -7.978e+00          -7.979e+00              88.658          -5.564e+01             351.934           4.000e+01     
  66.000          90.000           -8.070e+00          -8.070e+00              89.705          -5.556e+01             353.138           4.000e+01     
  67.000          90.000           -8.171e+00          -8.171e+00              90.823          -5.549e+01             354.264           4.000e+01     
  68.000          90.000           -8.281e+00          -8.281e+00              92.015          -5.542e+01             355.315           4.000e+01     
  69.000          90.000           -8.397e+00          -8.398e+00              93.287          -5.536e+01             356.293           4.000e+01     
  70.000          90.000           -8.521e+00          -8.521e+00              94.641          -5.529e+01             357.200           4.000e+01     
  71.000          90.000           -8.651e+00          -8.651e+00              96.082          -5.523e+01             358.040           4.000e+01     
  72.000          90.000           -8.786e+00          -8.786e+00              97.614          -5.517e+01             358.813           4.000e+01     
  73.000          90.000           -8.925e+00          -8.925e+00              99.241          -5.512e+01             359.522           4.000e+01     
  74.000          90.000           -9.066e+00          -9.067e+00             100.967          -5.507e+01               0.169           4.000e+01     
  75.000          90.000           -9.210e+00          -9.210e+00             102.795          -5.502e+01               0.754           4.000e+01     
  76.000          90.000           -9.353e+00          -9.353e+00             104.728          -5.498e+01               1.280           4.000e+01     
  77.000          90.000           -9.495e+00          -9.495e+00             106.769          -5.494e+01               1.748           4.000e+01     
  78.000          90.000           -9.634e+00          -9.634e+00             108.919          -5.491e+01               2.158           4.000e+01     
  79.000          90.000           -9.768e+00          -9.768e+00             111.179          -5.487e+01               2.512           4.000e+01     
  80.000          90.000           -9.895e+00          -9.895e+00             113.548          -5.485e+01               2.811           4.000e+01     
  81.000          90.000           -1.001e+01          -1.001e+01             116.023          -5.482e+01               3.055           4.000e+01     
  82.000          90.000           -1.012e+01          -1.012e+01             118.600          -5.480e+01               3.244           4.000e+01     
  83.000          90.000           -1.021e+01          -1.021e+01             121.271          -5.478e+01               3.380           4.000e+01     
  84.000          90.000           -1.029e+01          -1.029e+01             124.028          -5.477e+01               3.463           4.000e+01     
  85.000          90.000           -1.035e+01          -1.035e+01             126.859          -5.476e+01               3.492           4.000e+01     
  86.000          90.000           -1.040e+01          -1.040e+01             129.753          -5.475e+01               3.468           4.000e+01     
  87.000          90.000           -1.042e+01          -1.042e+01             132.693          -5.474e+01               3.390           4.000e+01     
  88.000          90.000           -1.042e+01          -1.042e+01             135.662          -5.474e+01               3.260           4.000e+01     
  89.000          90.000           -1.040e+01          -1.040e+01             138.644          -5.474e+01               3.075           4.000e+01     
  90.000          90.000           -1.036e+01          -1.036e+01             141.620          -5.474e+01               2.837           4.000e+01     
  91.000          90.000           -1.030e+01          -1.030e+01             144.572          -5.475e+01               2.545           4.000e+01     
  92.000          90.000           -1.022e+01          -1.022e+01             147.483          -5.476e+01               2.198           4.000e+01     
  93.000          90.000           -1.011e+01          -1.011e+01             150.336          -5.477e+01               1.796           4.000e+01     
  94.000          90.000           -9.993e+00          -9.994e+00             153.119          -5.478e+01               1.339           4.000e+01     
  95.000          90.000           -9.856e+00          -9.857e+00             155.819          -5.479e+01               0.825           4.000e+01     
  96.000          90.000           -9.705e+00          -9.705e+00             158.425          -5.481e+01               0.253           4.000e+01     
  97.000          90.000           -9.541e+00          -9.541e+00             160.931          -5.483e+01             359.625           4.000e+01     
  98.000          90.000           -9.366e+00          -9.366e+00             163.330          -5.485e+01             358.937           4.000e+01     
  99.000          90.000           -9.182e+00          -9.182e+00             165.620          -5.487e+01             358.191           4.000e+01     
 100.000          90.000           -8.992e+00          -8.992e+00             167.798          -5.489e+01             357.384           4.000e+01     
 101.000          90.000           -8.796e+00          -8.796e+00             169.864          -5.491e+01             356.517           4.000e+01     
 102.000          90.000           -8.597e+00          -8.597e+00             171.819          -5.493e+01             355.588           4.000e+01     
 103.000          90.000           -8.397e+00          -8.397e+00             173.666          -5.495e+01             354.597           4.000e+01     
 104.000          90.000           -8.195e+00          -8.196e+00             175.406          -5.497e+01             353.543           4.000e+01     
 105.000          90.000           -7.995e+00          -7.995e+00             177.044          -5.499e+01             352.427           4.000e+01     
 106.000          90.000           -7.797e+00          -7.797e+00             178.582          -5.501e+01             351.247           4.000e+01     
 107.000          90.000           -7.601e+00          -7.601e+00             180.026          -5.502e+01             350.004           4.000e+01     
 108.000          90.000           -7.409e+00          -7.409e+00             181.378          -5.504e+01             348.697           4.000e+01     
 109.000          90.000           -7.221e+00          -7.221e+00             182.643          -5.505e+01             347.327           4.000e+01     
 110.000          90.000           -7.038e+00          -7.038e+00             183.825          -5.506e+01             345.895           4.000e+01     
 111.000          90.000           -6.861e+00          -6.861e+00             184.928          -5.506e+01             344.400           4.000e+01     
 112.000          90.000           -6.690e+00          -6.690e+00             185.955          -5.506e+01             342.845           4.000e+01     
 113.000          90.000           -6.525e+00          -6.525e+00             186.910          -5.505e+01             341.231           4.000e+01     
 114.000          90.000           -6.367e+00          -6.367e+00             187.796          -5.504e+01             339.560           4.000e+01     
 115.000          90.000           -6.217e+00          -6.217e+00             188.616          -5.502e+01             337.834           4.000e+01     
 116.000          90.000           -6.073e+00          -6.073e+00             189.372          -5.499e+01             336.055           4.000e+01     
 117.000          90.000           -5.938e+00          -5.938e+00             190.067          -5.496e+01             334.228           4.000e+01     
 118.000          90.000           -5.810e+00          -5.810e+00             190.704          -5.492e+01             332.355           4.000e+01     
 119.000          90.000           -5.691e+00          -5.691e+00             191.283          -5.487e+01             330.440           4.000e+01     
 120.000          90.000           -5.579e+00          -5.579e+00             191.808          -5.481e+01             328.488           4.000e+01     
 121.000          90.000           -5.476e+00          -5.476e+00             192.278          -5.475e+01             326.503           4.000e+01     
 122.000          90.000           -5.382e+00          -5.382e+00             192.697          -5.467e+01             324.490           4.000e+01     
 123.000          90.000           -5.297e+00          -5.297e+00             193.063          -5.459e+01             322.455           4.000e+01     
 124.000          90.000           -5.220e+00          -5.220e+00             193.379          -5.449e+01             320.402           4.000e+01     
 125.000          90.000           -5.153e+00          -5.153e+00             193.644          -5.439e+01             318.337           4.000e+01     
 126.000          90.000           -5.095e+00          -5.095e+00             193.858          -5.428e+01             316.265           4.000e+01     
 127.000          90.000           -5.046e+00          -5.046e+00             194.023          -5.415e+01             314.191           4.000e+01     
 128.000          90.000           -5.007e+00          -5.007e+00             194.136          -5.402e+01             312.122           4.000e+01     
 129.000          90.000           -4.978e+00          -4.978e+00             194.198          -5.388e+01             310.061           4.000e+01     
 130.000          90.000           -4.958e+00          -4.958e+00             194.207          -5.373e+01             308.013           4.000e+01     
 131.000          90.000           -4.948e+00          -4.949e+00             194.163          -5.357e+01             305.983           4.000e+01     
 132.000          90.000           -4.949e+00          -4.949e+00             194.064          -5.340e+01             303.974           4.000e+01     
 133.000          90.000           -4.960e+00          -4.960e+00             193.908          -5.323e+01             301.991           4.000e+01     
 134.000          90.000           -4.981e+00          -4.981e+00             193.692          -5.305e+01             300.036           4.000e+01     
 135.000          90.000           -5.013e+00          -5.013e+00             193.415          -5.287e+01             298.111           4.000e+01     
 136.000          90.000           -5.056e+00          -5.056e+00             193.072          -5.267e+01             296.221           4.000e+01     
 137.000          90.000           -5.109e+00          -5.109e+00             192.661          -5.248e+01             294.366           4.000e+01     
 138.000          90.000           -5.173e+00          -5.173e+00             192.177          -5.228e+01             292.548           4.000e+01     
 139.000          90.000           -5.249e+00          -5.249e+00             191.616          -5.207e+01             290.767           4.000e+01     
 140.000          90.000           -5.335e+00          -5.335e+00             190.972          -5.186e+01             289.025           4.000e+01     
 141.000          90.000           -5.432e+00          -5.432e+00             190.240          -5.165e+01             287.322           4.000e+01     
 142.000          90.000           -5.540e+00          -5.541e+00             189.413          -5.144e+01             285.659           4.000e+01     
 143.000          90.000           -5.659e+00          -5.660e+00             188.484          -5.123e+01             284.035           4.000e+01     
 144.000          90.000           -5.789e+00          -5.789e+00             187.445          -5.101e+01             282.450           4.000e+01     
 145.000          90.000           -5.928e+00          -5.928e+00             186.286          -5.080e+01             280.904           4.000e+01     
 146.000          90.000           -6.077e+00          -6.077e+00             184.998          -5.058e+01             279.395           4.000e+01     
 147.000          90.000           -6.235e+00          -6.235e+00             183.571          -5.036e+01             277.924           4.000e+01     
 148.000          90.000           -6.400e+00          -6.400e+00             181.993          -5.015e+01             276.490           4.000e+01     
 149.000          90.000           -6.571e+00          -6.571e+00             180.252          -4.993e+01             275.091           4.000e+01     
 150.000          90.000           -6.746e+00          -6.747e+00             178.337          -4.972e+01             273.727           4.000e+01     
 151.000          90.000           -6.924e+00          -6.925e+00             176.235          -4.951e+01             272.396           4.000e+01     
 152.000          90.000           -7.102e+00          -7.102e+00             173.934          -4.930e+01             271.097           4.000e+01     
 153.000          90.000           -7.275e+00          -7.275e+00             171.425          -4.909e+01             269.830           4.000e+01     
 154.000          90.000           -7.441e+00          -7.441e+00             168.700          -4.888e+01             268.593           4.000e+01     
 155.000          90.000           -7.595e+00          -7.595e+00             165.755          -4.867e+01             267.385           4.000e+01     
 156.000          90.000           -7.732e+00          -7.732e+00             162.591          -4.847e+01             266.205           4.000e+01     
 157.000          90.000           -7.846e+00          -7.847e+00             159.215          -4.827e+01             265.053           4.000e+01     
 158.000          90.000           -7.933e+00          -7.933e+00             155.643          -4.808e+01             263.926           4.000e+01     
 159.000          90.000           -7.986e+00          -7.987e+00             151.896          -4.788e+01             262.824           4.000e+01     
 160.000          90.000           -8.002e+00          -8.002e+00             148.009          -4.769e+01             261.746           4.000e+01     
 161.000          90.000           -7.976e+00          -7.976e+00             144.020          -4.750e+01             260.691           4.000e+01     
 162.000          90.000           -7.905e+00          -7.906e+00             139.977          -4.732e+01             259.658           4.000e+01     
 163.000          90.000           -7.789e+00          -7.790e+00             135.928          -4.714e+01             258.646           4.000e+01     
 164.000          90.000           -7.629e+00          -7.630e+00             131.923          -4.696e+01             257.654           4.000e+01     
 165.000          90.000           -7.427e+00          -7.428e+00             128.008          -4.679e+01             256.681           4.000e+01     
 166.000          90.000           -7.188e+00          -7.188e+00             124.224          -4.662e+01             255.727           4.000e+01     
 167.000          90.000           -6.914e+00          -6.915e+00             120.603          -4.645e+01             254.791           4.000e+01     
 168.000          90.000           -6.613e+00          -6.614e+00             117.169          -4.628e+01             253.872           4.000e+01     
 169.000          90.000           -6.290e+00          -6.290e+00             113.936          -4.612e+01             252.970           4.000e+01     
 170.000          90.000           -5.949e+00          -5.949e+00             110.912          -4.597e+01             252.083           4.000e+01     
 171.000          90.000           -5.596e+00          -5.597e+00             108.099          -4.581e+01             251.211           4.000e+01     
 172.000          90.000           -5.236e+00          -5.236e+00             105.491          -4.566e+01             250.353           4.000e+01     
 173.000          90.000           -4.872e+00          -4.872e+00             103.082          -4.552e+01             249.509           4.000e+01     
 174.000          90.000           -4.508e+00          -4.508e+00             100.861          -4.538e+01             248.679           4.000e+01     
 175.000          90.000           -4.145e+00          -4.146e+00              98.816          -4.524e+01             247.861           4.000e+01     
 176.000          90.000           -3.788e+00          -3.788e+00              96.935          -4.510e+01             247.055           4.000e+01     
 177.000          90.000           -3.437e+00          -3.437e+00              95.205          -4.497e+01             246.262           4.000e+01     
 178.000          90.000           -3.093e+00          -3.093e+00              93.616          -4.485e+01             245.479           4.000e+01     
 179.000          90.000           -2.758e+00          -2.759e+00              92.154          -4.472e+01             244.707           4.000e+01     
 180.000          90.000           -2.433e+00          -2.433e+00              90.809          -4.460e+01             243.946           4.000e+01     
 179.000         270.000           -2.118e+00          -2.119e+00             269.570          -4.449e+01              63.195           4.000e+01     
 178.000         270.000           -1.814e+00          -1.814e+00             268.429          -4.437e+01              62.453           4.000e+01     
 177.000         270.000           -1.521e+00          -1.521e+00             267.377          -4.426e+01              61.721           4.000e+01     
 176.000         270.000           -1.239e+00          -1.239e+00             266.405          -4.416e+01              60.997           4.000e+01     
 175.000         270.000           -9.677e-01          -9.679e-01             265.508          -4.406e+01              60.282           4.000e+01     
 174.000         270.000           -7.080e-01          -7.082e-01             264.677          -4.396e+01              59.575           4.000e+01     
 173.000         270.000           -4.595e-01          -4.597e-01             263.908          -4.386e+01              58.876           4.000e+01     
 172.000         270.000           -2.221e-01          -2.223e-01             263.196          -4.377e+01              58.185           4.000e+01     
 171.000         270.000            4.261e-03           4.075e-03             262.534          -4.369e+01              57.501           4.000e+01     
 170.000         270.000            2.197e-01           2.195e-01             261.920          -4.360e+01              56.825           4.000e+01     
 169.000         270.000            4.244e-01           4.242e-01             261.349          -4.352e+01              56.155           4.000e+01     
 168.000         270.000            6.184e-01           6.182e-01             260.817          -4.344e+01              55.492           4.000e+01     
 167.000         270.000            8.020e-01           8.018e-01             260.322          -4.337e+01              54.835           4.000e+01     
 166.000         270.000            9.752e-01           9.750e-01             259.860          -4.330e+01              54.184           4.000e+01     
 165.000         270.000            1.138e+00           1.138e+00             259.428          -4.323e+01              53.540           4.000e+01     
 164.000         270.000            1.291e+00           1.291e+00             259.025          -4.317e+01              52.901           4.000e+01     
 163.000         270.000            1.435e+00           1.434e+00             258.647          -4.310e+01              52.268           4.000e+01     
 162.000         270.000            1.568e+00           1.568e+00             258.294          -4.305e+01              51.641           4.000e+01     
 161.000         270.000            1.692e+00           1.692e+00             257.962          -4.299e+01              51.018           4.000e+01     
 160.000         270.000            1.807e+00           1.807e+00             257.651          -4.294e+01              50.401           4.000e+01     
 159.000         270.000            1.912e+00           1.912e+00             257.359          -4.289e+01              49.789           4.000e+01     
 158.000         270.000            2.009e+00           2.008e+00             257.084          -4.284e+01              49.182           4.000e+01     
 157.000         270.000            2.096e+00           2.096e+00             256.824          -4.280e+01              48.580           4.000e+01     
 156.000         270.000            2.174e+00           2.174e+00             256.580          -4.276e+01              47.983           4.000e+01     
 155.000         270.000            2.244e+00           2.244e+00             256.349          -4.272e+01              47.390           4.000e+01     
 154.000         270.000            2.305e+00           2.305e+00             256.130          -4.268e+01              46.801           4.000e+01     
 153.000         270.000            2.357e+00           2.357e+00             255.924          -4.265e+01              46.218           4.000e+01     
 152.000         270.000            2.401e+00           2.401e+00             255.727          -4.262e+01              45.638           4.000e+01     
 151.000         270.000            2.437e+00           2.437e+00             255.541          -4.259e+01              45.063           4.000e+01     
 150.000         270.000            2.465e+00           2.464e+00             255.363          -4.257e+01              44.492           4.000e+01     
 149.000         270.000            2.484e+00           2.484e+00             255.194          -4.255e+01              43.926           4.000e+01     
 148.000         270.000            2.495e+00           2.495e+00             255.032          -4.253e+01              43.364           4.000e+01     
 147.000         270.000            2.498e+00           2.498e+00             254.877          -4.251e+01              42.806           4.000e+01     
 146.000         270.000            2.493e+00           2.493e+00             254.728          -4.249e+01              42.252           4.000e+01     
 145.000         270.000            2.480e+00           2.480e+00             254.585          -4.248e+01              41.702           4.000e+01     
 144.000         270.000            2.459e+00           2.459e+00             254.447          -4.246e+01              41.157           4.000e+01     
 143.000         270.000            2.430e+00           2.430e+00             254.313          -4.245e+01              40.616           4.000e+01     
 142.000         270.000            2.394e+00           2.393e+00             254.184          -4.245e+01              40.079           4.000e+01     
 141.000         270.000            2.349e+00           2.349e+00             254.058          -4.244e+01              39.547           4.000e+01     
 140.000         270.000            2.297e+00           2.296e+00             253.935          -4.243e+01              39.019           4.000e+01     
 139.000         270.000            2.236e+00           2.236e+00             253.815          -4.243e+01              38.495           4.000e+01     
 138.000         270.000            2.168e+00           2.168e+00             253.698          -4.243e+01              37.976           4.000e+01     
 137.000         270.000            2.092e+00           2.092e+00             253.582          -4.243e+01              37.462           4.000e+01     
 136.000         270.000            2.008e+00           2.008e+00             253.467          -4.243e+01              36.952           4.000e+01     
 135.000         270.000            1.916e+00           1.916e+00             253.354          -4.243e+01              36.448           4.000e+01     
 134.000         270.000            1.816e+00           1.816e+00             253.241          -4.244e+01              35.948           4.000e+01     
 133.000         270.000            1.708e+00           1.708e+00             253.129          -4.244e+01              35.453           4.000e+01     
 132.000         270.000            1.592e+00           1.591e+00             253.016          -4.245e+01              34.963           4.000e+01     
 131.000         270.000            1.467e+00           1.467e+00             252.903          -4.246e+01              34.478           4.000e+01     
 130.000         270.000            1.334e+00           1.334e+00             252.789          -4.247e+01              33.999           4.000e+01     
 129.000         270.000            1.192e+00           1.192e+00             252.674          -4.248e+01              33.526           4.000e+01     
 128.000         270.000            1.041e+00           1.041e+00             252.557          -4.249e+01              33.058           4.000e+01     
 127.000         270.000            8.820e-01           8.818e-01             252.438          -4.250e+01              32.596           4.000e+01     
 126.000         270.000            7.134e-01           7.132e-01             252.317          -4.251e+01              32.140           4.000e+01     
 125.000         270.000            5.354e-01           5.351e-01             252.193          -4.252e+01              31.691           4.000e+01     
 124.000         270.000            3.477e-01           3.474e-01             252.066          -4.253e+01              31.248           4.000e+01     
 123.000         270.000            1.500e-01           1.498e-01             251.935          -4.255e+01              30.811           4.000e+01     
 122.000         270.000           -5.797e-02          -5.822e-02             251.799          -4.256e+01              30.382           4.000e+01     
 121.000         270.000           -2.766e-01          -2.769e-01             251.659          -4.257e+01              29.959           4.000e+01     
 120.000         270.000           -5.064e-01          -5.067e-01             251.514          -4.259e+01              29.543           4.000e+01     
 119.000         270.000           -7.478e-01          -7.481e-01             251.362          -4.260e+01              29.135           4.000e+01     
 118.000         270.000           -1.001e+00          -1.002e+00             251.204          -4.262e+01              28.735           4.000e+01     
 117.000         270.000           -1.268e+00          -1.268e+00             251.039          -4.263e+01              28.342           4.000e+01     
 116.000         270.000           -1.547e+00          -1.548e+00             250.865          -4.265e+01              27.957           4.000e+01     
 115.000         270.000           -1.841e+00          -1.842e+00             250.682          -4.266e+01              27.581           4.000e+01     
 114.000         270.000           -2.150e+00          -2.151e+00             250.488          -4.267e+01              27.213           4.000e+01     
 113.000         270.000           -2.475e+00          -2.476e+00             250.283          -4.269e+01              26.854           4.000e+01     
 112.000         270.000           -2.818e+00          -2.818e+00             250.065          -4.270e+01              26.503           4.000e+01     
 111.000         270.000           -3.178e+00          -3.179e+00             249.831          -4.272e+01              26.162           4.000e+01     
 110.000         270.000           -3.559e+00          -3.560e+00             249.581          -4.273e+01              25.829           4.000e+01     
 109.000         270.000           -3.962e+00          -3.962e+00             249.312          -4.274e+01              25.507           4.000e+01     
 108.000         270.000           -4.388e+00          -4.389e+00             249.020          -4.275e+01              25.194           4.000e+01     
 107.000         270.000           -4.840e+00          -4.841e+00             248.703          -4.277e+01              24.890           4.000e+01     
 106.000         270.000           -5.321e+00          -5.322e+00             248.356          -4.278e+01              24.597           4.000e+01     
 105.000         270.000           -5.834e+00          -5.835e+00             247.973          -4.279e+01              24.314           4.000e+01     
 104.000         270.000           -6.383e+00          -6.384e+00             247.548          -4.280e+01              24.041           3.966e+01     
 103.000         270.000           -6.973e+00          -6.974e+00             247.071          -4.281e+01              23.779           3.911e+01     
 102.000         270.000           -7.609e+00          -7.610e+00             246.532          -4.282e+01              23.528           3.853e+01     
 101.000         270.000           -8.298e+00          -8.300e+00             245.915          -4.283e+01              23.287           3.791e+01     
 100.000         270.000           -9.049e+00          -9.051e+00             245.199          -4.283e+01              23.057           3.725e+01     
  99.000         270.000           -9.875e+00          -9.877e+00             244.354          -4.284e+01              22.838           3.654e+01     
  98.000         270.000           -1.079e+01          -1.079e+01             243.338          -4.285e+01              22.631           3.577e+01     
  97.000         270.000           -1.181e+01          -1.181e+01             242.088          -4.285e+01              22.434           3.495e+01     
  96.000         270.000           -1.297e+01          -1.297e+01             240.504          -4.286e+01              22.249           3.406e+01     
  95.000         270.000           -1.429e+01          -1.430e+01             238.422          -4.286e+01              22.076           3.311e+01     
  94.000         270.000           -1.585e+01          -1.586e+01             235.553          -4.287e+01              21.914           3.215e+01     
  93.000         270.000           -1.771e+01          -1.772e+01             231.339          -4.287e+01              21.763           3.130e+01     
  92.000         270.000           -1.999e+01          -2.001e+01             224.587          -4.287e+01              21.624           3.107e+01     
  91.000         270.000           -2.279e+01          -2.283e+01             212.447          -4.287e+01              21.497           3.455e+01     
  90.000         270.000           -2.574e+01          -2.583e+01             188.292          -4.287e+01              21.381           3.011e+01     
  89.000         270.000           -2.651e+01          -2.661e+01             149.157          -4.287e+01              21.277           1.840e+01     
  88.000         270.000           -2.400e+01          -2.406e+01             118.118          -4.287e+01              21.185           1.887e+01     
  87.000         270.000           -2.103e+01          -2.106e+01             102.258          -4.287e+01              21.104           2.191e+01     
  86.000         270.000           -1.855e+01          -1.857e+01              93.854          -4.286e+01              21.034           2.470e+01     
  85.000         270.000           -1.654e+01          -1.655e+01              88.819          -4.286e+01              20.977           2.698e+01     
  84.000         270.000           -1.487e+01          -1.488e+01              85.486          -4.285e+01              20.931           2.887e+01     
  83.000         270.000           -1.346e+01          -1.346e+01              83.113          -4.285e+01              20.896           3.045e+01     
  82.000         270.000           -1.224e+01          -1.224e+01              81.328          -4.284e+01              20.872           3.181e+01     
  81.000         270.000           -1.116e+01          -1.117e+01              79.927          -4.284e+01              20.860           3.300e+01     
  80.000         270.000           -1.021e+01          -1.021e+01              78.791          -4.283e+01              20.859           3.406e+01     
  79.000         270.000           -9.349e+00          -9.351e+00              77.844          -4.282e+01              20.869           3.500e+01     
  78.000         270.000           -8.568e+00          -8.569e+00              77.036          -4.281e+01              20.890           3.586e+01     
  77.000         270.000           -7.853e+00          -7.854e+00              76.334          -4.281e+01              20.922           3.664e+01     
  76.000         270.000           -7.194e+00          -7.195e+00              75.714          -4.280e+01              20.965           3.736e+01     
  75.000         270.000           -6.584e+00          -6.585e+00              75.158          -4.279e+01              21.018           3.803e+01     
  74.000         270.000           -6.017e+00          -6.018e+00              74.655          -4.278e+01              21.081           3.865e+01     
  73.000         270.000           -5.487e+00          -5.488e+00              74.193          -4.277e+01              21.155           3.923e+01     
  72.000         270.000           -4.991e+00          -4.991e+00              73.766          -4.276e+01              21.239           3.978e+01     
  71.000         270.000           -4.524e+00          -4.525e+00              73.367          -4.275e+01              21.333           4.000e+01     
  70.000         270.000           -4.084e+00          -4.085e+00              72.993          -4.274e+01              21.437           4.000e+01     
  69.000         270.000           -3.669e+00          -3.669e+00              72.639          -4.273e+01              21.551           4.000e+01     
  68.000         270.000           -3.275e+00          -3.276e+00              72.302          -4.272e+01              21.674           4.000e+01     
  67.000         270.000           -2.903e+00          -2.903e+00              71.980          -4.271e+01              21.806           4.000e+01     
  66.000         270.000           -2.549e+00          -2.549e+00              71.671          -4.270e+01              21.948           4.000e+01     
  65.000         270.000           -2.212e+00          -2.213e+00              71.373          -4.269e+01              22.098           4.000e+01     
  64.000         270.000           -1.892e+00          -1.892e+00              71.084          -4.268e+01              22.257           4.000e+01     
  63.000         270.000           -1.587e+00          -1.587e+00              70.804          -4.267e+01              22.425           4.000e+01     
  62.000         270.000           -1.296e+00          -1.297e+00              70.532          -4.266e+01              22.602           4.000e+01     
  61.000         270.000           -1.019e+00          -1.019e+00              70.266          -4.265e+01              22.787           4.000e+01     
  60.000         270.000           -7.544e-01          -7.547e-01              70.006          -4.264e+01              22.980           4.000e+01     
  59.000         270.000           -5.019e-01          -5.022e-01              69.751          -4.263e+01              23.181           4.000e+01     
  58.000         270.000           -2.609e-01          -2.612e-01              69.501          -4.263e+01              23.391           4.000e+01     
  57.000         270.000           -3.091e-02          -3.115e-02              69.255          -4.262e+01              23.608           4.000e+01     
  56.000         270.000            1.885e-01           1.883e-01              69.013          -4.262e+01              23.832           4.000e+01     
  55.000         270.000            3.979e-01           3.977e-01              68.774          -4.261e+01              24.064           4.000e+01     
  54.000         270.000            5.974e-01           5.972e-01              68.538          -4.261e+01              24.304           4.000e+01     
  53.000         270.000            7.875e-01           7.873e-01              68.305          -4.261e+01              24.550           4.000e+01     
  52.000         270.000            9.685e-01           9.683e-01              68.075          -4.261e+01              24.804           4.000e+01     
  51.000         270.000            1.140e+00           1.140e+00              67.847          -4.261e+01              25.065           4.000e+01     
  50.000         270.000            1.304e+00           1.304e+00              67.622          -4.261e+01              25.333           4.000e+01     
  49.000         270.000            1.459e+00           1.459e+00              67.398          -4.261e+01              25.607           4.000e+01     
  48.000         270.000            1.605e+00           1.605e+00              67.176          -4.262e+01              25.889           4.000e+01     
  47.000         270.000            1.744e+00           1.744e+00              66.956          -4.262e+01              26.177           4.000e+01     
  46.000         270.000            1.874e+00           1.874e+00              66.738          -4.263e+01              26.471           4.000e+01     
  45.000         270.000            1.997e+00           1.996e+00              66.522          -4.264e+01              26.773           4.000e+01     
  44.000         270.000            2.111e+00           2.111e+00              66.307          -4.265e+01              27.080           4.000e+01     
  43.000         270.000            2.218e+00           2.218e+00              66.093          -4.267e+01              27.394           4.000e+01     
  42.000         270.000            2.318e+00           2.318e+00              65.881          -4.268e+01              27.715           4.000e+01     
  41.000         270.000            2.410e+00           2.409e+00              65.669          -4.270e+01              28.042           4.000e+01     
  40.000         270.000            2.494e+00           2.494e+00              65.460          -4.272e+01              28.375           4.000e+01     
  39.000         270.000            2.571e+00           2.570e+00              65.251          -4.274e+01              28.715           4.000e+01     
  38.000         270.000            2.640e+00           2.640e+00              65.044          -4.277e+01              29.061           4.000e+01     
  37.000         270.000            2.702e+00           2.702e+00              64.837          -4.279e+01              29.414           4.000e+01     
  36.000         270.000            2.756e+00           2.756e+00              64.632          -4.282e+01              29.773           4.000e+01     
  35.000         270.000            2.803e+00           2.803e+00              64.428          -4.285e+01              30.139           4.000e+01     
  34.000         270.000            2.842e+00           2.842e+00              64.225          -4.289e+01              30.511           4.000e+01     
  33.000         270.000            2.874e+00           2.874e+00              64.022          -4.293e+01              30.890           4.000e+01     
  32.000         270.000            2.898e+00           2.898e+00              63.821          -4.297e+01              31.276           4.000e+01     
  31.000         270.000            2.915e+00           2.915e+00              63.621          -4.301e+01              31.668           4.000e+01     
  30.000         270.000            2.924e+00           2.924e+00              63.421          -4.306e+01              32.067           4.000e+01     
  29.000         270.000            2.925e+00           2.925e+00              63.222          -4.311e+01              32.474           4.000e+01     
  28.000         270.000            2.919e+00           2.919e+00              63.024          -4.316e+01              32.887           4.000e+01     
  27.000         270.000            2.904e+00           2.904e+00              62.826          -4.321e+01              33.308           4.000e+01     
  26.000         270.000            2.882e+00           2.882e+00              62.629          -4.327e+01              33.736           4.000e+01     
  25.000         270.000            2.851e+00           2.851e+00              62.432          -4.334e+01              34.172           4.000e+01     
  24.000         270.000            2.813e+00           2.813e+00              62.236          -4.340e+01              34.616           4.000e+01     
  23.000         270.000            2.766e+00           2.766e+00              62.041          -4.347e+01              35.067           4.000e+01     
  22.000         270.000            2.711e+00           2.710e+00              61.845          -4.354e+01              35.527           4.000e+01     
  21.000         270.000            2.647e+00           2.647e+00              61.650          -4.362e+01              35.995           4.000e+01     
  20.000         270.000            2.574e+00           2.574e+00              61.454          -4.370e+01              36.472           4.000e+01     
  19.000         270.000            2.493e+00           2.493e+00              61.259          -4.378e+01              36.958           4.000e+01     
  18.000         270.000            2.402e+00           2.402e+00              61.063          -4.387e+01              37.453           4.000e+01     
  17.000         270.000            2.303e+00           2.303e+00              60.866          -4.396e+01              37.958           4.000e+01     
  16.000         270.000            2.194e+00           2.194e+00              60.669          -4.406e+01              38.473           4.000e+01     
  15.000         270.000            2.075e+00           2.075e+00              60.471          -4.416e+01              38.997           4.000e+01     
  14.000         270.000            1.947e+00           1.947e+00              60.272          -4.427e+01              39.533           4.000e+01     
  13.000         270.000            1.808e+00           1.808e+00              60.072          -4.437e+01              40.079           4.000e+01     
  12.000         270.000            1.659e+00           1.659e+00              59.869          -4.449e+01              40.637           4.000e+01     
  11.000         270.000            1.500e+00           1.500e+00              59.665          -4.460e+01              41.207           4.000e+01     
  10.000         270.000            1.330e+00           1.330e+00              59.458          -4.473e+01              41.789           4.000e+01     
   9.000         270.000            1.148e+00           1.148e+00              59.248          -4.485e+01              42.383           4.000e+01     
   8.000         270.000            9.549e-01           9.548e-01              59.034          -4.498e+01              42.992           4.000e+01     
   7.000         270.000            7.499e-01           7.498e-01              58.817          -4.512e+01              43.614           4.000e+01     
   6.000         270.000            5.324e-01           5.323e-01              58.594          -4.526e+01              44.250           4.000e+01     
   5.000         270.000            3.021e-01           3.020e-01              58.367          -4.540e+01              44.902           4.000e+01     
   4.000         270.000            5.850e-02           5.838e-02              58.132          -4.555e+01              45.570           4.000e+01     
   3.000         270.000           -1.990e-01          -1.991e-01              57.891          -4.571e+01              46.255           4.000e+01     
   2.000         270.000           -4.709e-01          -4.710e-01              57.641          -4.587e+01              46.957           4.000e+01     
   1.000         270.000           -7.579e-01          -7.581e-01              57.381          -4.603e+01              47.677           4.000e+01     
