Theta [deg.]  Phi   [deg.]  Abs(Grlz)[dBi   ]   Abs(Theta)[dBi   ]  Phase(Theta)[deg.]  Abs(Phi  )[dBi   ]  Phase(Phi  )[deg.]  Ax.Ratio[dB    ]    
------------------------------------------------------------------------------------------------------------------------------------------------------
   0.000          90.000            2.607e+00           2.607e+00             162.777          -4.770e+01              32.649           4.000e+01     
   1.000          90.000            2.581e+00           2.581e+00             163.689          -4.818e+01              34.193           4.000e+01     
   2.000          90.000            2.553e+00           2.553e+00             164.599          -4.868e+01              35.862           4.000e+01     
   3.000          90.000            2.525e+00           2.524e+00             165.504          -4.920e+01              37.672           4.000e+01     
   4.000          90.000            2.494e+00           2.494e+00             166.404          -4.974e+01              39.646           4.000e+01     
   5.000          90.000            2.462e+00           2.462e+00             167.296          -5.031e+01              41.809           4.000e+01     
   6.000          90.000            2.428e+00           2.428e+00             168.179          -5.091e+01              44.193           4.000e+01     
   7.000          90.000            2.392e+00           2.392e+00             169.051          -5.153e+01              46.836           4.000e+01     
   8.000          90.000            2.354e+00           2.354e+00             169.912          -5.218e+01              49.782           4.000e+01     
   9.000          90.000            2.314e+00           2.314e+00             170.758          -5.285e+01              53.087           4.000e+01     
  10.000          90.000            2.272e+00           2.272e+00             171.589          -5.354e+01              56.815           4.000e+01     
  11.000          90.000            2.227e+00           2.227e+00             172.404          -5.425e+01              61.039           4.000e+01     
  12.000          90.000            2.180e+00           2.180e+00             173.201          -5.496e+01              65.843           4.000e+01     
  13.000          90.000            2.130e+00           2.130e+00             173.979          -5.566e+01              71.310           4.000e+01     
  14.000          90.000            2.077e+00           2.077e+00             174.738          -5.634e+01              77.511           4.000e+01     
  15.000          90.000            2.021e+00           2.021e+00             175.475          -5.696e+01              84.486           4.000e+01     
  16.000          90.000            1.962e+00           1.962e+00             176.189          -5.748e+01              92.208           4.000e+01     
  17.000          90.000            1.900e+00           1.900e+00             176.881          -5.788e+01             100.555           4.000e+01     
  18.000          90.000            1.834e+00           1.834e+00             177.549          -5.811e+01             109.298           4.000e+01     
  19.000          90.000            1.765e+00           1.765e+00             178.192          -5.818e+01             118.127           4.000e+01     
  20.000          90.000            1.691e+00           1.691e+00             178.809          -5.807e+01             126.712           4.000e+01     
  21.000          90.000            1.614e+00           1.614e+00             179.401          -5.782e+01             134.783           4.000e+01     
  22.000          90.000            1.533e+00           1.533e+00             179.965          -5.745e+01             142.167           4.000e+01     
  23.000          90.000            1.448e+00           1.448e+00             180.501          -5.702e+01             148.800           4.000e+01     
  24.000          90.000            1.358e+00           1.358e+00             181.010          -5.654e+01             154.693           4.000e+01     
  25.000          90.000            1.264e+00           1.264e+00             181.489          -5.604e+01             159.907           4.000e+01     
  26.000          90.000            1.165e+00           1.165e+00             181.940          -5.555e+01             164.521           4.000e+01     
  27.000          90.000            1.061e+00           1.061e+00             182.360          -5.506e+01             168.621           4.000e+01     
  28.000          90.000            9.529e-01           9.529e-01             182.750          -5.459e+01             172.283           4.000e+01     
  29.000          90.000            8.396e-01           8.396e-01             183.109          -5.415e+01             175.576           4.000e+01     
  30.000          90.000            7.213e-01           7.213e-01             183.437          -5.372e+01             178.559           4.000e+01     
  31.000          90.000            5.979e-01           5.979e-01             183.733          -5.332e+01             181.281           4.000e+01     
  32.000          90.000            4.693e-01           4.693e-01             183.996          -5.295e+01             183.783           4.000e+01     
  33.000          90.000            3.356e-01           3.356e-01             184.227          -5.260e+01             186.097           4.000e+01     
  34.000          90.000            1.966e-01           1.965e-01             184.423          -5.227e+01             188.251           4.000e+01     
  35.000          90.000            5.225e-02           5.222e-02             184.586          -5.196e+01             190.270           4.000e+01     
  36.000          90.000           -9.741e-02          -9.744e-02             184.714          -5.167e+01             192.171           4.000e+01     
  37.000          90.000           -2.524e-01          -2.525e-01             184.806          -5.140e+01             193.971           4.000e+01     
  38.000          90.000           -4.128e-01          -4.129e-01             184.862          -5.115e+01             195.683           4.000e+01     
  39.000          90.000           -5.786e-01          -5.786e-01             184.881          -5.091e+01             197.317           4.000e+01     
  40.000          90.000           -7.497e-01          -7.498e-01             184.863          -5.069e+01             198.884           4.000e+01     
  41.000          90.000           -9.262e-01          -9.262e-01             184.806          -5.048e+01             200.389           4.000e+01     
  42.000          90.000           -1.108e+00          -1.108e+00             184.709          -5.029e+01             201.841           4.000e+01     
  43.000          90.000           -1.295e+00          -1.295e+00             184.572          -5.010e+01             203.244           4.000e+01     
  44.000          90.000           -1.487e+00          -1.487e+00             184.394          -4.993e+01             204.603           4.000e+01     
  45.000          90.000           -1.685e+00          -1.685e+00             184.172          -4.977e+01             205.922           4.000e+01     
  46.000          90.000           -1.887e+00          -1.887e+00             183.907          -4.963e+01             207.204           4.000e+01     
  47.000          90.000           -2.094e+00          -2.094e+00             183.597          -4.949e+01             208.451           4.000e+01     
  48.000          90.000           -2.307e+00          -2.307e+00             183.240          -4.935e+01             209.667           4.000e+01     
  49.000          90.000           -2.523e+00          -2.524e+00             182.836          -4.923e+01             210.853           4.000e+01     
  50.000          90.000           -2.745e+00          -2.745e+00             182.382          -4.912e+01             212.011           4.000e+01     
  51.000          90.000           -2.970e+00          -2.971e+00             181.877          -4.901e+01             213.141           4.000e+01     
  52.000          90.000           -3.200e+00          -3.200e+00             181.320          -4.891e+01             214.245           4.000e+01     
  53.000          90.000           -3.434e+00          -3.434e+00             180.708          -4.881e+01             215.323           4.000e+01     
  54.000          90.000           -3.671e+00          -3.672e+00             180.040          -4.873e+01             216.377           4.000e+01     
  55.000          90.000           -3.912e+00          -3.912e+00             179.315          -4.864e+01             217.406           4.000e+01     
  56.000          90.000           -4.156e+00          -4.156e+00             178.529          -4.857e+01             218.411           4.000e+01     
  57.000          90.000           -4.402e+00          -4.403e+00             177.681          -4.849e+01             219.392           4.000e+01     
  58.000          90.000           -4.651e+00          -4.651e+00             176.769          -4.843e+01             220.349           4.000e+01     
  59.000          90.000           -4.902e+00          -4.902e+00             175.791          -4.836e+01             221.282           4.000e+01     
  60.000          90.000           -5.154e+00          -5.154e+00             174.744          -4.830e+01             222.191           4.000e+01     
  61.000          90.000           -5.407e+00          -5.407e+00             173.628          -4.825e+01             223.076           4.000e+01     
  62.000          90.000           -5.661e+00          -5.661e+00             172.439          -4.820e+01             223.936           4.000e+01     
  63.000          90.000           -5.914e+00          -5.914e+00             171.176          -4.815e+01             224.772           4.000e+01     
  64.000          90.000           -6.166e+00          -6.166e+00             169.837          -4.811e+01             225.582           4.000e+01     
  65.000          90.000           -6.417e+00          -6.417e+00             168.420          -4.807e+01             226.367           4.000e+01     
  66.000          90.000           -6.665e+00          -6.665e+00             166.924          -4.803e+01             227.126           4.000e+01     
  67.000          90.000           -6.910e+00          -6.910e+00             165.348          -4.799e+01             227.859           4.000e+01     
  68.000          90.000           -7.151e+00          -7.151e+00             163.691          -4.796e+01             228.565           4.000e+01     
  69.000          90.000           -7.386e+00          -7.387e+00             161.951          -4.793e+01             229.244           4.000e+01     
  70.000          90.000           -7.616e+00          -7.617e+00             160.130          -4.791e+01             229.896           4.000e+01     
  71.000          90.000           -7.839e+00          -7.839e+00             158.228          -4.788e+01             230.519           4.000e+01     
  72.000          90.000           -8.054e+00          -8.054e+00             156.245          -4.786e+01             231.115           4.000e+01     
  73.000          90.000           -8.259e+00          -8.260e+00             154.184          -4.784e+01             231.681           3.979e+01     
  74.000          90.000           -8.454e+00          -8.455e+00             152.046          -4.783e+01             232.219           3.950e+01     
  75.000          90.000           -8.638e+00          -8.639e+00             149.836          -4.781e+01             232.726           3.924e+01     
  76.000          90.000           -8.810e+00          -8.810e+00             147.556          -4.780e+01             233.204           3.902e+01     
  77.000          90.000           -8.968e+00          -8.969e+00             145.212          -4.779e+01             233.652           3.883e+01     
  78.000          90.000           -9.112e+00          -9.112e+00             142.809          -4.778e+01             234.068           3.867e+01     
  79.000          90.000           -9.241e+00          -9.241e+00             140.353          -4.778e+01             234.454           3.856e+01     
  80.000          90.000           -9.353e+00          -9.354e+00             137.851          -4.778e+01             234.808           3.849e+01     
  81.000          90.000           -9.449e+00          -9.450e+00             135.311          -4.778e+01             235.130           3.845e+01     
  82.000          90.000           -9.528e+00          -9.529e+00             132.740          -4.778e+01             235.420           3.846e+01     
  83.000          90.000           -9.590e+00          -9.590e+00             130.146          -4.778e+01             235.678           3.851e+01     
  84.000          90.000           -9.633e+00          -9.634e+00             127.537          -4.778e+01             235.903           3.861e+01     
  85.000          90.000           -9.659e+00          -9.660e+00             124.923          -4.779e+01             236.095           3.874e+01     
  86.000          90.000           -9.667e+00          -9.668e+00             122.311          -4.780e+01             236.254           3.892e+01     
  87.000          90.000           -9.658e+00          -9.659e+00             119.709          -4.781e+01             236.380           3.913e+01     
  88.000          90.000           -9.631e+00          -9.632e+00             117.125          -4.783e+01             236.471           3.939e+01     
  89.000          90.000           -9.588e+00          -9.588e+00             114.565          -4.784e+01             236.529           3.968e+01     
  90.000          90.000           -9.528e+00          -9.529e+00             112.037          -4.786e+01             236.553           4.000e+01     
  91.000          90.000           -9.453e+00          -9.453e+00             109.546          -4.788e+01             236.542           4.000e+01     
  92.000          90.000           -9.363e+00          -9.363e+00             107.097          -4.790e+01             236.497           4.000e+01     
  93.000          90.000           -9.259e+00          -9.259e+00             104.694          -4.793e+01             236.418           4.000e+01     
  94.000          90.000           -9.141e+00          -9.142e+00             102.342          -4.795e+01             236.303           4.000e+01     
  95.000          90.000           -9.011e+00          -9.012e+00             100.043          -4.798e+01             236.154           4.000e+01     
  96.000          90.000           -8.870e+00          -8.870e+00              97.799          -4.801e+01             235.969           4.000e+01     
  97.000          90.000           -8.717e+00          -8.718e+00              95.614          -4.805e+01             235.749           4.000e+01     
  98.000          90.000           -8.555e+00          -8.555e+00              93.488          -4.808e+01             235.493           4.000e+01     
  99.000          90.000           -8.383e+00          -8.384e+00              91.422          -4.812e+01             235.202           4.000e+01     
 100.000          90.000           -8.203e+00          -8.204e+00              89.416          -4.816e+01             234.875           4.000e+01     
 101.000          90.000           -8.015e+00          -8.016e+00              87.471          -4.820e+01             234.512           4.000e+01     
 102.000          90.000           -7.820e+00          -7.821e+00              85.586          -4.825e+01             234.113           4.000e+01     
 103.000          90.000           -7.619e+00          -7.620e+00              83.760          -4.829e+01             233.677           4.000e+01     
 104.000          90.000           -7.412e+00          -7.413e+00              81.994          -4.834e+01             233.205           4.000e+01     
 105.000          90.000           -7.200e+00          -7.201e+00              80.286          -4.840e+01             232.695           4.000e+01     
 106.000          90.000           -6.984e+00          -6.984e+00              78.634          -4.845e+01             232.149           4.000e+01     
 107.000          90.000           -6.764e+00          -6.764e+00              77.039          -4.851e+01             231.565           4.000e+01     
 108.000          90.000           -6.540e+00          -6.540e+00              75.497          -4.857e+01             230.943           4.000e+01     
 109.000          90.000           -6.313e+00          -6.314e+00              74.009          -4.863e+01             230.283           4.000e+01     
 110.000          90.000           -6.084e+00          -6.085e+00              72.571          -4.870e+01             229.584           4.000e+01     
 111.000          90.000           -5.853e+00          -5.854e+00              71.184          -4.877e+01             228.846           4.000e+01     
 112.000          90.000           -5.621e+00          -5.621e+00              69.844          -4.885e+01             228.068           4.000e+01     
 113.000          90.000           -5.387e+00          -5.387e+00              68.551          -4.892e+01             227.250           4.000e+01     
 114.000          90.000           -5.153e+00          -5.153e+00              67.303          -4.900e+01             226.390           4.000e+01     
 115.000          90.000           -4.918e+00          -4.918e+00              66.097          -4.909e+01             225.488           4.000e+01     
 116.000          90.000           -4.683e+00          -4.683e+00              64.933          -4.918e+01             224.543           4.000e+01     
 117.000          90.000           -4.449e+00          -4.449e+00              63.809          -4.927e+01             223.554           4.000e+01     
 118.000          90.000           -4.215e+00          -4.215e+00              62.722          -4.936e+01             222.520           4.000e+01     
 119.000          90.000           -3.982e+00          -3.982e+00              61.672          -4.946e+01             221.438           4.000e+01     
 120.000          90.000           -3.750e+00          -3.751e+00              60.656          -4.957e+01             220.308           4.000e+01     
 121.000          90.000           -3.520e+00          -3.520e+00              59.673          -4.968e+01             219.128           4.000e+01     
 122.000          90.000           -3.292e+00          -3.292e+00              58.721          -4.979e+01             217.895           4.000e+01     
 123.000          90.000           -3.065e+00          -3.065e+00              57.799          -4.991e+01             216.608           4.000e+01     
 124.000          90.000           -2.841e+00          -2.841e+00              56.905          -5.003e+01             215.263           4.000e+01     
 125.000          90.000           -2.619e+00          -2.619e+00              56.037          -5.016e+01             213.858           4.000e+01     
 126.000          90.000           -2.400e+00          -2.400e+00              55.194          -5.029e+01             212.390           4.000e+01     
 127.000          90.000           -2.184e+00          -2.184e+00              54.375          -5.043e+01             210.855           4.000e+01     
 128.000          90.000           -1.971e+00          -1.971e+00              53.578          -5.058e+01             209.248           4.000e+01     
 129.000          90.000           -1.761e+00          -1.761e+00              52.801          -5.073e+01             207.566           4.000e+01     
 130.000          90.000           -1.554e+00          -1.554e+00              52.043          -5.089e+01             205.803           4.000e+01     
 131.000          90.000           -1.351e+00          -1.351e+00              51.302          -5.105e+01             203.953           4.000e+01     
 132.000          90.000           -1.152e+00          -1.152e+00              50.578          -5.121e+01             202.010           4.000e+01     
 133.000          90.000           -9.566e-01          -9.566e-01              49.869          -5.138e+01             199.968           4.000e+01     
 134.000          90.000           -7.652e-01          -7.652e-01              49.174          -5.156e+01             197.819           4.000e+01     
 135.000          90.000           -5.779e-01          -5.780e-01              48.491          -5.174e+01             195.554           4.000e+01     
 136.000          90.000           -3.949e-01          -3.950e-01              47.820          -5.193e+01             193.165           4.000e+01     
 137.000          90.000           -2.163e-01          -2.163e-01              47.158          -5.212e+01             190.642           4.000e+01     
 138.000          90.000           -4.216e-02          -4.219e-02              46.505          -5.231e+01             187.975           4.000e+01     
 139.000          90.000            1.274e-01           1.274e-01              45.860          -5.250e+01             185.155           4.000e+01     
 140.000          90.000            2.923e-01           2.923e-01              45.222          -5.268e+01             182.171           4.000e+01     
 141.000          90.000            4.524e-01           4.524e-01              44.588          -5.287e+01             179.013           4.000e+01     
 142.000          90.000            6.077e-01           6.077e-01              43.960          -5.305e+01             175.673           4.000e+01     
 143.000          90.000            7.581e-01           7.580e-01              43.334          -5.322e+01             172.144           4.000e+01     
 144.000          90.000            9.034e-01           9.034e-01              42.712          -5.337e+01             168.420           4.000e+01     
 145.000          90.000            1.044e+00           1.044e+00              42.090          -5.351e+01             164.502           4.000e+01     
 146.000          90.000            1.179e+00           1.179e+00              41.469          -5.363e+01             160.394           4.000e+01     
 147.000          90.000            1.309e+00           1.309e+00              40.847          -5.372e+01             156.108           4.000e+01     
 148.000          90.000            1.434e+00           1.434e+00              40.224          -5.379e+01             151.654           4.000e+01     
 149.000          90.000            1.554e+00           1.554e+00              39.598          -5.381e+01             147.059           4.000e+01     
 150.000          90.000            1.668e+00           1.668e+00              38.969          -5.380e+01             142.354           4.000e+01     
 151.000          90.000            1.777e+00           1.777e+00              38.336          -5.375e+01             137.576           4.000e+01     
 152.000          90.000            1.881e+00           1.881e+00              37.699          -5.365e+01             132.765           4.000e+01     
 153.000          90.000            1.979e+00           1.979e+00              37.055          -5.351e+01             127.964           4.000e+01     
 154.000          90.000            2.072e+00           2.072e+00              36.405          -5.333e+01             123.215           4.000e+01     
 155.000          90.000            2.160e+00           2.160e+00              35.747          -5.311e+01             118.559           4.000e+01     
 156.000          90.000            2.242e+00           2.242e+00              35.081          -5.285e+01             114.030           4.000e+01     
 157.000          90.000            2.319e+00           2.319e+00              34.406          -5.256e+01             109.655           4.000e+01     
 158.000          90.000            2.391e+00           2.391e+00              33.722          -5.224e+01             105.455           4.000e+01     
 159.000          90.000            2.458e+00           2.458e+00              33.027          -5.189e+01             101.443           4.000e+01     
 160.000          90.000            2.519e+00           2.519e+00              32.321          -5.153e+01              97.628           4.000e+01     
 161.000          90.000            2.575e+00           2.575e+00              31.604          -5.115e+01              94.010           4.000e+01     
 162.000          90.000            2.626e+00           2.626e+00              30.874          -5.077e+01              90.587           4.000e+01     
 163.000          90.000            2.672e+00           2.672e+00              30.131          -5.038e+01              87.353           4.000e+01     
 164.000          90.000            2.713e+00           2.713e+00              29.375          -4.998e+01              84.301           4.000e+01     
 165.000          90.000            2.748e+00           2.748e+00              28.605          -4.958e+01              81.420           4.000e+01     
 166.000          90.000            2.779e+00           2.779e+00              27.820          -4.919e+01              78.699           4.000e+01     
 167.000          90.000            2.805e+00           2.805e+00              27.020          -4.880e+01              76.130           4.000e+01     
 168.000          90.000            2.827e+00           2.827e+00              26.204          -4.841e+01              73.700           4.000e+01     
 169.000          90.000            2.843e+00           2.843e+00              25.373          -4.803e+01              71.399           4.000e+01     
 170.000          90.000            2.855e+00           2.855e+00              24.525          -4.765e+01              69.219           4.000e+01     
 171.000          90.000            2.863e+00           2.863e+00              23.660          -4.728e+01              67.149           4.000e+01     
 172.000          90.000            2.867e+00           2.867e+00              22.778          -4.692e+01              65.181           4.000e+01     
 173.000          90.000            2.866e+00           2.866e+00              21.879          -4.657e+01              63.307           4.000e+01     
 174.000          90.000            2.861e+00           2.861e+00              20.963          -4.622e+01              61.520           4.000e+01     
 175.000          90.000            2.852e+00           2.852e+00              20.029          -4.589e+01              59.814           4.000e+01     
 176.000          90.000            2.840e+00           2.840e+00              19.078          -4.556e+01              58.181           4.000e+01     
 177.000          90.000            2.824e+00           2.824e+00              18.108          -4.524e+01              56.618           4.000e+01     
 178.000          90.000            2.804e+00           2.804e+00              17.122          -4.493e+01              55.117           4.000e+01     
 179.000          90.000            2.781e+00           2.781e+00              16.118          -4.463e+01              53.676           4.000e+01     
 180.000          90.000            2.755e+00           2.755e+00              15.097          -4.434e+01              52.289           4.000e+01     
 179.000         270.000            2.726e+00           2.726e+00             194.058          -4.405e+01             230.952           4.000e+01     
 178.000         270.000            2.694e+00           2.694e+00             193.004          -4.378e+01             229.664           4.000e+01     
 177.000         270.000            2.659e+00           2.659e+00             191.933          -4.351e+01             228.419           4.000e+01     
 176.000         270.000            2.622e+00           2.621e+00             190.846          -4.325e+01             227.215           4.000e+01     
 175.000         270.000            2.582e+00           2.582e+00             189.745          -4.300e+01             226.050           4.000e+01     
 174.000         270.000            2.540e+00           2.540e+00             188.629          -4.275e+01             224.921           4.000e+01     
 173.000         270.000            2.496e+00           2.496e+00             187.499          -4.252e+01             223.826           4.000e+01     
 172.000         270.000            2.450e+00           2.449e+00             186.357          -4.229e+01             222.763           4.000e+01     
 171.000         270.000            2.402e+00           2.402e+00             185.203          -4.207e+01             221.729           4.000e+01     
 170.000         270.000            2.352e+00           2.352e+00             184.038          -4.185e+01             220.723           4.000e+01     
 169.000         270.000            2.301e+00           2.301e+00             182.863          -4.165e+01             219.744           4.000e+01     
 168.000         270.000            2.248e+00           2.248e+00             181.679          -4.145e+01             218.790           4.000e+01     
 167.000         270.000            2.194e+00           2.194e+00             180.488          -4.126e+01             217.859           4.000e+01     
 166.000         270.000            2.139e+00           2.138e+00             179.291          -4.107e+01             216.950           4.000e+01     
 165.000         270.000            2.082e+00           2.082e+00             178.088          -4.089e+01             216.063           4.000e+01     
 164.000         270.000            2.024e+00           2.024e+00             176.881          -4.072e+01             215.196           4.000e+01     
 163.000         270.000            1.965e+00           1.965e+00             175.672          -4.055e+01             214.347           4.000e+01     
 162.000         270.000            1.905e+00           1.905e+00             174.461          -4.039e+01             213.517           4.000e+01     
 161.000         270.000            1.844e+00           1.843e+00             173.250          -4.024e+01             212.704           4.000e+01     
 160.000         270.000            1.781e+00           1.781e+00             172.040          -4.009e+01             211.907           4.000e+01     
 159.000         270.000            1.718e+00           1.717e+00             170.833          -3.995e+01             211.126           4.000e+01     
 158.000         270.000            1.653e+00           1.653e+00             169.630          -3.981e+01             210.359           4.000e+01     
 157.000         270.000            1.587e+00           1.586e+00             168.431          -3.968e+01             209.607           4.000e+01     
 156.000         270.000            1.519e+00           1.519e+00             167.239          -3.956e+01             208.869           4.000e+01     
 155.000         270.000            1.451e+00           1.450e+00             166.053          -3.944e+01             208.143           4.000e+01     
 154.000         270.000            1.381e+00           1.380e+00             164.876          -3.932e+01             207.430           4.000e+01     
 153.000         270.000            1.309e+00           1.308e+00             163.708          -3.921e+01             206.729           4.000e+01     
 152.000         270.000            1.235e+00           1.235e+00             162.550          -3.911e+01             206.039           4.000e+01     
 151.000         270.000            1.160e+00           1.159e+00             161.402          -3.901e+01             205.361           4.000e+01     
 150.000         270.000            1.083e+00           1.082e+00             160.267          -3.891e+01             204.693           4.000e+01     
 149.000         270.000            1.003e+00           1.003e+00             159.143          -3.882e+01             204.035           4.000e+01     
 148.000         270.000            9.214e-01           9.209e-01             158.032          -3.874e+01             203.388           4.000e+01     
 147.000         270.000            8.373e-01           8.368e-01             156.935          -3.865e+01             202.750           4.000e+01     
 146.000         270.000            7.506e-01           7.501e-01             155.852          -3.858e+01             202.121           4.000e+01     
 145.000         270.000            6.611e-01           6.606e-01             154.782          -3.850e+01             201.502           4.000e+01     
 144.000         270.000            5.687e-01           5.681e-01             153.726          -3.844e+01             200.891           4.000e+01     
 143.000         270.000            4.731e-01           4.725e-01             152.684          -3.837e+01             200.289           4.000e+01     
 142.000         270.000            3.742e-01           3.736e-01             151.657          -3.831e+01             199.696           4.000e+01     
 141.000         270.000            2.718e-01           2.712e-01             150.644          -3.825e+01             199.110           4.000e+01     
 140.000         270.000            1.657e-01           1.651e-01             149.645          -3.820e+01             198.533           4.000e+01     
 139.000         270.000            5.570e-02           5.505e-02             148.660          -3.815e+01             197.964           4.000e+01     
 138.000         270.000           -5.840e-02          -5.908e-02             147.689          -3.810e+01             197.402           4.000e+01     
 137.000         270.000           -1.768e-01          -1.775e-01             146.730          -3.805e+01             196.848           4.000e+01     
 136.000         270.000           -2.997e-01          -3.005e-01             145.785          -3.801e+01             196.302           3.996e+01     
 135.000         270.000           -4.274e-01          -4.282e-01             144.851          -3.797e+01             195.763           3.975e+01     
 134.000         270.000           -5.600e-01          -5.608e-01             143.929          -3.794e+01             195.232           3.953e+01     
 133.000         270.000           -6.978e-01          -6.986e-01             143.018          -3.791e+01             194.708           3.931e+01     
 132.000         270.000           -8.410e-01          -8.419e-01             142.117          -3.788e+01             194.192           3.910e+01     
 131.000         270.000           -9.899e-01          -9.908e-01             141.225          -3.785e+01             193.683           3.887e+01     
 130.000         270.000           -1.145e+00          -1.146e+00             140.342          -3.782e+01             193.182           3.865e+01     
 129.000         270.000           -1.306e+00          -1.306e+00             139.465          -3.780e+01             192.687           3.842e+01     
 128.000         270.000           -1.473e+00          -1.474e+00             138.595          -3.778e+01             192.201           3.819e+01     
 127.000         270.000           -1.647e+00          -1.648e+00             137.730          -3.776e+01             191.721           3.796e+01     
 126.000         270.000           -1.828e+00          -1.829e+00             136.868          -3.775e+01             191.250           3.772e+01     
 125.000         270.000           -2.016e+00          -2.017e+00             136.008          -3.773e+01             190.786           3.747e+01     
 124.000         270.000           -2.212e+00          -2.214e+00             135.148          -3.772e+01             190.329           3.722e+01     
 123.000         270.000           -2.416e+00          -2.418e+00             134.287          -3.771e+01             189.880           3.696e+01     
 122.000         270.000           -2.629e+00          -2.630e+00             133.423          -3.770e+01             189.439           3.670e+01     
 121.000         270.000           -2.850e+00          -2.851e+00             132.554          -3.769e+01             189.006           3.642e+01     
 120.000         270.000           -3.081e+00          -3.082e+00             131.677          -3.768e+01             188.581           3.614e+01     
 119.000         270.000           -3.321e+00          -3.322e+00             130.790          -3.768e+01             188.164           3.585e+01     
 118.000         270.000           -3.571e+00          -3.573e+00             129.890          -3.767e+01             187.756           3.555e+01     
 117.000         270.000           -3.832e+00          -3.834e+00             128.974          -3.767e+01             187.355           3.523e+01     
 116.000         270.000           -4.105e+00          -4.107e+00             128.039          -3.767e+01             186.964           3.491e+01     
 115.000         270.000           -4.390e+00          -4.392e+00             127.079          -3.767e+01             186.580           3.457e+01     
 114.000         270.000           -4.687e+00          -4.690e+00             126.092          -3.767e+01             186.206           3.422e+01     
 113.000         270.000           -4.999e+00          -5.001e+00             125.071          -3.767e+01             185.841           3.385e+01     
 112.000         270.000           -5.324e+00          -5.327e+00             124.011          -3.767e+01             185.484           3.347e+01     
 111.000         270.000           -5.665e+00          -5.668e+00             122.904          -3.767e+01             185.137           3.307e+01     
 110.000         270.000           -6.023e+00          -6.026e+00             121.743          -3.767e+01             184.799           3.265e+01     
 109.000         270.000           -6.398e+00          -6.401e+00             120.519          -3.768e+01             184.470           3.221e+01     
 108.000         270.000           -6.792e+00          -6.796e+00             119.219          -3.768e+01             184.151           3.174e+01     
 107.000         270.000           -7.206e+00          -7.210e+00             117.832          -3.768e+01             183.842           3.126e+01     
 106.000         270.000           -7.642e+00          -7.647e+00             116.340          -3.769e+01             183.542           3.075e+01     
 105.000         270.000           -8.102e+00          -8.107e+00             114.725          -3.769e+01             183.253           3.021e+01     
 104.000         270.000           -8.586e+00          -8.591e+00             112.963          -3.770e+01             182.973           2.964e+01     
 103.000         270.000           -9.096e+00          -9.102e+00             111.026          -3.770e+01             182.704           2.905e+01     
 102.000         270.000           -9.635e+00          -9.642e+00             108.879          -3.770e+01             182.445           2.843e+01     
 101.000         270.000           -1.020e+01          -1.021e+01             106.478          -3.771e+01             182.196           2.777e+01     
 100.000         270.000           -1.080e+01          -1.081e+01             103.771          -3.771e+01             181.958           2.709e+01     
  99.000         270.000           -1.143e+01          -1.144e+01             100.689          -3.772e+01             181.731           2.639e+01     
  98.000         270.000           -1.208e+01          -1.210e+01              97.151          -3.772e+01             181.514           2.567e+01     
  97.000         270.000           -1.276e+01          -1.278e+01              93.058          -3.773e+01             181.308           2.495e+01     
  96.000         270.000           -1.345e+01          -1.347e+01              88.293          -3.773e+01             181.113           2.427e+01     
  95.000         270.000           -1.414e+01          -1.416e+01              82.731          -3.774e+01             180.929           2.366e+01     
  94.000         270.000           -1.480e+01          -1.482e+01              76.251          -3.774e+01             180.755           2.320e+01     
  93.000         270.000           -1.538e+01          -1.541e+01              68.778          -3.774e+01             180.593           2.299e+01     
  92.000         270.000           -1.585e+01          -1.588e+01              60.334          -3.775e+01             180.441           2.314e+01     
  91.000         270.000           -1.614e+01          -1.617e+01              51.105          -3.775e+01             180.301           2.382e+01     
  90.000         270.000           -1.621e+01          -1.624e+01              41.458          -3.775e+01             180.171           2.516e+01     
  89.000         270.000           -1.604e+01          -1.607e+01              31.879          -3.776e+01             180.053           2.728e+01     
  88.000         270.000           -1.567e+01          -1.570e+01              22.838          -3.776e+01             179.945           3.031e+01     
  87.000         270.000           -1.514e+01          -1.516e+01              14.658          -3.776e+01             179.849           3.450e+01     
  86.000         270.000           -1.449e+01          -1.451e+01               7.480          -3.777e+01             179.763           4.000e+01     
  85.000         270.000           -1.379e+01          -1.381e+01               1.297          -3.777e+01             179.688           4.000e+01     
  84.000         270.000           -1.306e+01          -1.308e+01             356.018          -3.777e+01             179.624           4.000e+01     
  83.000         270.000           -1.234e+01          -1.235e+01             351.518          -3.777e+01             179.571           4.000e+01     
  82.000         270.000           -1.163e+01          -1.164e+01             347.674          -3.777e+01             179.529           3.990e+01     
  81.000         270.000           -1.094e+01          -1.095e+01             344.373          -3.778e+01             179.497           3.851e+01     
  80.000         270.000           -1.029e+01          -1.030e+01             341.520          -3.778e+01             179.476           3.772e+01     
  79.000         270.000           -9.662e+00          -9.669e+00             339.039          -3.778e+01             179.465           3.727e+01     
  78.000         270.000           -9.066e+00          -9.072e+00             336.865          -3.778e+01             179.464           3.703e+01     
  77.000         270.000           -8.500e+00          -8.505e+00             334.948          -3.779e+01             179.474           3.693e+01     
  76.000         270.000           -7.961e+00          -7.965e+00             333.247          -3.779e+01             179.494           3.692e+01     
  75.000         270.000           -7.448e+00          -7.452e+00             331.730          -3.779e+01             179.524           3.697e+01     
  74.000         270.000           -6.960e+00          -6.964e+00             330.369          -3.780e+01             179.564           3.707e+01     
  73.000         270.000           -6.496e+00          -6.499e+00             329.143          -3.780e+01             179.613           3.721e+01     
  72.000         270.000           -6.053e+00          -6.055e+00             328.034          -3.781e+01             179.673           3.736e+01     
  71.000         270.000           -5.630e+00          -5.632e+00             327.027          -3.781e+01             179.741           3.753e+01     
  70.000         270.000           -5.225e+00          -5.228e+00             326.110          -3.782e+01             179.820           3.771e+01     
  69.000         270.000           -4.839e+00          -4.841e+00             325.272          -3.782e+01             179.907           3.789e+01     
  68.000         270.000           -4.469e+00          -4.471e+00             324.506          -3.783e+01             180.004           3.808e+01     
  67.000         270.000           -4.115e+00          -4.117e+00             323.805          -3.784e+01             180.109           3.828e+01     
  66.000         270.000           -3.775e+00          -3.777e+00             323.160          -3.785e+01             180.224           3.847e+01     
  65.000         270.000           -3.449e+00          -3.451e+00             322.569          -3.786e+01             180.347           3.866e+01     
  64.000         270.000           -3.137e+00          -3.138e+00             322.026          -3.787e+01             180.479           3.886e+01     
  63.000         270.000           -2.837e+00          -2.838e+00             321.528          -3.788e+01             180.620           3.905e+01     
  62.000         270.000           -2.548e+00          -2.549e+00             321.071          -3.789e+01             180.769           3.924e+01     
  61.000         270.000           -2.271e+00          -2.272e+00             320.653          -3.791e+01             180.926           3.943e+01     
  60.000         270.000           -2.004e+00          -2.006e+00             320.270          -3.793e+01             181.091           3.961e+01     
  59.000         270.000           -1.748e+00          -1.749e+00             319.922          -3.795e+01             181.265           3.980e+01     
  58.000         270.000           -1.502e+00          -1.503e+00             319.606          -3.797e+01             181.446           3.998e+01     
  57.000         270.000           -1.265e+00          -1.266e+00             319.322          -3.799e+01             181.636           4.000e+01     
  56.000         270.000           -1.037e+00          -1.038e+00             319.066          -3.801e+01             181.833           4.000e+01     
  55.000         270.000           -8.183e-01          -8.191e-01             318.839          -3.804e+01             182.038           4.000e+01     
  54.000         270.000           -6.078e-01          -6.086e-01             318.640          -3.807e+01             182.251           4.000e+01     
  53.000         270.000           -4.055e-01          -4.062e-01             318.467          -3.810e+01             182.471           4.000e+01     
  52.000         270.000           -2.112e-01          -2.119e-01             318.320          -3.813e+01             182.700           4.000e+01     
  51.000         270.000           -2.461e-02          -2.527e-02             318.199          -3.817e+01             182.935           4.000e+01     
  50.000         270.000            1.544e-01           1.538e-01             318.102          -3.821e+01             183.179           4.000e+01     
  49.000         270.000            3.262e-01           3.256e-01             318.030          -3.825e+01             183.430           4.000e+01     
  48.000         270.000            4.908e-01           4.902e-01             317.982          -3.829e+01             183.689           4.000e+01     
  47.000         270.000            6.484e-01           6.478e-01             317.959          -3.834e+01             183.955           4.000e+01     
  46.000         270.000            7.992e-01           7.987e-01             317.959          -3.839e+01             184.229           4.000e+01     
  45.000         270.000            9.434e-01           9.429e-01             317.982          -3.845e+01             184.511           4.000e+01     
  44.000         270.000            1.081e+00           1.081e+00             318.030          -3.851e+01             184.801           4.000e+01     
  43.000         270.000            1.212e+00           1.212e+00             318.101          -3.857e+01             185.099           4.000e+01     
  42.000         270.000            1.337e+00           1.337e+00             318.195          -3.863e+01             185.405           4.000e+01     
  41.000         270.000            1.456e+00           1.456e+00             318.313          -3.870e+01             185.719           4.000e+01     
  40.000         270.000            1.569e+00           1.569e+00             318.455          -3.878e+01             186.041           4.000e+01     
  39.000         270.000            1.676e+00           1.676e+00             318.621          -3.886e+01             186.372           4.000e+01     
  38.000         270.000            1.778e+00           1.777e+00             318.810          -3.894e+01             186.712           4.000e+01     
  37.000         270.000            1.874e+00           1.873e+00             319.024          -3.903e+01             187.060           4.000e+01     
  36.000         270.000            1.964e+00           1.963e+00             319.261          -3.912e+01             187.418           4.000e+01     
  35.000         270.000            2.049e+00           2.048e+00             319.523          -3.922e+01             187.784           4.000e+01     
  34.000         270.000            2.128e+00           2.128e+00             319.809          -3.932e+01             188.161           4.000e+01     
  33.000         270.000            2.202e+00           2.202e+00             320.119          -3.943e+01             188.547           4.000e+01     
  32.000         270.000            2.272e+00           2.271e+00             320.454          -3.954e+01             188.944           4.000e+01     
  31.000         270.000            2.336e+00           2.336e+00             320.814          -3.966e+01             189.352           4.000e+01     
  30.000         270.000            2.396e+00           2.395e+00             321.199          -3.979e+01             189.770           4.000e+01     
  29.000         270.000            2.450e+00           2.450e+00             321.608          -3.992e+01             190.200           4.000e+01     
  28.000         270.000            2.501e+00           2.500e+00             322.043          -4.006e+01             190.642           4.000e+01     
  27.000         270.000            2.546e+00           2.546e+00             322.502          -4.020e+01             191.097           4.000e+01     
  26.000         270.000            2.588e+00           2.588e+00             322.986          -4.035e+01             191.565           4.000e+01     
  25.000         270.000            2.625e+00           2.625e+00             323.495          -4.051e+01             192.046           4.000e+01     
  24.000         270.000            2.659e+00           2.658e+00             324.029          -4.068e+01             192.542           4.000e+01     
  23.000         270.000            2.688e+00           2.688e+00             324.587          -4.085e+01             193.053           4.000e+01     
  22.000         270.000            2.714e+00           2.713e+00             325.170          -4.103e+01             193.580           4.000e+01     
  21.000         270.000            2.736e+00           2.735e+00             325.776          -4.122e+01             194.123           4.000e+01     
  20.000         270.000            2.754e+00           2.754e+00             326.407          -4.142e+01             194.685           4.000e+01     
  19.000         270.000            2.769e+00           2.769e+00             327.060          -4.162e+01             195.265           4.000e+01     
  18.000         270.000            2.782e+00           2.781e+00             327.737          -4.184e+01             195.865           4.000e+01     
  17.000         270.000            2.791e+00           2.790e+00             328.436          -4.206e+01             196.487           4.000e+01     
  16.000         270.000            2.797e+00           2.797e+00             329.156          -4.229e+01             197.131           4.000e+01     
  15.000         270.000            2.800e+00           2.800e+00             329.897          -4.254e+01             197.800           4.000e+01     
  14.000         270.000            2.801e+00           2.801e+00             330.659          -4.279e+01             198.494           4.000e+01     
  13.000         270.000            2.800e+00           2.799e+00             331.439          -4.305e+01             199.217           4.000e+01     
  12.000         270.000            2.796e+00           2.796e+00             332.238          -4.333e+01             199.969           4.000e+01     
  11.000         270.000            2.790e+00           2.790e+00             333.053          -4.361e+01             200.754           4.000e+01     
  10.000         270.000            2.782e+00           2.781e+00             333.885          -4.391e+01             201.574           4.000e+01     
   9.000         270.000            2.771e+00           2.771e+00             334.732          -4.422e+01             202.433           4.000e+01     
   8.000         270.000            2.760e+00           2.759e+00             335.592          -4.455e+01             203.333           4.000e+01     
   7.000         270.000            2.746e+00           2.746e+00             336.464          -4.489e+01             204.279           4.000e+01     
   6.000         270.000            2.731e+00           2.731e+00             337.346          -4.524e+01             205.274           4.000e+01     
   5.000         270.000            2.714e+00           2.714e+00             338.238          -4.561e+01             206.325           4.000e+01     
   4.000         270.000            2.695e+00           2.695e+00             339.138          -4.599e+01             207.437           4.000e+01     
   3.000         270.000            2.675e+00           2.675e+00             340.043          -4.639e+01             208.617           4.000e+01     
   2.000         270.000            2.654e+00           2.654e+00             340.952          -4.681e+01             209.872           4.000e+01     
   1.000         270.000            2.631e+00           2.631e+00             341.864          -4.725e+01             211.213           4.000e+01     
