Theta [deg.]  Phi   [deg.]  Abs(Grlz)[dBi   ]   Abs(Theta)[dBi   ]  Phase(Theta)[deg.]  Abs(Phi  )[dBi   ]  Phase(Phi  )[deg.]  Ax.Ratio[dB    ]    
------------------------------------------------------------------------------------------------------------------------------------------------------
   0.000          90.000           -7.602e-01          -7.602e-01              62.965          -5.549e+01             317.031           4.000e+01     
   1.000          90.000           -6.601e-01          -6.601e-01              64.220          -5.525e+01             320.219           4.000e+01     
   2.000          90.000           -5.679e-01          -5.679e-01              65.387          -5.502e+01             323.185           4.000e+01     
   3.000          90.000           -4.842e-01          -4.842e-01              66.469          -5.481e+01             325.953           4.000e+01     
   4.000          90.000           -4.097e-01          -4.098e-01              67.469          -5.461e+01             328.546           4.000e+01     
   5.000          90.000           -3.452e-01          -3.452e-01              68.391          -5.443e+01             330.987           4.000e+01     
   6.000          90.000           -2.910e-01          -2.911e-01              69.238          -5.427e+01             333.297           4.000e+01     
   7.000          90.000           -2.477e-01          -2.477e-01              70.015          -5.412e+01             335.492           4.000e+01     
   8.000          90.000           -2.155e-01          -2.155e-01              70.724          -5.400e+01             337.590           4.000e+01     
   9.000          90.000           -1.948e-01          -1.948e-01              71.367          -5.389e+01             339.606           4.000e+01     
  10.000          90.000           -1.858e-01          -1.859e-01              71.948          -5.381e+01             341.554           4.000e+01     
  11.000          90.000           -1.888e-01          -1.888e-01              72.469          -5.374e+01             343.445           4.000e+01     
  12.000          90.000           -2.039e-01          -2.039e-01              72.932          -5.369e+01             345.293           4.000e+01     
  13.000          90.000           -2.311e-01          -2.312e-01              73.340          -5.367e+01             347.107           4.000e+01     
  14.000          90.000           -2.707e-01          -2.708e-01              73.693          -5.366e+01             348.897           4.000e+01     
  15.000          90.000           -3.227e-01          -3.227e-01              73.993          -5.367e+01             350.674           4.000e+01     
  16.000          90.000           -3.871e-01          -3.871e-01              74.241          -5.370e+01             352.447           4.000e+01     
  17.000          90.000           -4.639e-01          -4.639e-01              74.439          -5.375e+01             354.224           4.000e+01     
  18.000          90.000           -5.531e-01          -5.531e-01              74.587          -5.382e+01             356.015           4.000e+01     
  19.000          90.000           -6.547e-01          -6.547e-01              74.685          -5.391e+01             357.830           4.000e+01     
  20.000          90.000           -7.687e-01          -7.687e-01              74.734          -5.401e+01             359.678           4.000e+01     
  21.000          90.000           -8.948e-01          -8.948e-01              74.734          -5.414e+01               1.568           4.000e+01     
  22.000          90.000           -1.033e+00          -1.033e+00              74.683          -5.428e+01               3.511           4.000e+01     
  23.000          90.000           -1.183e+00          -1.183e+00              74.583          -5.444e+01               5.517           4.000e+01     
  24.000          90.000           -1.346e+00          -1.346e+00              74.431          -5.462e+01               7.599           4.000e+01     
  25.000          90.000           -1.519e+00          -1.519e+00              74.228          -5.482e+01               9.769           4.000e+01     
  26.000          90.000           -1.705e+00          -1.705e+00              73.971          -5.503e+01              12.041           4.000e+01     
  27.000          90.000           -1.901e+00          -1.901e+00              73.660          -5.526e+01              14.429           4.000e+01     
  28.000          90.000           -2.108e+00          -2.108e+00              73.293          -5.550e+01              16.947           4.000e+01     
  29.000          90.000           -2.326e+00          -2.326e+00              72.867          -5.576e+01              19.616           4.000e+01     
  30.000          90.000           -2.553e+00          -2.553e+00              72.381          -5.603e+01              22.451           4.000e+01     
  31.000          90.000           -2.790e+00          -2.790e+00              71.833          -5.631e+01              25.471           4.000e+01     
  32.000          90.000           -3.036e+00          -3.036e+00              71.220          -5.660e+01              28.696           4.000e+01     
  33.000          90.000           -3.291e+00          -3.291e+00              70.541          -5.689e+01              32.144           4.000e+01     
  34.000          90.000           -3.553e+00          -3.553e+00              69.792          -5.718e+01              35.833           4.000e+01     
  35.000          90.000           -3.822e+00          -3.822e+00              68.971          -5.746e+01              39.775           4.000e+01     
  36.000          90.000           -4.096e+00          -4.096e+00              68.077          -5.773e+01              43.981           4.000e+01     
  37.000          90.000           -4.376e+00          -4.376e+00              67.107          -5.798e+01              48.450           4.000e+01     
  38.000          90.000           -4.659e+00          -4.659e+00              66.059          -5.820e+01              53.174           4.000e+01     
  39.000          90.000           -4.944e+00          -4.944e+00              64.933          -5.838e+01              58.131           4.000e+01     
  40.000          90.000           -5.230e+00          -5.230e+00              63.729          -5.852e+01              63.285           4.000e+01     
  41.000          90.000           -5.516e+00          -5.516e+00              62.445          -5.861e+01              68.585           4.000e+01     
  42.000          90.000           -5.799e+00          -5.799e+00              61.085          -5.864e+01              73.970           4.000e+01     
  43.000          90.000           -6.078e+00          -6.078e+00              59.650          -5.862e+01              79.369           4.000e+01     
  44.000          90.000           -6.351e+00          -6.351e+00              58.145          -5.854e+01              84.711           4.000e+01     
  45.000          90.000           -6.617e+00          -6.617e+00              56.576          -5.840e+01              89.928           4.000e+01     
  46.000          90.000           -6.873e+00          -6.873e+00              54.949          -5.822e+01              94.962           4.000e+01     
  47.000          90.000           -7.118e+00          -7.118e+00              53.275          -5.799e+01              99.768           4.000e+01     
  48.000          90.000           -7.350e+00          -7.350e+00              51.563          -5.773e+01             104.316           4.000e+01     
  49.000          90.000           -7.568e+00          -7.568e+00              49.827          -5.744e+01             108.587           4.000e+01     
  50.000          90.000           -7.770e+00          -7.770e+00              48.080          -5.713e+01             112.576           4.000e+01     
  51.000          90.000           -7.956e+00          -7.956e+00              46.338          -5.681e+01             116.288           4.000e+01     
  52.000          90.000           -8.124e+00          -8.124e+00              44.616          -5.648e+01             119.732           4.000e+01     
  53.000          90.000           -8.274e+00          -8.275e+00              42.930          -5.615e+01             122.924           4.000e+01     
  54.000          90.000           -8.407e+00          -8.408e+00              41.296          -5.582e+01             125.879           4.000e+01     
  55.000          90.000           -8.523e+00          -8.523e+00              39.731          -5.550e+01             128.617           4.000e+01     
  56.000          90.000           -8.622e+00          -8.622e+00              38.247          -5.518e+01             131.154           4.000e+01     
  57.000          90.000           -8.705e+00          -8.705e+00              36.859          -5.488e+01             133.509           4.000e+01     
  58.000          90.000           -8.773e+00          -8.773e+00              35.577          -5.458e+01             135.697           4.000e+01     
  59.000          90.000           -8.827e+00          -8.827e+00              34.411          -5.429e+01             137.734           4.000e+01     
  60.000          90.000           -8.868e+00          -8.868e+00              33.369          -5.402e+01             139.633           4.000e+01     
  61.000          90.000           -8.898e+00          -8.898e+00              32.457          -5.375e+01             141.406           4.000e+01     
  62.000          90.000           -8.918e+00          -8.918e+00              31.678          -5.350e+01             143.065           4.000e+01     
  63.000          90.000           -8.928e+00          -8.929e+00              31.036          -5.326e+01             144.620           4.000e+01     
  64.000          90.000           -8.931e+00          -8.931e+00              30.531          -5.304e+01             146.079           4.000e+01     
  65.000          90.000           -8.927e+00          -8.927e+00              30.163          -5.282e+01             147.451           4.000e+01     
  66.000          90.000           -8.917e+00          -8.917e+00              29.932          -5.262e+01             148.741           4.000e+01     
  67.000          90.000           -8.902e+00          -8.902e+00              29.831          -5.242e+01             149.958           4.000e+01     
  68.000          90.000           -8.881e+00          -8.881e+00              29.860          -5.224e+01             151.105           4.000e+01     
  69.000          90.000           -8.857e+00          -8.857e+00              30.014          -5.207e+01             152.189           4.000e+01     
  70.000          90.000           -8.828e+00          -8.828e+00              30.289          -5.191e+01             153.213           4.000e+01     
  71.000          90.000           -8.796e+00          -8.796e+00              30.678          -5.177e+01             154.182           4.000e+01     
  72.000          90.000           -8.761e+00          -8.761e+00              31.178          -5.163e+01             155.098           4.000e+01     
  73.000          90.000           -8.722e+00          -8.722e+00              31.780          -5.150e+01             155.965           4.000e+01     
  74.000          90.000           -8.680e+00          -8.680e+00              32.481          -5.138e+01             156.786           4.000e+01     
  75.000          90.000           -8.635e+00          -8.636e+00              33.272          -5.127e+01             157.562           4.000e+01     
  76.000          90.000           -8.587e+00          -8.588e+00              34.148          -5.117e+01             158.297           4.000e+01     
  77.000          90.000           -8.537e+00          -8.537e+00              35.101          -5.108e+01             158.992           4.000e+01     
  78.000          90.000           -8.483e+00          -8.483e+00              36.125          -5.100e+01             159.649           4.000e+01     
  79.000          90.000           -8.426e+00          -8.427e+00              37.214          -5.093e+01             160.270           4.000e+01     
  80.000          90.000           -8.367e+00          -8.367e+00              38.360          -5.086e+01             160.855           4.000e+01     
  81.000          90.000           -8.305e+00          -8.305e+00              39.556          -5.081e+01             161.406           4.000e+01     
  82.000          90.000           -8.240e+00          -8.241e+00              40.798          -5.076e+01             161.924           4.000e+01     
  83.000          90.000           -8.174e+00          -8.174e+00              42.077          -5.072e+01             162.411           4.000e+01     
  84.000          90.000           -8.105e+00          -8.105e+00              43.389          -5.069e+01             162.865           4.000e+01     
  85.000          90.000           -8.034e+00          -8.034e+00              44.727          -5.067e+01             163.290           4.000e+01     
  86.000          90.000           -7.962e+00          -7.962e+00              46.086          -5.066e+01             163.685           4.000e+01     
  87.000          90.000           -7.889e+00          -7.889e+00              47.462          -5.065e+01             164.050           4.000e+01     
  88.000          90.000           -7.816e+00          -7.816e+00              48.849          -5.065e+01             164.386           4.000e+01     
  89.000          90.000           -7.742e+00          -7.742e+00              50.243          -5.067e+01             164.694           4.000e+01     
  90.000          90.000           -7.669e+00          -7.669e+00              51.641          -5.068e+01             164.974           4.000e+01     
  91.000          90.000           -7.597e+00          -7.597e+00              53.039          -5.071e+01             165.226           4.000e+01     
  92.000          90.000           -7.526e+00          -7.526e+00              54.434          -5.075e+01             165.450           4.000e+01     
  93.000          90.000           -7.458e+00          -7.458e+00              55.824          -5.079e+01             165.647           4.000e+01     
  94.000          90.000           -7.392e+00          -7.392e+00              57.207          -5.084e+01             165.816           4.000e+01     
  95.000          90.000           -7.330e+00          -7.330e+00              58.581          -5.090e+01             165.957           4.000e+01     
  96.000          90.000           -7.272e+00          -7.272e+00              59.945          -5.097e+01             166.071           4.000e+01     
  97.000          90.000           -7.219e+00          -7.219e+00              61.298          -5.104e+01             166.158           4.000e+01     
  98.000          90.000           -7.171e+00          -7.172e+00              62.640          -5.113e+01             166.216           4.000e+01     
  99.000          90.000           -7.130e+00          -7.130e+00              63.971          -5.122e+01             166.247           4.000e+01     
 100.000          90.000           -7.095e+00          -7.096e+00              65.291          -5.132e+01             166.249           4.000e+01     
 101.000          90.000           -7.068e+00          -7.069e+00              66.601          -5.144e+01             166.223           4.000e+01     
 102.000          90.000           -7.050e+00          -7.050e+00              67.901          -5.156e+01             166.168           4.000e+01     
 103.000          90.000           -7.040e+00          -7.041e+00              69.194          -5.169e+01             166.083           4.000e+01     
 104.000          90.000           -7.041e+00          -7.041e+00              70.481          -5.183e+01             165.968           4.000e+01     
 105.000          90.000           -7.052e+00          -7.052e+00              71.764          -5.198e+01             165.823           4.000e+01     
 106.000          90.000           -7.075e+00          -7.075e+00              73.045          -5.215e+01             165.646           4.000e+01     
 107.000          90.000           -7.110e+00          -7.110e+00              74.328          -5.232e+01             165.437           4.000e+01     
 108.000          90.000           -7.159e+00          -7.159e+00              75.616          -5.251e+01             165.195           4.000e+01     
 109.000          90.000           -7.222e+00          -7.222e+00              76.912          -5.270e+01             164.919           4.000e+01     
 110.000          90.000           -7.300e+00          -7.300e+00              78.222          -5.292e+01             164.607           4.000e+01     
 111.000          90.000           -7.395e+00          -7.395e+00              79.550          -5.314e+01             164.259           4.000e+01     
 112.000          90.000           -7.508e+00          -7.508e+00              80.903          -5.338e+01             163.872           4.000e+01     
 113.000          90.000           -7.640e+00          -7.640e+00              82.288          -5.363e+01             163.444           4.000e+01     
 114.000          90.000           -7.792e+00          -7.792e+00              83.712          -5.390e+01             162.973           4.000e+01     
 115.000          90.000           -7.966e+00          -7.967e+00              85.188          -5.419e+01             162.458           4.000e+01     
 116.000          90.000           -8.165e+00          -8.165e+00              86.723          -5.449e+01             161.893           4.000e+01     
 117.000          90.000           -8.388e+00          -8.388e+00              88.334          -5.481e+01             161.277           4.000e+01     
 118.000          90.000           -8.639e+00          -8.640e+00              90.036          -5.515e+01             160.605           4.000e+01     
 119.000          90.000           -8.921e+00          -8.921e+00              91.851          -5.552e+01             159.872           4.000e+01     
 120.000          90.000           -9.234e+00          -9.234e+00              93.803          -5.591e+01             159.071           4.000e+01     
 121.000          90.000           -9.582e+00          -9.582e+00              95.924          -5.632e+01             158.196           4.000e+01     
 122.000          90.000           -9.966e+00          -9.967e+00              98.252          -5.676e+01             157.237           4.000e+01     
 123.000          90.000           -1.039e+01          -1.039e+01             100.837          -5.724e+01             156.183           4.000e+01     
 124.000          90.000           -1.086e+01          -1.086e+01             103.741          -5.775e+01             155.021           4.000e+01     
 125.000          90.000           -1.137e+01          -1.137e+01             107.045          -5.829e+01             153.732           4.000e+01     
 126.000          90.000           -1.192e+01          -1.192e+01             110.849          -5.888e+01             152.295           4.000e+01     
 127.000          90.000           -1.251e+01          -1.251e+01             115.283          -5.952e+01             150.679           4.000e+01     
 128.000          90.000           -1.312e+01          -1.312e+01             120.503          -6.021e+01             148.845           4.000e+01     
 129.000          90.000           -1.375e+01          -1.375e+01             126.689          -6.096e+01             146.740           4.000e+01     
 130.000          90.000           -1.435e+01          -1.435e+01             134.021          -6.178e+01             144.291           4.000e+01     
 131.000          90.000           -1.486e+01          -1.486e+01             142.619          -6.269e+01             141.395           4.000e+01     
 132.000          90.000           -1.522e+01          -1.522e+01             152.446          -6.368e+01             137.901           4.000e+01     
 133.000          90.000           -1.534e+01          -1.534e+01             163.191          -6.478e+01             133.589           4.000e+01     
 134.000          90.000           -1.517e+01          -1.517e+01             174.262          -6.599e+01             128.126           4.000e+01     
 135.000          90.000           -1.472e+01          -1.472e+01             184.939          -6.730e+01             121.012           4.000e+01     
 136.000          90.000           -1.403e+01          -1.403e+01             194.642          -6.868e+01             111.531           4.000e+01     
 137.000          90.000           -1.319e+01          -1.319e+01             203.079          -6.998e+01              98.838           4.000e+01     
 138.000          90.000           -1.228e+01          -1.228e+01             210.224          -7.093e+01              82.532           4.000e+01     
 139.000          90.000           -1.134e+01          -1.134e+01             216.204          -7.118e+01              63.870           4.000e+01     
 140.000          90.000           -1.040e+01          -1.040e+01             221.200          -7.062e+01              45.901           4.000e+01     
 141.000          90.000           -9.504e+00          -9.504e+00             225.389          -6.950e+01              31.059           4.000e+01     
 142.000          90.000           -8.642e+00          -8.642e+00             228.928          -6.818e+01              19.721           4.000e+01     
 143.000          90.000           -7.824e+00          -7.824e+00             231.941          -6.685e+01              11.171           4.000e+01     
 144.000          90.000           -7.050e+00          -7.050e+00             234.530          -6.561e+01               4.588           4.000e+01     
 145.000          90.000           -6.320e+00          -6.320e+00             236.772          -6.449e+01             359.354           4.000e+01     
 146.000          90.000           -5.631e+00          -5.631e+00             238.728          -6.347e+01             355.050           4.000e+01     
 147.000          90.000           -4.981e+00          -4.981e+00             240.448          -6.255e+01             351.397           4.000e+01     
 148.000          90.000           -4.368e+00          -4.368e+00             241.967          -6.171e+01             348.209           4.000e+01     
 149.000          90.000           -3.789e+00          -3.789e+00             243.318          -6.096e+01             345.359           4.000e+01     
 150.000          90.000           -3.243e+00          -3.243e+00             244.524          -6.026e+01             342.757           4.000e+01     
 151.000          90.000           -2.727e+00          -2.727e+00             245.603          -5.963e+01             340.339           4.000e+01     
 152.000          90.000           -2.239e+00          -2.239e+00             246.573          -5.905e+01             338.059           4.000e+01     
 153.000          90.000           -1.778e+00          -1.778e+00             247.446          -5.851e+01             335.882           4.000e+01     
 154.000          90.000           -1.342e+00          -1.342e+00             248.232          -5.801e+01             333.777           4.000e+01     
 155.000          90.000           -9.302e-01          -9.302e-01             248.941          -5.755e+01             331.727           4.000e+01     
 156.000          90.000           -5.412e-01          -5.412e-01             249.580          -5.712e+01             329.713           4.000e+01     
 157.000          90.000           -1.739e-01          -1.739e-01             250.155          -5.672e+01             327.722           4.000e+01     
 158.000          90.000            1.727e-01           1.727e-01             250.671          -5.634e+01             325.744           4.000e+01     
 159.000          90.000            4.994e-01           4.994e-01             251.132          -5.599e+01             323.769           4.000e+01     
 160.000          90.000            8.071e-01           8.071e-01             251.542          -5.566e+01             321.790           4.000e+01     
 161.000          90.000            1.096e+00           1.096e+00             251.904          -5.535e+01             319.801           4.000e+01     
 162.000          90.000            1.368e+00           1.368e+00             252.220          -5.506e+01             317.796           4.000e+01     
 163.000          90.000            1.623e+00           1.623e+00             252.493          -5.478e+01             315.771           4.000e+01     
 164.000          90.000            1.861e+00           1.861e+00             252.724          -5.452e+01             313.722           4.000e+01     
 165.000          90.000            2.083e+00           2.083e+00             252.915          -5.427e+01             311.647           4.000e+01     
 166.000          90.000            2.289e+00           2.289e+00             253.067          -5.403e+01             309.543           4.000e+01     
 167.000          90.000            2.480e+00           2.480e+00             253.180          -5.380e+01             307.409           4.000e+01     
 168.000          90.000            2.657e+00           2.657e+00             253.256          -5.358e+01             305.244           4.000e+01     
 169.000          90.000            2.819e+00           2.819e+00             253.294          -5.337e+01             303.046           4.000e+01     
 170.000          90.000            2.967e+00           2.967e+00             253.296          -5.316e+01             300.817           4.000e+01     
 171.000          90.000            3.102e+00           3.102e+00             253.261          -5.296e+01             298.556           4.000e+01     
 172.000          90.000            3.223e+00           3.223e+00             253.189          -5.276e+01             296.265           4.000e+01     
 173.000          90.000            3.332e+00           3.332e+00             253.081          -5.257e+01             293.946           4.000e+01     
 174.000          90.000            3.427e+00           3.427e+00             252.935          -5.237e+01             291.600           4.000e+01     
 175.000          90.000            3.511e+00           3.511e+00             252.752          -5.218e+01             289.231           4.000e+01     
 176.000          90.000            3.582e+00           3.582e+00             252.531          -5.199e+01             286.841           4.000e+01     
 177.000          90.000            3.641e+00           3.641e+00             252.271          -5.180e+01             284.435           4.000e+01     
 178.000          90.000            3.689e+00           3.689e+00             251.973          -5.161e+01             282.016           4.000e+01     
 179.000          90.000            3.725e+00           3.725e+00             251.634          -5.142e+01             279.589           4.000e+01     
 180.000          90.000            3.751e+00           3.751e+00             251.255          -5.123e+01             277.158           4.000e+01     
 179.000         270.000            3.766e+00           3.766e+00              70.834          -5.103e+01              94.729           4.000e+01     
 178.000         270.000            3.771e+00           3.771e+00              70.371          -5.083e+01              92.305           4.000e+01     
 177.000         270.000            3.766e+00           3.766e+00              69.864          -5.063e+01              89.892           4.000e+01     
 176.000         270.000            3.751e+00           3.751e+00              69.313          -5.043e+01              87.495           4.000e+01     
 175.000         270.000            3.728e+00           3.728e+00              68.717          -5.022e+01              85.119           4.000e+01     
 174.000         270.000            3.695e+00           3.695e+00              68.074          -5.001e+01              82.767           4.000e+01     
 173.000         270.000            3.654e+00           3.654e+00              67.384          -4.980e+01              80.445           4.000e+01     
 172.000         270.000            3.605e+00           3.605e+00              66.646          -4.959e+01              78.156           4.000e+01     
 171.000         270.000            3.549e+00           3.549e+00              65.859          -4.937e+01              75.903           4.000e+01     
 170.000         270.000            3.485e+00           3.485e+00              65.022          -4.915e+01              73.690           4.000e+01     
 169.000         270.000            3.415e+00           3.415e+00              64.135          -4.894e+01              71.520           4.000e+01     
 168.000         270.000            3.340e+00           3.340e+00              63.197          -4.872e+01              69.395           4.000e+01     
 167.000         270.000            3.258e+00           3.258e+00              62.208          -4.850e+01              67.316           4.000e+01     
 166.000         270.000            3.172e+00           3.172e+00              61.167          -4.828e+01              65.285           4.000e+01     
 165.000         270.000            3.082e+00           3.082e+00              60.076          -4.807e+01              63.303           4.000e+01     
 164.000         270.000            2.988e+00           2.988e+00              58.934          -4.785e+01              61.371           4.000e+01     
 163.000         270.000            2.892e+00           2.891e+00              57.742          -4.764e+01              59.489           4.000e+01     
 162.000         270.000            2.793e+00           2.793e+00              56.501          -4.743e+01              57.658           4.000e+01     
 161.000         270.000            2.692e+00           2.692e+00              55.214          -4.722e+01              55.876           4.000e+01     
 160.000         270.000            2.590e+00           2.590e+00              53.881          -4.701e+01              54.145           4.000e+01     
 159.000         270.000            2.489e+00           2.489e+00              52.505          -4.681e+01              52.462           4.000e+01     
 158.000         270.000            2.387e+00           2.387e+00              51.089          -4.661e+01              50.827           4.000e+01     
 157.000         270.000            2.287e+00           2.287e+00              49.637          -4.641e+01              49.239           4.000e+01     
 156.000         270.000            2.188e+00           2.188e+00              48.151          -4.622e+01              47.698           4.000e+01     
 155.000         270.000            2.091e+00           2.091e+00              46.636          -4.603e+01              46.201           4.000e+01     
 154.000         270.000            1.996e+00           1.996e+00              45.097          -4.585e+01              44.748           4.000e+01     
 153.000         270.000            1.904e+00           1.904e+00              43.537          -4.567e+01              43.337           4.000e+01     
 152.000         270.000            1.816e+00           1.816e+00              41.963          -4.549e+01              41.967           4.000e+01     
 151.000         270.000            1.731e+00           1.731e+00              40.379          -4.532e+01              40.637           4.000e+01     
 150.000         270.000            1.649e+00           1.649e+00              38.791          -4.516e+01              39.345           4.000e+01     
 149.000         270.000            1.571e+00           1.571e+00              37.203          -4.500e+01              38.091           4.000e+01     
 148.000         270.000            1.496e+00           1.496e+00              35.622          -4.484e+01              36.871           4.000e+01     
 147.000         270.000            1.425e+00           1.425e+00              34.052          -4.469e+01              35.687           4.000e+01     
 146.000         270.000            1.357e+00           1.357e+00              32.498          -4.455e+01              34.535           4.000e+01     
 145.000         270.000            1.291e+00           1.291e+00              30.966          -4.441e+01              33.415           4.000e+01     
 144.000         270.000            1.229e+00           1.229e+00              29.459          -4.428e+01              32.326           4.000e+01     
 143.000         270.000            1.168e+00           1.168e+00              27.982          -4.415e+01              31.266           4.000e+01     
 142.000         270.000            1.109e+00           1.109e+00              26.538          -4.402e+01              30.234           4.000e+01     
 141.000         270.000            1.051e+00           1.051e+00              25.131          -4.390e+01              29.230           4.000e+01     
 140.000         270.000            9.936e-01           9.935e-01              23.763          -4.379e+01              28.252           4.000e+01     
 139.000         270.000            9.361e-01           9.360e-01              22.437          -4.368e+01              27.299           4.000e+01     
 138.000         270.000            8.781e-01           8.779e-01              21.154          -4.358e+01              26.370           4.000e+01     
 137.000         270.000            8.188e-01           8.186e-01              19.916          -4.348e+01              25.464           4.000e+01     
 136.000         270.000            7.576e-01           7.575e-01              18.725          -4.338e+01              24.582           4.000e+01     
 135.000         270.000            6.941e-01           6.939e-01              17.580          -4.329e+01              23.720           4.000e+01     
 134.000         270.000            6.275e-01           6.273e-01              16.483          -4.321e+01              22.880           4.000e+01     
 133.000         270.000            5.574e-01           5.572e-01              15.434          -4.313e+01              22.060           4.000e+01     
 132.000         270.000            4.831e-01           4.829e-01              14.432          -4.305e+01              21.260           4.000e+01     
 131.000         270.000            4.042e-01           4.040e-01              13.477          -4.298e+01              20.478           4.000e+01     
 130.000         270.000            3.201e-01           3.199e-01              12.569          -4.291e+01              19.715           4.000e+01     
 129.000         270.000            2.302e-01           2.300e-01              11.706          -4.284e+01              18.969           4.000e+01     
 128.000         270.000            1.342e-01           1.340e-01              10.890          -4.278e+01              18.241           4.000e+01     
 127.000         270.000            3.148e-02           3.125e-02              10.117          -4.273e+01              17.529           4.000e+01     
 126.000         270.000           -7.838e-02          -7.862e-02               9.389          -4.267e+01              16.834           4.000e+01     
 125.000         270.000           -1.959e-01          -1.961e-01               8.703          -4.262e+01              16.155           4.000e+01     
 124.000         270.000           -3.214e-01          -3.217e-01               8.059          -4.258e+01              15.491           4.000e+01     
 123.000         270.000           -4.555e-01          -4.557e-01               7.456          -4.254e+01              14.842           4.000e+01     
 122.000         270.000           -5.985e-01          -5.988e-01               6.894          -4.250e+01              14.208           4.000e+01     
 121.000         270.000           -7.510e-01          -7.513e-01               6.371          -4.246e+01              13.589           4.000e+01     
 120.000         270.000           -9.133e-01          -9.136e-01               5.886          -4.243e+01              12.983           4.000e+01     
 119.000         270.000           -1.086e+00          -1.086e+00               5.440          -4.240e+01              12.392           4.000e+01     
 118.000         270.000           -1.270e+00          -1.270e+00               5.032          -4.237e+01              11.815           4.000e+01     
 117.000         270.000           -1.465e+00          -1.465e+00               4.661          -4.235e+01              11.251           4.000e+01     
 116.000         270.000           -1.672e+00          -1.672e+00               4.328          -4.232e+01              10.700           4.000e+01     
 115.000         270.000           -1.892e+00          -1.892e+00               4.032          -4.231e+01              10.163           4.000e+01     
 114.000         270.000           -2.125e+00          -2.125e+00               3.774          -4.229e+01               9.639           4.000e+01     
 113.000         270.000           -2.372e+00          -2.373e+00               3.554          -4.228e+01               9.128           4.000e+01     
 112.000         270.000           -2.634e+00          -2.635e+00               3.374          -4.226e+01               8.630           4.000e+01     
 111.000         270.000           -2.912e+00          -2.912e+00               3.234          -4.225e+01               8.144           4.000e+01     
 110.000         270.000           -3.206e+00          -3.207e+00               3.136          -4.225e+01               7.672           4.000e+01     
 109.000         270.000           -3.518e+00          -3.519e+00               3.082          -4.224e+01               7.212           4.000e+01     
 108.000         270.000           -3.850e+00          -3.850e+00               3.076          -4.224e+01               6.765           4.000e+01     
 107.000         270.000           -4.201e+00          -4.202e+00               3.120          -4.224e+01               6.330           4.000e+01     
 106.000         270.000           -4.575e+00          -4.576e+00               3.220          -4.224e+01               5.908           4.000e+01     
 105.000         270.000           -4.972e+00          -4.973e+00               3.381          -4.224e+01               5.499           4.000e+01     
 104.000         270.000           -5.396e+00          -5.397e+00               3.609          -4.224e+01               5.103           4.000e+01     
 103.000         270.000           -5.847e+00          -5.848e+00               3.915          -4.225e+01               4.719           4.000e+01     
 102.000         270.000           -6.330e+00          -6.331e+00               4.310          -4.225e+01               4.347           4.000e+01     
 101.000         270.000           -6.847e+00          -6.848e+00               4.807          -4.226e+01               3.989           4.000e+01     
 100.000         270.000           -7.402e+00          -7.403e+00               5.425          -4.227e+01               3.643           4.000e+01     
  99.000         270.000           -7.999e+00          -8.001e+00               6.189          -4.229e+01               3.310           4.000e+01     
  98.000         270.000           -8.644e+00          -8.646e+00               7.130          -4.230e+01               2.990           4.000e+01     
  97.000         270.000           -9.343e+00          -9.346e+00               8.291          -4.231e+01               2.683           4.000e+01     
  96.000         270.000           -1.010e+01          -1.011e+01               9.730          -4.233e+01               2.389           4.000e+01     
  95.000         270.000           -1.093e+01          -1.094e+01              11.526          -4.235e+01               2.107           4.000e+01     
  94.000         270.000           -1.184e+01          -1.185e+01              13.794          -4.236e+01               1.839           4.000e+01     
  93.000         270.000           -1.284e+01          -1.285e+01              16.698          -4.238e+01               1.584           4.000e+01     
  92.000         270.000           -1.394e+01          -1.395e+01              20.480          -4.240e+01               1.342           3.816e+01     
  91.000         270.000           -1.514e+01          -1.515e+01              25.498          -4.243e+01               1.114           3.498e+01     
  90.000         270.000           -1.642e+01          -1.643e+01              32.276          -4.245e+01               0.899           3.170e+01     
  89.000         270.000           -1.772e+01          -1.773e+01              41.518          -4.247e+01               0.697           2.845e+01     
  88.000         270.000           -1.888e+01          -1.890e+01              53.923          -4.250e+01               0.508           2.552e+01     
  87.000         270.000           -1.961e+01          -1.964e+01              69.493          -4.253e+01               0.334           2.349e+01     
  86.000         270.000           -1.964e+01          -1.966e+01              86.552          -4.256e+01               0.172           2.291e+01     
  85.000         270.000           -1.895e+01          -1.897e+01             102.282          -4.259e+01               0.025           2.382e+01     
  84.000         270.000           -1.781e+01          -1.783e+01             114.904          -4.262e+01             359.891           2.565e+01     
  83.000         270.000           -1.653e+01          -1.654e+01             124.342          -4.265e+01             359.771           2.781e+01     
  82.000         270.000           -1.525e+01          -1.526e+01             131.284          -4.268e+01             359.665           2.996e+01     
  81.000         270.000           -1.406e+01          -1.406e+01             136.439          -4.272e+01             359.572           3.197e+01     
  80.000         270.000           -1.296e+01          -1.297e+01             140.344          -4.276e+01             359.494           3.379e+01     
  79.000         270.000           -1.197e+01          -1.197e+01             143.366          -4.279e+01             359.430           3.543e+01     
  78.000         270.000           -1.106e+01          -1.107e+01             145.752          -4.283e+01             359.380           3.691e+01     
  77.000         270.000           -1.024e+01          -1.024e+01             147.672          -4.288e+01             359.344           3.823e+01     
  76.000         270.000           -9.486e+00          -9.488e+00             149.241          -4.292e+01             359.322           3.943e+01     
  75.000         270.000           -8.795e+00          -8.796e+00             150.542          -4.297e+01             359.315           4.000e+01     
  74.000         270.000           -8.158e+00          -8.160e+00             151.635          -4.301e+01             359.322           4.000e+01     
  73.000         270.000           -7.571e+00          -7.572e+00             152.564          -4.306e+01             359.344           4.000e+01     
  72.000         270.000           -7.026e+00          -7.027e+00             153.363          -4.311e+01             359.380           4.000e+01     
  71.000         270.000           -6.521e+00          -6.522e+00             154.056          -4.317e+01             359.431           4.000e+01     
  70.000         270.000           -6.051e+00          -6.051e+00             154.664          -4.322e+01             359.497           4.000e+01     
  69.000         270.000           -5.612e+00          -5.613e+00             155.202          -4.328e+01             359.578           4.000e+01     
  68.000         270.000           -5.203e+00          -5.204e+00             155.684          -4.334e+01             359.674           4.000e+01     
  67.000         270.000           -4.821e+00          -4.822e+00             156.119          -4.341e+01             359.785           4.000e+01     
  66.000         270.000           -4.464e+00          -4.465e+00             156.516          -4.348e+01             359.911           4.000e+01     
  65.000         270.000           -4.130e+00          -4.130e+00             156.882          -4.355e+01               0.054           4.000e+01     
  64.000         270.000           -3.817e+00          -3.818e+00             157.225          -4.362e+01               0.211           4.000e+01     
  63.000         270.000           -3.525e+00          -3.526e+00             157.548          -4.369e+01               0.385           4.000e+01     
  62.000         270.000           -3.252e+00          -3.253e+00             157.857          -4.377e+01               0.576           4.000e+01     
  61.000         270.000           -2.998e+00          -2.998e+00             158.156          -4.386e+01               0.783           4.000e+01     
  60.000         270.000           -2.760e+00          -2.761e+00             158.448          -4.394e+01               1.006           4.000e+01     
  59.000         270.000           -2.539e+00          -2.540e+00             158.737          -4.404e+01               1.247           4.000e+01     
  58.000         270.000           -2.334e+00          -2.335e+00             159.027          -4.413e+01               1.506           4.000e+01     
  57.000         270.000           -2.144e+00          -2.145e+00             159.319          -4.423e+01               1.783           4.000e+01     
  56.000         270.000           -1.969e+00          -1.970e+00             159.618          -4.434e+01               2.078           4.000e+01     
  55.000         270.000           -1.808e+00          -1.809e+00             159.925          -4.444e+01               2.392           4.000e+01     
  54.000         270.000           -1.661e+00          -1.662e+00             160.244          -4.456e+01               2.726           4.000e+01     
  53.000         270.000           -1.528e+00          -1.528e+00             160.577          -4.468e+01               3.080           4.000e+01     
  52.000         270.000           -1.407e+00          -1.407e+00             160.926          -4.480e+01               3.456           4.000e+01     
  51.000         270.000           -1.300e+00          -1.300e+00             161.295          -4.493e+01               3.853           4.000e+01     
  50.000         270.000           -1.204e+00          -1.204e+00             161.685          -4.507e+01               4.273           4.000e+01     
  49.000         270.000           -1.121e+00          -1.122e+00             162.100          -4.521e+01               4.717           4.000e+01     
  48.000         270.000           -1.051e+00          -1.051e+00             162.543          -4.536e+01               5.185           4.000e+01     
  47.000         270.000           -9.915e-01          -9.917e-01             163.016          -4.552e+01               5.680           4.000e+01     
  46.000         270.000           -9.441e-01          -9.442e-01             163.522          -4.568e+01               6.202           4.000e+01     
  45.000         270.000           -9.081e-01          -9.082e-01             164.064          -4.585e+01               6.753           4.000e+01     
  44.000         270.000           -8.832e-01          -8.834e-01             164.646          -4.603e+01               7.334           4.000e+01     
  43.000         270.000           -8.694e-01          -8.695e-01             165.270          -4.622e+01               7.948           4.000e+01     
  42.000         270.000           -8.662e-01          -8.663e-01             165.941          -4.642e+01               8.597           4.000e+01     
  41.000         270.000           -8.735e-01          -8.736e-01             166.662          -4.662e+01               9.282           4.000e+01     
  40.000         270.000           -8.910e-01          -8.911e-01             167.437          -4.684e+01              10.008           4.000e+01     
  39.000         270.000           -9.183e-01          -9.184e-01             168.269          -4.706e+01              10.775           4.000e+01     
  38.000         270.000           -9.551e-01          -9.552e-01             169.163          -4.729e+01              11.588           4.000e+01     
  37.000         270.000           -1.001e+00          -1.001e+00             170.123          -4.754e+01              12.451           4.000e+01     
  36.000         270.000           -1.055e+00          -1.055e+00             171.154          -4.780e+01              13.366           4.000e+01     
  35.000         270.000           -1.118e+00          -1.118e+00             172.259          -4.806e+01              14.340           4.000e+01     
  34.000         270.000           -1.187e+00          -1.187e+00             173.443          -4.834e+01              15.378           4.000e+01     
  33.000         270.000           -1.263e+00          -1.264e+00             174.710          -4.863e+01              16.484           4.000e+01     
  32.000         270.000           -1.345e+00          -1.346e+00             176.065          -4.894e+01              17.666           4.000e+01     
  31.000         270.000           -1.432e+00          -1.432e+00             177.512          -4.926e+01              18.932           4.000e+01     
  30.000         270.000           -1.523e+00          -1.523e+00             179.054          -4.959e+01              20.289           4.000e+01     
  29.000         270.000           -1.615e+00          -1.615e+00             180.693          -4.993e+01              21.749           4.000e+01     
  28.000         270.000           -1.709e+00          -1.709e+00             182.433          -5.029e+01              23.320           4.000e+01     
  27.000         270.000           -1.803e+00          -1.803e+00             184.273          -5.067e+01              25.017           4.000e+01     
  26.000         270.000           -1.894e+00          -1.894e+00             186.216          -5.105e+01              26.853           4.000e+01     
  25.000         270.000           -1.982e+00          -1.982e+00             188.260          -5.146e+01              28.844           4.000e+01     
  24.000         270.000           -2.064e+00          -2.064e+00             190.401          -5.187e+01              31.008           4.000e+01     
  23.000         270.000           -2.139e+00          -2.139e+00             192.635          -5.230e+01              33.364           4.000e+01     
  22.000         270.000           -2.205e+00          -2.205e+00             194.957          -5.274e+01              35.936           4.000e+01     
  21.000         270.000           -2.260e+00          -2.260e+00             197.356          -5.319e+01              38.746           4.000e+01     
  20.000         270.000           -2.303e+00          -2.303e+00             199.822          -5.364e+01              41.819           4.000e+01     
  19.000         270.000           -2.332e+00          -2.332e+00             202.344          -5.410e+01              45.181           4.000e+01     
  18.000         270.000           -2.347e+00          -2.347e+00             204.906          -5.455e+01              48.855           4.000e+01     
  17.000         270.000           -2.346e+00          -2.346e+00             207.494          -5.500e+01              52.862           4.000e+01     
  16.000         270.000           -2.329e+00          -2.329e+00             210.091          -5.543e+01              57.216           4.000e+01     
  15.000         270.000           -2.297e+00          -2.297e+00             212.681          -5.583e+01              61.919           4.000e+01     
  14.000         270.000           -2.249e+00          -2.249e+00             215.248          -5.619e+01              66.959           4.000e+01     
  13.000         270.000           -2.187e+00          -2.187e+00             217.776          -5.650e+01              72.303           4.000e+01     
  12.000         270.000           -2.111e+00          -2.111e+00             220.250          -5.676e+01              77.898           4.000e+01     
  11.000         270.000           -2.023e+00          -2.023e+00             222.659          -5.695e+01              83.669           4.000e+01     
  10.000         270.000           -1.925e+00          -1.925e+00             224.990          -5.706e+01              89.524           4.000e+01     
   9.000         270.000           -1.818e+00          -1.818e+00             227.235          -5.711e+01              95.364           4.000e+01     
   8.000         270.000           -1.705e+00          -1.705e+00             229.388          -5.708e+01             101.094           4.000e+01     
   7.000         270.000           -1.586e+00          -1.586e+00             231.442          -5.700e+01             106.630           4.000e+01     
   6.000         270.000           -1.464e+00          -1.464e+00             233.394          -5.686e+01             111.907           4.000e+01     
   5.000         270.000           -1.341e+00          -1.341e+00             235.244          -5.667e+01             116.883           4.000e+01     
   4.000         270.000           -1.218e+00          -1.218e+00             236.989          -5.646e+01             121.538           4.000e+01     
   3.000         270.000           -1.097e+00          -1.097e+00             238.632          -5.623e+01             125.867           4.000e+01     
   2.000         270.000           -9.799e-01          -9.799e-01             240.174          -5.598e+01             129.879           4.000e+01     
   1.000         270.000           -8.671e-01          -8.671e-01             241.618          -5.573e+01             133.593           4.000e+01     
