Theta [deg.]  Phi   [deg.]  Abs(Grlz)[dBi   ]   Abs(Theta)[dBi   ]  Phase(Theta)[deg.]  Abs(Phi  )[dBi   ]  Phase(Phi  )[deg.]  Ax.Ratio[dB    ]    
------------------------------------------------------------------------------------------------------------------------------------------------------
   0.000          90.000            3.768e+00          -1.571e+01              21.640           3.718e+00             299.046           1.950e+01     
   1.000          90.000            3.777e+00          -1.546e+01              23.806           3.725e+00             298.922           1.922e+01     
   2.000          90.000            3.784e+00          -1.522e+01              25.847           3.729e+00             298.782           1.896e+01     
   3.000          90.000            3.789e+00          -1.496e+01              27.765           3.731e+00             298.626           1.870e+01     
   4.000          90.000            3.792e+00          -1.471e+01              29.564           3.730e+00             298.454           1.844e+01     
   5.000          90.000            3.792e+00          -1.446e+01              31.252           3.727e+00             298.267           1.820e+01     
   6.000          90.000            3.791e+00          -1.420e+01              32.832           3.722e+00             298.064           1.796e+01     
   7.000          90.000            3.787e+00          -1.395e+01              34.313           3.714e+00             297.846           1.772e+01     
   8.000          90.000            3.781e+00          -1.371e+01              35.699           3.703e+00             297.613           1.750e+01     
   9.000          90.000            3.773e+00          -1.346e+01              36.997           3.690e+00             297.365           1.728e+01     
  10.000          90.000            3.763e+00          -1.322e+01              38.214           3.675e+00             297.103           1.707e+01     
  11.000          90.000            3.750e+00          -1.299e+01              39.353           3.657e+00             296.827           1.687e+01     
  12.000          90.000            3.734e+00          -1.276e+01              40.422           3.636e+00             296.536           1.667e+01     
  13.000          90.000            3.717e+00          -1.254e+01              41.424           3.613e+00             296.232           1.648e+01     
  14.000          90.000            3.696e+00          -1.232e+01              42.365           3.586e+00             295.913           1.629e+01     
  15.000          90.000            3.674e+00          -1.211e+01              43.248           3.558e+00             295.580           1.611e+01     
  16.000          90.000            3.648e+00          -1.191e+01              44.079           3.526e+00             295.234           1.594e+01     
  17.000          90.000            3.620e+00          -1.171e+01              44.861           3.491e+00             294.873           1.578e+01     
  18.000          90.000            3.590e+00          -1.152e+01              45.598           3.454e+00             294.498           1.562e+01     
  19.000          90.000            3.556e+00          -1.134e+01              46.292           3.413e+00             294.110           1.546e+01     
  20.000          90.000            3.520e+00          -1.116e+01              46.946           3.369e+00             293.707           1.532e+01     
  21.000          90.000            3.481e+00          -1.099e+01              47.565           3.323e+00             293.290           1.517e+01     
  22.000          90.000            3.439e+00          -1.083e+01              48.149           3.273e+00             292.859           1.504e+01     
  23.000          90.000            3.394e+00          -1.067e+01              48.702           3.220e+00             292.413           1.491e+01     
  24.000          90.000            3.346e+00          -1.052e+01              49.226           3.164e+00             291.953           1.479e+01     
  25.000          90.000            3.295e+00          -1.038e+01              49.722           3.105e+00             291.478           1.467e+01     
  26.000          90.000            3.241e+00          -1.024e+01              50.192           3.042e+00             290.987           1.457e+01     
  27.000          90.000            3.184e+00          -1.011e+01              50.639           2.976e+00             290.482           1.446e+01     
  28.000          90.000            3.124e+00          -9.992e+00              51.063           2.907e+00             289.960           1.437e+01     
  29.000          90.000            3.061e+00          -9.877e+00              51.467           2.834e+00             289.423           1.428e+01     
  30.000          90.000            2.994e+00          -9.769e+00              51.850           2.758e+00             288.869           1.420e+01     
  31.000          90.000            2.924e+00          -9.667e+00              52.216           2.678e+00             288.298           1.413e+01     
  32.000          90.000            2.851e+00          -9.573e+00              52.565           2.595e+00             287.710           1.406e+01     
  33.000          90.000            2.774e+00          -9.486e+00              52.897           2.508e+00             287.104           1.401e+01     
  34.000          90.000            2.694e+00          -9.406e+00              53.214           2.417e+00             286.480           1.396e+01     
  35.000          90.000            2.610e+00          -9.333e+00              53.517           2.324e+00             285.837           1.392e+01     
  36.000          90.000            2.524e+00          -9.267e+00              53.806           2.226e+00             285.175           1.389e+01     
  37.000          90.000            2.433e+00          -9.209e+00              54.083           2.125e+00             284.492           1.386e+01     
  38.000          90.000            2.340e+00          -9.157e+00              54.347           2.020e+00             283.790           1.385e+01     
  39.000          90.000            2.242e+00          -9.114e+00              54.600           1.912e+00             283.066           1.385e+01     
  40.000          90.000            2.142e+00          -9.077e+00              54.843           1.801e+00             282.320           1.386e+01     
  41.000          90.000            2.038e+00          -9.049e+00              55.075           1.686e+00             281.551           1.388e+01     
  42.000          90.000            1.931e+00          -9.028e+00              55.297           1.568e+00             280.760           1.392e+01     
  43.000          90.000            1.820e+00          -9.015e+00              55.510           1.446e+00             279.944           1.396e+01     
  44.000          90.000            1.707e+00          -9.010e+00              55.714           1.322e+00             279.104           1.403e+01     
  45.000          90.000            1.590e+00          -9.013e+00              55.910           1.194e+00             278.238           1.410e+01     
  46.000          90.000            1.470e+00          -9.024e+00              56.098           1.064e+00             277.346           1.419e+01     
  47.000          90.000            1.347e+00          -9.044e+00              56.278           9.304e-01             276.428           1.430e+01     
  48.000          90.000            1.221e+00          -9.073e+00              56.451           7.946e-01             275.482           1.443e+01     
  49.000          90.000            1.092e+00          -9.111e+00              56.616           6.565e-01             274.508           1.457e+01     
  50.000          90.000            9.610e-01          -9.158e+00              56.775           5.164e-01             273.506           1.474e+01     
  51.000          90.000            8.274e-01          -9.214e+00              56.927           3.744e-01             272.475           1.493e+01     
  52.000          90.000            6.916e-01          -9.280e+00              57.073           2.308e-01             271.416           1.514e+01     
  53.000          90.000            5.539e-01          -9.355e+00              57.213           8.608e-02             270.327           1.538e+01     
  54.000          90.000            4.143e-01          -9.442e+00              57.346          -5.956e-02             269.208           1.565e+01     
  55.000          90.000            2.733e-01          -9.538e+00              57.474          -2.057e-01             268.061           1.594e+01     
  56.000          90.000            1.310e-01          -9.646e+00              57.596          -3.520e-01             266.886           1.627e+01     
  57.000          90.000           -1.215e-02          -9.766e+00              57.713          -4.980e-01             265.682           1.663e+01     
  58.000          90.000           -1.559e-01          -9.897e+00              57.824          -6.432e-01             264.452           1.703e+01     
  59.000          90.000           -3.000e-01          -1.004e+01              57.930          -7.873e-01             263.196           1.747e+01     
  60.000          90.000           -4.439e-01          -1.020e+01              58.031          -9.297e-01             261.917           1.795e+01     
  61.000          90.000           -5.873e-01          -1.037e+01              58.127          -1.070e+00             260.615           1.849e+01     
  62.000          90.000           -7.299e-01          -1.055e+01              58.218          -1.208e+00             259.293           1.908e+01     
  63.000          90.000           -8.711e-01          -1.075e+01              58.303          -1.342e+00             257.955           1.973e+01     
  64.000          90.000           -1.011e+00          -1.097e+01              58.384          -1.473e+00             256.602           2.044e+01     
  65.000          90.000           -1.148e+00          -1.120e+01              58.460          -1.600e+00             255.240           2.123e+01     
  66.000          90.000           -1.283e+00          -1.145e+01              58.530          -1.722e+00             253.870           2.210e+01     
  67.000          90.000           -1.415e+00          -1.172e+01              58.596          -1.840e+00             252.499           2.307e+01     
  68.000          90.000           -1.543e+00          -1.201e+01              58.656          -1.952e+00             251.131           2.415e+01     
  69.000          90.000           -1.668e+00          -1.232e+01              58.711          -2.058e+00             249.770           2.536e+01     
  70.000          90.000           -1.788e+00          -1.266e+01              58.761          -2.159e+00             248.421           2.673e+01     
  71.000          90.000           -1.904e+00          -1.302e+01              58.804          -2.254e+00             247.092           2.828e+01     
  72.000          90.000           -2.015e+00          -1.341e+01              58.842          -2.343e+00             245.786           3.006e+01     
  73.000          90.000           -2.121e+00          -1.383e+01              58.873          -2.425e+00             244.510           3.216e+01     
  74.000          90.000           -2.222e+00          -1.428e+01              58.898          -2.501e+00             243.269           3.470e+01     
  75.000          90.000           -2.317e+00          -1.478e+01              58.914          -2.570e+00             242.070           3.790e+01     
  76.000          90.000           -2.406e+00          -1.531e+01              58.923          -2.634e+00             240.918           4.000e+01     
  77.000          90.000           -2.488e+00          -1.589e+01              58.921          -2.691e+00             239.819           4.000e+01     
  78.000          90.000           -2.565e+00          -1.653e+01              58.908          -2.743e+00             238.777           4.000e+01     
  79.000          90.000           -2.636e+00          -1.723e+01              58.882          -2.789e+00             237.798           4.000e+01     
  80.000          90.000           -2.700e+00          -1.801e+01              58.840          -2.830e+00             236.886           4.000e+01     
  81.000          90.000           -2.758e+00          -1.888e+01              58.776          -2.865e+00             236.046           4.000e+01     
  82.000          90.000           -2.809e+00          -1.985e+01              58.686          -2.896e+00             235.282           4.000e+01     
  83.000          90.000           -2.855e+00          -2.097e+01              58.557          -2.922e+00             234.597           4.000e+01     
  84.000          90.000           -2.894e+00          -2.226e+01              58.374          -2.944e+00             233.994           4.000e+01     
  85.000          90.000           -2.926e+00          -2.380e+01              58.105          -2.962e+00             233.476           4.000e+01     
  86.000          90.000           -2.953e+00          -2.568e+01              57.691          -2.976e+00             233.046           4.000e+01     
  87.000          90.000           -2.974e+00          -2.811e+01              56.992          -2.987e+00             232.705           4.000e+01     
  88.000          90.000           -2.989e+00          -3.149e+01              55.603          -2.995e+00             232.454           4.000e+01     
  89.000          90.000           -2.997e+00          -3.712e+01              51.642          -2.999e+00             232.296           4.000e+01     
  90.000          90.000           -3.000e+00          -5.299e+01             356.340          -3.000e+00             232.229           4.000e+01     
  91.000          90.000           -2.997e+00          -3.845e+01             249.618          -2.998e+00             232.255           4.000e+01     
  92.000          90.000           -2.987e+00          -3.217e+01             244.628          -2.993e+00             232.374           4.000e+01     
  93.000          90.000           -2.972e+00          -2.856e+01             243.033          -2.984e+00             232.584           4.000e+01     
  94.000          90.000           -2.951e+00          -2.602e+01             242.247          -2.973e+00             232.886           3.886e+01     
  95.000          90.000           -2.924e+00          -2.407e+01             241.775          -2.958e+00             233.276           3.779e+01     
  96.000          90.000           -2.891e+00          -2.249e+01             241.457          -2.939e+00             233.755           3.710e+01     
  97.000          90.000           -2.852e+00          -2.116e+01             241.226          -2.917e+00             234.319           3.677e+01     
  98.000          90.000           -2.807e+00          -2.002e+01             241.046          -2.890e+00             234.966           3.680e+01     
  99.000          90.000           -2.756e+00          -1.903e+01             240.901          -2.859e+00             235.693           3.721e+01     
 100.000          90.000           -2.698e+00          -1.814e+01             240.777          -2.824e+00             236.496           3.811e+01     
 101.000          90.000           -2.635e+00          -1.735e+01             240.670          -2.784e+00             237.373           3.967e+01     
 102.000          90.000           -2.565e+00          -1.664e+01             240.573          -2.738e+00             238.317           4.000e+01     
 103.000          90.000           -2.489e+00          -1.600e+01             240.484          -2.687e+00             239.326           4.000e+01     
 104.000          90.000           -2.407e+00          -1.541e+01             240.399          -2.631e+00             240.394           4.000e+01     
 105.000          90.000           -2.319e+00          -1.487e+01             240.319          -2.568e+00             241.516           4.000e+01     
 106.000          90.000           -2.226e+00          -1.437e+01             240.240          -2.500e+00             242.686           3.981e+01     
 107.000          90.000           -2.127e+00          -1.391e+01             240.162          -2.425e+00             243.899           3.580e+01     
 108.000          90.000           -2.023e+00          -1.348e+01             240.085          -2.345e+00             245.150           3.286e+01     
 109.000          90.000           -1.913e+00          -1.309e+01             240.008          -2.258e+00             246.433           3.054e+01     
 110.000          90.000           -1.799e+00          -1.273e+01             239.929          -2.165e+00             247.742           2.861e+01     
 111.000          90.000           -1.680e+00          -1.239e+01             239.849          -2.066e+00             249.070           2.698e+01     
 112.000          90.000           -1.558e+00          -1.207e+01             239.767          -1.961e+00             250.414           2.556e+01     
 113.000          90.000           -1.431e+00          -1.178e+01             239.684          -1.851e+00             251.768           2.432e+01     
 114.000          90.000           -1.301e+00          -1.151e+01             239.598          -1.736e+00             253.126           2.322e+01     
 115.000          90.000           -1.168e+00          -1.126e+01             239.509          -1.616e+00             254.483           2.224e+01     
 116.000          90.000           -1.032e+00          -1.102e+01             239.417          -1.491e+00             255.837           2.136e+01     
 117.000          90.000           -8.943e-01          -1.080e+01             239.322          -1.362e+00             257.181           2.057e+01     
 118.000          90.000           -7.547e-01          -1.060e+01             239.224          -1.230e+00             258.514           1.985e+01     
 119.000          90.000           -6.137e-01          -1.042e+01             239.122          -1.094e+00             259.831           1.921e+01     
 120.000          90.000           -4.718e-01          -1.024e+01             239.016          -9.553e-01             261.130           1.862e+01     
 121.000          90.000           -3.293e-01          -1.009e+01             238.907          -8.146e-01             262.407           1.809e+01     
 122.000          90.000           -1.865e-01          -9.942e+00             238.793          -6.722e-01             263.663           1.762e+01     
 123.000          90.000           -4.398e-02          -9.810e+00             238.674          -5.284e-01             264.893           1.718e+01     
 124.000          90.000            9.809e-02          -9.690e+00             238.552          -3.837e-01             266.098           1.679e+01     
 125.000          90.000            2.393e-01          -9.581e+00             238.424          -2.386e-01             267.275           1.643e+01     
 126.000          90.000            3.795e-01          -9.484e+00             238.291          -9.357e-02             268.425           1.611e+01     
 127.000          90.000            5.182e-01          -9.397e+00             238.152           5.112e-02             269.547           1.582e+01     
 128.000          90.000            6.553e-01          -9.321e+00             238.008           1.950e-01             270.640           1.556e+01     
 129.000          90.000            7.904e-01          -9.255e+00             237.859           3.379e-01             271.704           1.533e+01     
 130.000          90.000            9.235e-01          -9.198e+00             237.703           4.793e-01             272.739           1.512e+01     
 131.000          90.000            1.054e+00          -9.152e+00             237.540           6.189e-01             273.746           1.494e+01     
 132.000          90.000            1.182e+00          -9.114e+00             237.372           7.566e-01             274.724           1.478e+01     
 133.000          90.000            1.308e+00          -9.085e+00             237.196           8.921e-01             275.675           1.464e+01     
 134.000          90.000            1.431e+00          -9.065e+00             237.012           1.025e+00             276.599           1.451e+01     
 135.000          90.000            1.551e+00          -9.054e+00             236.821           1.156e+00             277.495           1.441e+01     
 136.000          90.000            1.668e+00          -9.051e+00             236.622           1.283e+00             278.366           1.432e+01     
 137.000          90.000            1.781e+00          -9.057e+00             236.414           1.408e+00             279.212           1.425e+01     
 138.000          90.000            1.892e+00          -9.070e+00             236.197           1.529e+00             280.032           1.419e+01     
 139.000          90.000            1.999e+00          -9.092e+00             235.971           1.648e+00             280.828           1.415e+01     
 140.000          90.000            2.104e+00          -9.121e+00             235.734           1.763e+00             281.601           1.412e+01     
 141.000          90.000            2.204e+00          -9.158e+00             235.487           1.875e+00             282.352           1.410e+01     
 142.000          90.000            2.302e+00          -9.202e+00             235.229           1.983e+00             283.080           1.409e+01     
 143.000          90.000            2.396e+00          -9.254e+00             234.959           2.088e+00             283.787           1.409e+01     
 144.000          90.000            2.486e+00          -9.313e+00             234.677           2.189e+00             284.473           1.411e+01     
 145.000          90.000            2.573e+00          -9.380e+00             234.381           2.287e+00             285.139           1.413e+01     
 146.000          90.000            2.657e+00          -9.454e+00             234.071           2.382e+00             285.785           1.416e+01     
 147.000          90.000            2.738e+00          -9.535e+00             233.747           2.473e+00             286.412           1.421e+01     
 148.000          90.000            2.815e+00          -9.623e+00             233.406           2.560e+00             287.021           1.426e+01     
 149.000          90.000            2.889e+00          -9.719e+00             233.048           2.644e+00             287.612           1.432e+01     
 150.000          90.000            2.959e+00          -9.821e+00             232.673           2.724e+00             288.185           1.438e+01     
 151.000          90.000            3.026e+00          -9.930e+00             232.278           2.801e+00             288.742           1.446e+01     
 152.000          90.000            3.090e+00          -1.005e+01             231.863           2.874e+00             289.281           1.454e+01     
 153.000          90.000            3.151e+00          -1.017e+01             231.426           2.944e+00             289.805           1.463e+01     
 154.000          90.000            3.209e+00          -1.030e+01             230.966           3.011e+00             290.312           1.473e+01     
 155.000          90.000            3.263e+00          -1.044e+01             230.480           3.074e+00             290.804           1.483e+01     
 156.000          90.000            3.315e+00          -1.058e+01             229.968           3.134e+00             291.280           1.494e+01     
 157.000          90.000            3.363e+00          -1.073e+01             229.427           3.191e+00             291.742           1.506e+01     
 158.000          90.000            3.409e+00          -1.089e+01             228.855           3.244e+00             292.188           1.518e+01     
 159.000          90.000            3.451e+00          -1.106e+01             228.250           3.294e+00             292.620           1.531e+01     
 160.000          90.000            3.491e+00          -1.123e+01             227.609           3.342e+00             293.037           1.545e+01     
 161.000          90.000            3.527e+00          -1.141e+01             226.930           3.386e+00             293.440           1.559e+01     
 162.000          90.000            3.561e+00          -1.159e+01             226.210           3.427e+00             293.829           1.574e+01     
 163.000          90.000            3.593e+00          -1.178e+01             225.445           3.465e+00             294.203           1.590e+01     
 164.000          90.000            3.621e+00          -1.198e+01             224.633           3.500e+00             294.564           1.606e+01     
 165.000          90.000            3.647e+00          -1.219e+01             223.769           3.532e+00             294.910           1.622e+01     
 166.000          90.000            3.671e+00          -1.240e+01             222.849           3.562e+00             295.242           1.640e+01     
 167.000          90.000            3.691e+00          -1.262e+01             221.870           3.589e+00             295.560           1.658e+01     
 168.000          90.000            3.710e+00          -1.284e+01             220.826           3.613e+00             295.863           1.677e+01     
 169.000          90.000            3.726e+00          -1.307e+01             219.714           3.634e+00             296.153           1.696e+01     
 170.000          90.000            3.739e+00          -1.330e+01             218.526           3.652e+00             296.428           1.716e+01     
 171.000          90.000            3.750e+00          -1.354e+01             217.259           3.668e+00             296.688           1.736e+01     
 172.000          90.000            3.759e+00          -1.379e+01             215.906           3.682e+00             296.934           1.758e+01     
 173.000          90.000            3.765e+00          -1.403e+01             214.461           3.693e+00             297.165           1.780e+01     
 174.000          90.000            3.769e+00          -1.428e+01             212.919           3.701e+00             297.381           1.802e+01     
 175.000          90.000            3.771e+00          -1.453e+01             211.272           3.707e+00             297.582           1.826e+01     
 176.000          90.000            3.771e+00          -1.478e+01             209.516           3.710e+00             297.767           1.850e+01     
 177.000          90.000            3.769e+00          -1.503e+01             207.644           3.711e+00             297.937           1.874e+01     
 178.000          90.000            3.764e+00          -1.528e+01             205.651           3.710e+00             298.091           1.900e+01     
 179.000          90.000            3.758e+00          -1.552e+01             203.533           3.706e+00             298.228           1.926e+01     
 180.000          90.000            3.749e+00          -1.576e+01             201.288           3.700e+00             298.348           1.953e+01     
 179.000         270.000            3.739e+00          -1.599e+01              18.912           3.692e+00             118.452           1.980e+01     
 178.000         270.000            3.726e+00          -1.620e+01              16.407           3.682e+00             118.538           2.009e+01     
 177.000         270.000            3.712e+00          -1.641e+01              13.777           3.669e+00             118.606           2.038e+01     
 176.000         270.000            3.695e+00          -1.659e+01              11.026           3.654e+00             118.657           2.067e+01     
 175.000         270.000            3.677e+00          -1.676e+01               8.164           3.637e+00             118.688           2.098e+01     
 174.000         270.000            3.657e+00          -1.691e+01               5.204           3.618e+00             118.700           2.129e+01     
 173.000         270.000            3.634e+00          -1.703e+01               2.161           3.597e+00             118.693           2.161e+01     
 172.000         270.000            3.611e+00          -1.712e+01             359.054           3.574e+00             118.665           2.193e+01     
 171.000         270.000            3.585e+00          -1.719e+01             355.905           3.548e+00             118.617           2.226e+01     
 170.000         270.000            3.557e+00          -1.723e+01             352.738           3.521e+00             118.548           2.260e+01     
 169.000         270.000            3.528e+00          -1.724e+01             349.575           3.492e+00             118.456           2.294e+01     
 168.000         270.000            3.498e+00          -1.723e+01             346.443           3.461e+00             118.342           2.328e+01     
 167.000         270.000            3.465e+00          -1.718e+01             343.364           3.428e+00             118.206           2.363e+01     
 166.000         270.000            3.431e+00          -1.711e+01             340.358           3.393e+00             118.045           2.399e+01     
 165.000         270.000            3.396e+00          -1.702e+01             337.445           3.356e+00             117.860           2.434e+01     
 164.000         270.000            3.359e+00          -1.691e+01             334.639           3.318e+00             117.650           2.469e+01     
 163.000         270.000            3.320e+00          -1.678e+01             331.953           3.277e+00             117.414           2.504e+01     
 162.000         270.000            3.280e+00          -1.663e+01             329.393           3.236e+00             117.152           2.539e+01     
 161.000         270.000            3.239e+00          -1.647e+01             326.967           3.193e+00             116.862           2.572e+01     
 160.000         270.000            3.197e+00          -1.630e+01             324.676           3.148e+00             116.545           2.605e+01     
 159.000         270.000            3.153e+00          -1.612e+01             322.520           3.102e+00             116.199           2.637e+01     
 158.000         270.000            3.109e+00          -1.594e+01             320.497           3.055e+00             115.824           2.667e+01     
 157.000         270.000            3.064e+00          -1.575e+01             318.604           3.006e+00             115.418           2.695e+01     
 156.000         270.000            3.017e+00          -1.557e+01             316.836           2.957e+00             114.982           2.721e+01     
 155.000         270.000            2.970e+00          -1.538e+01             315.188           2.906e+00             114.515           2.744e+01     
 154.000         270.000            2.923e+00          -1.519e+01             313.654           2.855e+00             114.015           2.764e+01     
 153.000         270.000            2.874e+00          -1.501e+01             312.228           2.803e+00             113.483           2.780e+01     
 152.000         270.000            2.826e+00          -1.483e+01             310.903           2.751e+00             112.918           2.793e+01     
 151.000         270.000            2.777e+00          -1.466e+01             309.673           2.698e+00             112.319           2.801e+01     
 150.000         270.000            2.729e+00          -1.449e+01             308.533           2.646e+00             111.686           2.805e+01     
 149.000         270.000            2.681e+00          -1.433e+01             307.476           2.593e+00             111.018           2.804e+01     
 148.000         270.000            2.633e+00          -1.418e+01             306.496           2.541e+00             110.315           2.799e+01     
 147.000         270.000            2.585e+00          -1.403e+01             305.589           2.490e+00             109.578           2.788e+01     
 146.000         270.000            2.539e+00          -1.389e+01             304.749           2.439e+00             108.805           2.774e+01     
 145.000         270.000            2.493e+00          -1.376e+01             303.971           2.389e+00             107.998           2.755e+01     
 144.000         270.000            2.449e+00          -1.363e+01             303.252           2.341e+00             107.156           2.732e+01     
 143.000         270.000            2.406e+00          -1.352e+01             302.586           2.294e+00             106.280           2.705e+01     
 142.000         270.000            2.365e+00          -1.341e+01             301.971           2.249e+00             105.370           2.676e+01     
 141.000         270.000            2.326e+00          -1.331e+01             301.403           2.206e+00             104.427           2.643e+01     
 140.000         270.000            2.289e+00          -1.323e+01             300.878           2.165e+00             103.452           2.609e+01     
 139.000         270.000            2.255e+00          -1.315e+01             300.393           2.128e+00             102.446           2.573e+01     
 138.000         270.000            2.223e+00          -1.308e+01             299.946           2.093e+00             101.411           2.536e+01     
 137.000         270.000            2.195e+00          -1.301e+01             299.534           2.062e+00             100.348           2.498e+01     
 136.000         270.000            2.169e+00          -1.296e+01             299.153           2.034e+00              99.260           2.460e+01     
 135.000         270.000            2.147e+00          -1.292e+01             298.803           2.010e+00              98.147           2.422e+01     
 134.000         270.000            2.129e+00          -1.289e+01             298.481           1.990e+00              97.012           2.385e+01     
 133.000         270.000            2.114e+00          -1.287e+01             298.185           1.974e+00              95.859           2.349e+01     
 132.000         270.000            2.103e+00          -1.286e+01             297.913           1.962e+00              94.689           2.314e+01     
 131.000         270.000            2.097e+00          -1.285e+01             297.663           1.955e+00              93.505           2.281e+01     
 130.000         270.000            2.094e+00          -1.286e+01             297.435           1.953e+00              92.311           2.249e+01     
 129.000         270.000            2.095e+00          -1.288e+01             297.225           1.955e+00              91.108           2.219e+01     
 128.000         270.000            2.101e+00          -1.292e+01             297.034           1.962e+00              89.902           2.192e+01     
 127.000         270.000            2.111e+00          -1.296e+01             296.859           1.974e+00              88.694           2.167e+01     
 126.000         270.000            2.126e+00          -1.301e+01             296.700           1.990e+00              87.488           2.144e+01     
 125.000         270.000            2.144e+00          -1.308e+01             296.555           2.011e+00              86.287           2.124e+01     
 124.000         270.000            2.166e+00          -1.316e+01             296.424           2.037e+00              85.095           2.106e+01     
 123.000         270.000            2.192e+00          -1.325e+01             296.304           2.066e+00              83.915           2.092e+01     
 122.000         270.000            2.222e+00          -1.335e+01             296.197           2.100e+00              82.750           2.080e+01     
 121.000         270.000            2.255e+00          -1.347e+01             296.099           2.138e+00              81.602           2.070e+01     
 120.000         270.000            2.292e+00          -1.360e+01             296.012           2.178e+00              80.475           2.064e+01     
 119.000         270.000            2.331e+00          -1.374e+01             295.933           2.223e+00              79.371           2.061e+01     
 118.000         270.000            2.373e+00          -1.390e+01             295.863           2.270e+00              78.292           2.060e+01     
 117.000         270.000            2.418e+00          -1.408e+01             295.801           2.319e+00              77.242           2.063e+01     
 116.000         270.000            2.464e+00          -1.427e+01             295.745           2.371e+00              76.221           2.068e+01     
 115.000         270.000            2.512e+00          -1.448e+01             295.696           2.425e+00              75.232           2.076e+01     
 114.000         270.000            2.562e+00          -1.471e+01             295.653           2.480e+00              74.276           2.088e+01     
 113.000         270.000            2.612e+00          -1.496e+01             295.616           2.536e+00              73.355           2.103e+01     
 112.000         270.000            2.664e+00          -1.523e+01             295.583           2.592e+00              72.471           2.120e+01     
 111.000         270.000            2.715e+00          -1.552e+01             295.555           2.649e+00              71.623           2.141e+01     
 110.000         270.000            2.767e+00          -1.583e+01             295.531           2.706e+00              70.813           2.165e+01     
 109.000         270.000            2.818e+00          -1.617e+01             295.512           2.763e+00              70.042           2.193e+01     
 108.000         270.000            2.868e+00          -1.654e+01             295.495           2.818e+00              69.310           2.224e+01     
 107.000         270.000            2.918e+00          -1.694e+01             295.482           2.873e+00              68.618           2.259e+01     
 106.000         270.000            2.966e+00          -1.737e+01             295.473           2.926e+00              67.966           2.298e+01     
 105.000         270.000            3.013e+00          -1.784e+01             295.466           2.977e+00              67.354           2.341e+01     
 104.000         270.000            3.058e+00          -1.835e+01             295.462           3.026e+00              66.782           2.389e+01     
 103.000         270.000            3.100e+00          -1.891e+01             295.461           3.073e+00              66.251           2.442e+01     
 102.000         270.000            3.141e+00          -1.951e+01             295.463           3.117e+00              65.761           2.500e+01     
 101.000         270.000            3.179e+00          -2.018e+01             295.469           3.159e+00              65.311           2.565e+01     
 100.000         270.000            3.214e+00          -2.092e+01             295.478           3.197e+00              64.901           2.638e+01     
  99.000         270.000            3.246e+00          -2.175e+01             295.492           3.232e+00              64.532           2.719e+01     
  98.000         270.000            3.275e+00          -2.267e+01             295.511           3.264e+00              64.203           2.810e+01     
  97.000         270.000            3.301e+00          -2.373e+01             295.538           3.292e+00              63.914           2.914e+01     
  96.000         270.000            3.323e+00          -2.494e+01             295.575           3.317e+00              63.665           3.034e+01     
  95.000         270.000            3.342e+00          -2.636e+01             295.630           3.338e+00              63.455           3.175e+01     
  94.000         270.000            3.358e+00          -2.809e+01             295.711           3.355e+00              63.286           3.346e+01     
  93.000         270.000            3.370e+00          -3.025e+01             295.842           3.368e+00              63.156           3.561e+01     
  92.000         270.000            3.378e+00          -3.316e+01             296.085           3.377e+00              63.065           3.849e+01     
  91.000         270.000            3.382e+00          -3.759e+01             296.660           3.382e+00              63.014           4.000e+01     
  90.000         270.000            3.382e+00          -4.712e+01             299.556           3.382e+00              63.002           4.000e+01     
  89.000         270.000            3.379e+00          -4.711e+01             110.787           3.379e+00              63.030           4.000e+01     
  88.000         270.000            3.372e+00          -3.760e+01             113.713           3.372e+00              63.097           4.000e+01     
  87.000         270.000            3.361e+00          -3.318e+01             114.293           3.360e+00              63.204           3.872e+01     
  86.000         270.000            3.347e+00          -3.027e+01             114.537           3.345e+00              63.350           3.579e+01     
  85.000         270.000            3.328e+00          -2.811e+01             114.670           3.325e+00              63.536           3.362e+01     
  84.000         270.000            3.307e+00          -2.640e+01             114.751           3.302e+00              63.762           3.190e+01     
  83.000         270.000            3.281e+00          -2.498e+01             114.806           3.275e+00              64.028           3.048e+01     
  82.000         270.000            3.253e+00          -2.377e+01             114.844           3.244e+00              64.334           2.928e+01     
  81.000         270.000            3.221e+00          -2.273e+01             114.872           3.210e+00              64.681           2.824e+01     
  80.000         270.000            3.186e+00          -2.181e+01             114.893           3.172e+00              65.068           2.733e+01     
  79.000         270.000            3.148e+00          -2.099e+01             114.910           3.132e+00              65.495           2.653e+01     
  78.000         270.000            3.108e+00          -2.026e+01             114.925           3.088e+00              65.963           2.581e+01     
  77.000         270.000            3.065e+00          -1.960e+01             114.937           3.041e+00              66.472           2.517e+01     
  76.000         270.000            3.020e+00          -1.899e+01             114.948           2.993e+00              67.022           2.460e+01     
  75.000         270.000            2.973e+00          -1.844e+01             114.960           2.941e+00              67.613           2.408e+01     
  74.000         270.000            2.924e+00          -1.794e+01             114.972           2.888e+00              68.245           2.362e+01     
  73.000         270.000            2.874e+00          -1.748e+01             114.985           2.833e+00              68.917           2.320e+01     
  72.000         270.000            2.822e+00          -1.705e+01             114.999           2.777e+00              69.629           2.283e+01     
  71.000         270.000            2.770e+00          -1.666e+01             115.016           2.720e+00              70.382           2.250e+01     
  70.000         270.000            2.717e+00          -1.630e+01             115.035           2.662e+00              71.175           2.221e+01     
  69.000         270.000            2.664e+00          -1.597e+01             115.057           2.604e+00              72.006           2.195e+01     
  68.000         270.000            2.611e+00          -1.566e+01             115.083           2.546e+00              72.876           2.173e+01     
  67.000         270.000            2.558e+00          -1.538e+01             115.112           2.488e+00              73.782           2.155e+01     
  66.000         270.000            2.507e+00          -1.511e+01             115.147           2.431e+00              74.726           2.140e+01     
  65.000         270.000            2.456e+00          -1.487e+01             115.186           2.375e+00              75.704           2.128e+01     
  64.000         270.000            2.407e+00          -1.465e+01             115.231           2.321e+00              76.715           2.119e+01     
  63.000         270.000            2.360e+00          -1.445e+01             115.283           2.269e+00              77.758           2.114e+01     
  62.000         270.000            2.316e+00          -1.426e+01             115.342           2.219e+00              78.831           2.112e+01     
  61.000         270.000            2.273e+00          -1.409e+01             115.408           2.172e+00              79.932           2.113e+01     
  60.000         270.000            2.234e+00          -1.394e+01             115.483           2.128e+00              81.058           2.117e+01     
  59.000         270.000            2.198e+00          -1.380e+01             115.566           2.087e+00              82.207           2.124e+01     
  58.000         270.000            2.165e+00          -1.368e+01             115.660           2.050e+00              83.376           2.134e+01     
  57.000         270.000            2.136e+00          -1.357e+01             115.765           2.018e+00              84.562           2.147e+01     
  56.000         270.000            2.111e+00          -1.347e+01             115.882           1.989e+00              85.762           2.163e+01     
  55.000         270.000            2.089e+00          -1.339e+01             116.011           1.965e+00              86.973           2.182e+01     
  54.000         270.000            2.072e+00          -1.332e+01             116.154           1.945e+00              88.192           2.204e+01     
  53.000         270.000            2.059e+00          -1.326e+01             116.312           1.930e+00              89.415           2.229e+01     
  52.000         270.000            2.051e+00          -1.321e+01             116.486           1.920e+00              90.640           2.256e+01     
  51.000         270.000            2.047e+00          -1.318e+01             116.677           1.914e+00              91.862           2.285e+01     
  50.000         270.000            2.047e+00          -1.316e+01             116.887           1.914e+00              93.078           2.317e+01     
  49.000         270.000            2.051e+00          -1.314e+01             117.117           1.918e+00              94.285           2.351e+01     
  48.000         270.000            2.060e+00          -1.314e+01             117.369           1.927e+00              95.481           2.387e+01     
  47.000         270.000            2.073e+00          -1.315e+01             117.644           1.940e+00              96.662           2.425e+01     
  46.000         270.000            2.090e+00          -1.317e+01             117.944           1.958e+00              97.825           2.463e+01     
  45.000         270.000            2.110e+00          -1.320e+01             118.272           1.980e+00              98.968           2.503e+01     
  44.000         270.000            2.134e+00          -1.324e+01             118.629           2.007e+00             100.088           2.543e+01     
  43.000         270.000            2.162e+00          -1.329e+01             119.017           2.037e+00             101.182           2.584e+01     
  42.000         270.000            2.193e+00          -1.335e+01             119.439           2.070e+00             102.250           2.624e+01     
  41.000         270.000            2.227e+00          -1.342e+01             119.897           2.107e+00             103.289           2.663e+01     
  40.000         270.000            2.263e+00          -1.350e+01             120.394           2.147e+00             104.297           2.701e+01     
  39.000         270.000            2.302e+00          -1.359e+01             120.934           2.189e+00             105.274           2.736e+01     
  38.000         270.000            2.343e+00          -1.369e+01             121.518           2.234e+00             106.218           2.770e+01     
  37.000         270.000            2.386e+00          -1.379e+01             122.152           2.281e+00             107.128           2.800e+01     
  36.000         270.000            2.431e+00          -1.391e+01             122.838           2.329e+00             108.003           2.826e+01     
  35.000         270.000            2.477e+00          -1.403e+01             123.581           2.379e+00             108.844           2.849e+01     
  34.000         270.000            2.525e+00          -1.416e+01             124.384           2.431e+00             109.649           2.866e+01     
  33.000         270.000            2.573e+00          -1.430e+01             125.253           2.483e+00             110.419           2.879e+01     
  32.000         270.000            2.622e+00          -1.445e+01             126.193           2.536e+00             111.154           2.887e+01     
  31.000         270.000            2.672e+00          -1.461e+01             127.207           2.590e+00             111.853           2.889e+01     
  30.000         270.000            2.722e+00          -1.477e+01             128.304           2.644e+00             112.517           2.886e+01     
  29.000         270.000            2.772e+00          -1.493e+01             129.487           2.698e+00             113.146           2.878e+01     
  28.000         270.000            2.822e+00          -1.511e+01             130.762           2.752e+00             113.740           2.866e+01     
  27.000         270.000            2.872e+00          -1.528e+01             132.138           2.805e+00             114.301           2.849e+01     
  26.000         270.000            2.921e+00          -1.546e+01             133.618           2.858e+00             114.828           2.828e+01     
  25.000         270.000            2.970e+00          -1.565e+01             135.211           2.910e+00             115.323           2.803e+01     
  24.000         270.000            3.018e+00          -1.583e+01             136.921           2.961e+00             115.785           2.775e+01     
  23.000         270.000            3.066e+00          -1.601e+01             138.755           3.012e+00             116.216           2.745e+01     
  22.000         270.000            3.112e+00          -1.620e+01             140.718           3.061e+00             116.616           2.712e+01     
  21.000         270.000            3.158e+00          -1.637e+01             142.813           3.109e+00             116.986           2.678e+01     
  20.000         270.000            3.202e+00          -1.654e+01             145.043           3.156e+00             117.327           2.642e+01     
  19.000         270.000            3.246e+00          -1.670e+01             147.410           3.201e+00             117.639           2.605e+01     
  18.000         270.000            3.288e+00          -1.685e+01             149.911           3.245e+00             117.924           2.568e+01     
  17.000         270.000            3.328e+00          -1.699e+01             152.544           3.288e+00             118.181           2.530e+01     
  16.000         270.000            3.367e+00          -1.711e+01             155.300           3.328e+00             118.412           2.492e+01     
  15.000         270.000            3.405e+00          -1.721e+01             158.169           3.367e+00             118.617           2.454e+01     
  14.000         270.000            3.441e+00          -1.728e+01             161.138           3.405e+00             118.797           2.416e+01     
  13.000         270.000            3.476e+00          -1.734e+01             164.189           3.440e+00             118.953           2.379e+01     
  12.000         270.000            3.509e+00          -1.736e+01             167.303           3.474e+00             119.085           2.342e+01     
  11.000         270.000            3.541e+00          -1.736e+01             170.456           3.505e+00             119.194           2.305e+01     
  10.000         270.000            3.570e+00          -1.733e+01             173.625           3.535e+00             119.281           2.269e+01     
   9.000         270.000            3.598e+00          -1.727e+01             176.786           3.563e+00             119.347           2.234e+01     
   8.000         270.000            3.625e+00          -1.718e+01             179.913           3.588e+00             119.391           2.199e+01     
   7.000         270.000            3.649e+00          -1.707e+01             182.985           3.612e+00             119.414           2.165e+01     
   6.000         270.000            3.672e+00          -1.693e+01             185.982           3.634e+00             119.418           2.132e+01     
   5.000         270.000            3.693e+00          -1.677e+01             188.885           3.653e+00             119.402           2.100e+01     
   4.000         270.000            3.711e+00          -1.658e+01             191.682           3.671e+00             119.367           2.068e+01     
   3.000         270.000            3.728e+00          -1.638e+01             194.361           3.686e+00             119.313           2.038e+01     
   2.000         270.000            3.743e+00          -1.617e+01             196.917           3.699e+00             119.242           2.008e+01     
   1.000         270.000            3.757e+00          -1.594e+01             199.343           3.710e+00             119.152           1.978e+01     
