Theta [deg.]  Phi   [deg.]  Abs(Grlz)[dBi   ]   Abs(Theta)[dBi   ]  Phase(Theta)[deg.]  Abs(Phi  )[dBi   ]  Phase(Phi  )[deg.]  Ax.Ratio[dB    ]    
------------------------------------------------------------------------------------------------------------------------------------------------------
   0.000          90.000           -4.837e+00          -1.909e+01             350.915          -5.003e+00              67.058           1.436e+01     
   1.000          90.000           -4.807e+00          -1.892e+01             354.529          -4.979e+00              66.780           1.440e+01     
   2.000          90.000           -4.774e+00          -1.872e+01             357.984          -4.952e+00              66.496           1.445e+01     
   3.000          90.000           -4.737e+00          -1.850e+01               1.257          -4.924e+00              66.208           1.451e+01     
   4.000          90.000           -4.698e+00          -1.826e+01               4.339          -4.893e+00              65.915           1.457e+01     
   5.000          90.000           -4.655e+00          -1.800e+01               7.223          -4.861e+00              65.619           1.465e+01     
   6.000          90.000           -4.609e+00          -1.772e+01               9.910          -4.826e+00              65.318           1.473e+01     
   7.000          90.000           -4.560e+00          -1.744e+01              12.405          -4.790e+00              65.013           1.483e+01     
   8.000          90.000           -4.508e+00          -1.715e+01              14.713          -4.751e+00              64.704           1.493e+01     
   9.000          90.000           -4.454e+00          -1.687e+01              16.845          -4.711e+00              64.392           1.504e+01     
  10.000          90.000           -4.398e+00          -1.658e+01              18.810          -4.669e+00              64.076           1.516e+01     
  11.000          90.000           -4.339e+00          -1.629e+01              20.621          -4.625e+00              63.757           1.529e+01     
  12.000          90.000           -4.279e+00          -1.601e+01              22.288          -4.580e+00              63.436           1.542e+01     
  13.000          90.000           -4.216e+00          -1.573e+01              23.821          -4.533e+00              63.112           1.557e+01     
  14.000          90.000           -4.152e+00          -1.546e+01              25.231          -4.485e+00              62.785           1.572e+01     
  15.000          90.000           -4.086e+00          -1.520e+01              26.529          -4.435e+00              62.456           1.587e+01     
  16.000          90.000           -4.018e+00          -1.495e+01              27.723          -4.384e+00              62.125           1.604e+01     
  17.000          90.000           -3.950e+00          -1.470e+01              28.822          -4.331e+00              61.792           1.621e+01     
  18.000          90.000           -3.880e+00          -1.446e+01              29.835          -4.277e+00              61.457           1.639e+01     
  19.000          90.000           -3.809e+00          -1.423e+01              30.767          -4.222e+00              61.121           1.658e+01     
  20.000          90.000           -3.738e+00          -1.401e+01              31.626          -4.166e+00              60.784           1.677e+01     
  21.000          90.000           -3.666e+00          -1.380e+01              32.419          -4.109e+00              60.446           1.697e+01     
  22.000          90.000           -3.594e+00          -1.360e+01              33.149          -4.051e+00              60.107           1.717e+01     
  23.000          90.000           -3.521e+00          -1.341e+01              33.823          -3.991e+00              59.767           1.738e+01     
  24.000          90.000           -3.448e+00          -1.322e+01              34.445          -3.931e+00              59.427           1.760e+01     
  25.000          90.000           -3.375e+00          -1.305e+01              35.019          -3.871e+00              59.087           1.782e+01     
  26.000          90.000           -3.302e+00          -1.288e+01              35.549          -3.809e+00              58.747           1.804e+01     
  27.000          90.000           -3.230e+00          -1.273e+01              36.038          -3.747e+00              58.408           1.828e+01     
  28.000          90.000           -3.157e+00          -1.258e+01              36.490          -3.684e+00              58.069           1.852e+01     
  29.000          90.000           -3.085e+00          -1.244e+01              36.906          -3.620e+00              57.730           1.876e+01     
  30.000          90.000           -3.014e+00          -1.231e+01              37.291          -3.556e+00              57.393           1.901e+01     
  31.000          90.000           -2.943e+00          -1.219e+01              37.646          -3.492e+00              57.056           1.927e+01     
  32.000          90.000           -2.872e+00          -1.208e+01              37.974          -3.428e+00              56.721           1.953e+01     
  33.000          90.000           -2.803e+00          -1.198e+01              38.275          -3.363e+00              56.387           1.979e+01     
  34.000          90.000           -2.734e+00          -1.188e+01              38.553          -3.298e+00              56.055           2.006e+01     
  35.000          90.000           -2.667e+00          -1.180e+01              38.809          -3.232e+00              55.726           2.034e+01     
  36.000          90.000           -2.600e+00          -1.172e+01              39.045          -3.167e+00              55.398           2.062e+01     
  37.000          90.000           -2.534e+00          -1.165e+01              39.261          -3.102e+00              55.072           2.091e+01     
  38.000          90.000           -2.470e+00          -1.159e+01              39.460          -3.037e+00              54.749           2.120e+01     
  39.000          90.000           -2.406e+00          -1.154e+01              39.642          -2.972e+00              54.429           2.150e+01     
  40.000          90.000           -2.344e+00          -1.150e+01              39.808          -2.907e+00              54.111           2.181e+01     
  41.000          90.000           -2.283e+00          -1.147e+01              39.960          -2.842e+00              53.797           2.212e+01     
  42.000          90.000           -2.224e+00          -1.144e+01              40.098          -2.778e+00              53.485           2.243e+01     
  43.000          90.000           -2.166e+00          -1.143e+01              40.223          -2.714e+00              53.178           2.275e+01     
  44.000          90.000           -2.109e+00          -1.142e+01              40.337          -2.650e+00              52.873           2.308e+01     
  45.000          90.000           -2.053e+00          -1.143e+01              40.439          -2.587e+00              52.573           2.341e+01     
  46.000          90.000           -2.000e+00          -1.144e+01              40.531          -2.524e+00              52.276           2.375e+01     
  47.000          90.000           -1.947e+00          -1.146e+01              40.613          -2.462e+00              51.984           2.410e+01     
  48.000          90.000           -1.896e+00          -1.149e+01              40.686          -2.401e+00              51.696           2.445e+01     
  49.000          90.000           -1.846e+00          -1.153e+01              40.750          -2.340e+00              51.412           2.481e+01     
  50.000          90.000           -1.798e+00          -1.158e+01              40.806          -2.280e+00              51.133           2.517e+01     
  51.000          90.000           -1.752e+00          -1.165e+01              40.854          -2.221e+00              50.858           2.554e+01     
  52.000          90.000           -1.707e+00          -1.172e+01              40.895          -2.163e+00              50.589           2.592e+01     
  53.000          90.000           -1.663e+00          -1.180e+01              40.928          -2.105e+00              50.324           2.630e+01     
  54.000          90.000           -1.621e+00          -1.190e+01              40.955          -2.049e+00              50.065           2.669e+01     
  55.000          90.000           -1.580e+00          -1.200e+01              40.975          -1.993e+00              49.811           2.709e+01     
  56.000          90.000           -1.541e+00          -1.212e+01              40.990          -1.939e+00              49.563           2.749e+01     
  57.000          90.000           -1.504e+00          -1.225e+01              40.998          -1.886e+00              49.320           2.790e+01     
  58.000          90.000           -1.467e+00          -1.239e+01              41.000          -1.833e+00              49.083           2.832e+01     
  59.000          90.000           -1.433e+00          -1.255e+01              40.997          -1.782e+00              48.852           2.874e+01     
  60.000          90.000           -1.399e+00          -1.272e+01              40.988          -1.732e+00              48.627           2.917e+01     
  61.000          90.000           -1.368e+00          -1.290e+01              40.974          -1.684e+00              48.408           2.960e+01     
  62.000          90.000           -1.337e+00          -1.310e+01              40.954          -1.637e+00              48.195           3.004e+01     
  63.000          90.000           -1.308e+00          -1.332e+01              40.928          -1.591e+00              47.989           3.049e+01     
  64.000          90.000           -1.280e+00          -1.355e+01              40.897          -1.546e+00              47.790           3.094e+01     
  65.000          90.000           -1.254e+00          -1.380e+01              40.860          -1.503e+00              47.597           3.140e+01     
  66.000          90.000           -1.229e+00          -1.407e+01              40.816          -1.461e+00              47.410           3.186e+01     
  67.000          90.000           -1.205e+00          -1.436e+01              40.766          -1.421e+00              47.231           3.233e+01     
  68.000          90.000           -1.183e+00          -1.467e+01              40.708          -1.382e+00              47.059           3.280e+01     
  69.000          90.000           -1.162e+00          -1.500e+01              40.643          -1.345e+00              46.893           3.328e+01     
  70.000          90.000           -1.142e+00          -1.536e+01              40.569          -1.309e+00              46.735           3.376e+01     
  71.000          90.000           -1.123e+00          -1.575e+01              40.485          -1.275e+00              46.584           3.425e+01     
  72.000          90.000           -1.105e+00          -1.617e+01              40.389          -1.243e+00              46.440           3.474e+01     
  73.000          90.000           -1.089e+00          -1.662e+01              40.281          -1.212e+00              46.304           3.524e+01     
  74.000          90.000           -1.073e+00          -1.711e+01              40.157          -1.183e+00              46.175           3.574e+01     
  75.000          90.000           -1.059e+00          -1.764e+01              40.015          -1.155e+00              46.054           3.624e+01     
  76.000          90.000           -1.046e+00          -1.822e+01              39.851          -1.130e+00              45.940           3.675e+01     
  77.000          90.000           -1.033e+00          -1.886e+01              39.659          -1.106e+00              45.834           3.726e+01     
  78.000          90.000           -1.022e+00          -1.955e+01              39.432          -1.084e+00              45.736           3.778e+01     
  79.000          90.000           -1.012e+00          -2.032e+01              39.160          -1.063e+00              45.645           3.830e+01     
  80.000          90.000           -1.003e+00          -2.118e+01              38.829          -1.044e+00              45.563           3.884e+01     
  81.000          90.000           -9.942e-01          -2.215e+01              38.416          -1.028e+00              45.488           3.938e+01     
  82.000          90.000           -9.868e-01          -2.325e+01              37.887          -1.013e+00              45.421           3.994e+01     
  83.000          90.000           -9.802e-01          -2.453e+01              37.187          -9.995e-01              45.363           4.000e+01     
  84.000          90.000           -9.746e-01          -2.604e+01              36.216          -9.881e-01              45.312           4.000e+01     
  85.000          90.000           -9.698e-01          -2.788e+01              34.779          -9.786e-01              45.269           4.000e+01     
  86.000          90.000           -9.659e-01          -3.022e+01              32.441          -9.710e-01              45.235           4.000e+01     
  87.000          90.000           -9.628e-01          -3.342e+01              27.996          -9.653e-01              45.208           4.000e+01     
  88.000          90.000           -9.606e-01          -3.833e+01              16.598          -9.614e-01              45.190           4.000e+01     
  89.000          90.000           -9.593e-01          -4.540e+01             324.782          -9.594e-01              45.179           4.000e+01     
  90.000          90.000           -9.587e-01          -3.994e+01             253.583          -9.593e-01              45.177           4.000e+01     
  91.000          90.000           -9.591e-01          -3.438e+01             238.139          -9.611e-01              45.183           4.000e+01     
  92.000          90.000           -9.603e-01          -3.087e+01             232.766          -9.647e-01              45.197           4.000e+01     
  93.000          90.000           -9.623e-01          -2.836e+01             230.090          -9.702e-01              45.219           4.000e+01     
  94.000          90.000           -9.652e-01          -2.641e+01             228.495          -9.776e-01              45.249           4.000e+01     
  95.000          90.000           -9.689e-01          -2.482e+01             227.438          -9.868e-01              45.288           4.000e+01     
  96.000          90.000           -9.736e-01          -2.349e+01             226.688          -9.979e-01              45.334           4.000e+01     
  97.000          90.000           -9.791e-01          -2.234e+01             226.129          -1.011e+00              45.389           4.000e+01     
  98.000          90.000           -9.855e-01          -2.134e+01             225.696          -1.026e+00              45.451           4.000e+01     
  99.000          90.000           -9.929e-01          -2.045e+01             225.351          -1.042e+00              45.522           4.000e+01     
 100.000          90.000           -1.001e+00          -1.965e+01             225.071          -1.061e+00              45.600           4.000e+01     
 101.000          90.000           -1.010e+00          -1.893e+01             224.838          -1.081e+00              45.687           4.000e+01     
 102.000          90.000           -1.021e+00          -1.828e+01             224.642          -1.103e+00              45.781           4.000e+01     
 103.000          90.000           -1.032e+00          -1.768e+01             224.475          -1.127e+00              45.883           4.000e+01     
 104.000          90.000           -1.044e+00          -1.713e+01             224.331          -1.153e+00              45.993           4.000e+01     
 105.000          90.000           -1.058e+00          -1.662e+01             224.205          -1.180e+00              46.111           4.000e+01     
 106.000          90.000           -1.072e+00          -1.616e+01             224.094          -1.209e+00              46.236           4.000e+01     
 107.000          90.000           -1.088e+00          -1.572e+01             223.996          -1.240e+00              46.369           4.000e+01     
 108.000          90.000           -1.104e+00          -1.532e+01             223.907          -1.272e+00              46.510           4.000e+01     
 109.000          90.000           -1.122e+00          -1.494e+01             223.827          -1.306e+00              46.657           4.000e+01     
 110.000          90.000           -1.141e+00          -1.460e+01             223.754          -1.342e+00              46.813           3.911e+01     
 111.000          90.000           -1.162e+00          -1.427e+01             223.687          -1.379e+00              46.975           3.816e+01     
 112.000          90.000           -1.183e+00          -1.397e+01             223.625          -1.418e+00              47.145           3.726e+01     
 113.000          90.000           -1.206e+00          -1.369e+01             223.566          -1.458e+00              47.322           3.641e+01     
 114.000          90.000           -1.230e+00          -1.343e+01             223.510          -1.500e+00              47.505           3.560e+01     
 115.000          90.000           -1.256e+00          -1.318e+01             223.457          -1.544e+00              47.696           3.484e+01     
 116.000          90.000           -1.283e+00          -1.296e+01             223.406          -1.588e+00              47.894           3.411e+01     
 117.000          90.000           -1.311e+00          -1.275e+01             223.356          -1.634e+00              48.098           3.341e+01     
 118.000          90.000           -1.340e+00          -1.255e+01             223.306          -1.682e+00              48.309           3.274e+01     
 119.000          90.000           -1.372e+00          -1.237e+01             223.256          -1.731e+00              48.526           3.209e+01     
 120.000          90.000           -1.404e+00          -1.221e+01             223.206          -1.781e+00              48.749           3.147e+01     
 121.000          90.000           -1.438e+00          -1.205e+01             223.156          -1.832e+00              48.979           3.087e+01     
 122.000          90.000           -1.474e+00          -1.191e+01             223.103          -1.885e+00              49.215           3.030e+01     
 123.000          90.000           -1.511e+00          -1.178e+01             223.049          -1.939e+00              49.457           2.974e+01     
 124.000          90.000           -1.549e+00          -1.167e+01             222.993          -1.994e+00              49.705           2.920e+01     
 125.000          90.000           -1.589e+00          -1.156e+01             222.934          -2.050e+00              49.958           2.868e+01     
 126.000          90.000           -1.631e+00          -1.147e+01             222.872          -2.107e+00              50.217           2.817e+01     
 127.000          90.000           -1.674e+00          -1.139e+01             222.807          -2.165e+00              50.482           2.768e+01     
 128.000          90.000           -1.719e+00          -1.132e+01             222.737          -2.224e+00              50.751           2.720e+01     
 129.000          90.000           -1.765e+00          -1.125e+01             222.662          -2.284e+00              51.026           2.673e+01     
 130.000          90.000           -1.813e+00          -1.120e+01             222.582          -2.344e+00              51.306           2.628e+01     
 131.000          90.000           -1.862e+00          -1.116e+01             222.497          -2.406e+00              51.590           2.584e+01     
 132.000          90.000           -1.913e+00          -1.113e+01             222.405          -2.468e+00              51.880           2.541e+01     
 133.000          90.000           -1.966e+00          -1.110e+01             222.307          -2.531e+00              52.173           2.500e+01     
 134.000          90.000           -2.020e+00          -1.109e+01             222.200          -2.594e+00              52.471           2.459e+01     
 135.000          90.000           -2.075e+00          -1.109e+01             222.086          -2.658e+00              52.773           2.420e+01     
 136.000          90.000           -2.132e+00          -1.109e+01             221.963          -2.723e+00              53.080           2.381e+01     
 137.000          90.000           -2.191e+00          -1.110e+01             221.829          -2.788e+00              53.389           2.343e+01     
 138.000          90.000           -2.251e+00          -1.113e+01             221.686          -2.853e+00              53.703           2.307e+01     
 139.000          90.000           -2.312e+00          -1.116e+01             221.531          -2.919e+00              54.020           2.271e+01     
 140.000          90.000           -2.375e+00          -1.120e+01             221.363          -2.985e+00              54.340           2.236e+01     
 141.000          90.000           -2.439e+00          -1.125e+01             221.183          -3.051e+00              54.664           2.202e+01     
 142.000          90.000           -2.504e+00          -1.130e+01             220.988          -3.118e+00              54.990           2.168e+01     
 143.000          90.000           -2.571e+00          -1.137e+01             220.777          -3.184e+00              55.319           2.135e+01     
 144.000          90.000           -2.638e+00          -1.145e+01             220.550          -3.251e+00              55.650           2.104e+01     
 145.000          90.000           -2.707e+00          -1.153e+01             220.304          -3.318e+00              55.984           2.072e+01     
 146.000          90.000           -2.777e+00          -1.162e+01             220.039          -3.384e+00              56.320           2.042e+01     
 147.000          90.000           -2.848e+00          -1.172e+01             219.752          -3.450e+00              56.658           2.012e+01     
 148.000          90.000           -2.919e+00          -1.183e+01             219.443          -3.517e+00              56.997           1.983e+01     
 149.000          90.000           -2.992e+00          -1.195e+01             219.109          -3.582e+00              57.338           1.955e+01     
 150.000          90.000           -3.065e+00          -1.208e+01             218.748          -3.648e+00              57.680           1.927e+01     
 151.000          90.000           -3.139e+00          -1.221e+01             218.358          -3.713e+00              58.024           1.900e+01     
 152.000          90.000           -3.213e+00          -1.236e+01             217.937          -3.778e+00              58.368           1.873e+01     
 153.000          90.000           -3.288e+00          -1.251e+01             217.481          -3.842e+00              58.713           1.847e+01     
 154.000          90.000           -3.363e+00          -1.267e+01             216.988          -3.905e+00              59.059           1.822e+01     
 155.000          90.000           -3.439e+00          -1.284e+01             216.455          -3.968e+00              59.404           1.798e+01     
 156.000          90.000           -3.514e+00          -1.303e+01             215.878          -4.030e+00              59.750           1.774e+01     
 157.000          90.000           -3.590e+00          -1.322e+01             215.254          -4.091e+00              60.095           1.751e+01     
 158.000          90.000           -3.665e+00          -1.342e+01             214.577          -4.151e+00              60.440           1.728e+01     
 159.000          90.000           -3.740e+00          -1.363e+01             213.844          -4.210e+00              60.785           1.706e+01     
 160.000          90.000           -3.814e+00          -1.384e+01             213.048          -4.268e+00              61.128           1.685e+01     
 161.000          90.000           -3.888e+00          -1.407e+01             212.185          -4.325e+00              61.471           1.665e+01     
 162.000          90.000           -3.961e+00          -1.431e+01             211.248          -4.381e+00              61.812           1.645e+01     
 163.000          90.000           -4.033e+00          -1.456e+01             210.229          -4.436e+00              62.152           1.626e+01     
 164.000          90.000           -4.104e+00          -1.481e+01             209.122          -4.490e+00              62.490           1.608e+01     
 165.000          90.000           -4.174e+00          -1.508e+01             207.918          -4.542e+00              62.825           1.590e+01     
 166.000          90.000           -4.242e+00          -1.535e+01             206.607          -4.592e+00              63.159           1.573e+01     
 167.000          90.000           -4.309e+00          -1.563e+01             205.180          -4.641e+00              63.490           1.557e+01     
 168.000          90.000           -4.373e+00          -1.592e+01             203.626          -4.689e+00              63.819           1.542e+01     
 169.000          90.000           -4.436e+00          -1.621e+01             201.933          -4.735e+00              64.144           1.528e+01     
 170.000          90.000           -4.497e+00          -1.651e+01             200.089          -4.779e+00              64.467           1.514e+01     
 171.000          90.000           -4.555e+00          -1.681e+01             198.083          -4.821e+00              64.786           1.501e+01     
 172.000          90.000           -4.611e+00          -1.712e+01             195.901          -4.862e+00              65.102           1.490e+01     
 173.000          90.000           -4.664e+00          -1.742e+01             193.532          -4.901e+00              65.414           1.479e+01     
 174.000          90.000           -4.714e+00          -1.771e+01             190.964          -4.938e+00              65.722           1.469e+01     
 175.000          90.000           -4.762e+00          -1.800e+01             188.190          -4.973e+00              66.026           1.460e+01     
 176.000          90.000           -4.806e+00          -1.827e+01             185.204          -5.006e+00              66.326           1.452e+01     
 177.000          90.000           -4.847e+00          -1.853e+01             182.005          -5.037e+00              66.621           1.445e+01     
 178.000          90.000           -4.884e+00          -1.876e+01             178.599          -5.066e+00              66.912           1.439e+01     
 179.000          90.000           -4.918e+00          -1.897e+01             174.998          -5.092e+00              67.197           1.433e+01     
 180.000          90.000           -4.948e+00          -1.914e+01             171.224          -5.117e+00              67.478           1.429e+01     
 179.000         270.000           -4.975e+00          -1.927e+01             347.304          -5.139e+00             247.753           1.426e+01     
 178.000         270.000           -4.997e+00          -1.936e+01             343.276          -5.159e+00             248.023           1.424e+01     
 177.000         270.000           -5.016e+00          -1.940e+01             339.186          -5.177e+00             248.287           1.423e+01     
 176.000         270.000           -5.031e+00          -1.940e+01             335.081          -5.192e+00             248.545           1.423e+01     
 175.000         270.000           -5.042e+00          -1.935e+01             331.011          -5.206e+00             248.798           1.423e+01     
 174.000         270.000           -5.049e+00          -1.926e+01             327.022          -5.216e+00             249.045           1.425e+01     
 173.000         270.000           -5.051e+00          -1.912e+01             323.156          -5.225e+00             249.286           1.428e+01     
 172.000         270.000           -5.051e+00          -1.895e+01             319.448          -5.231e+00             249.520           1.431e+01     
 171.000         270.000           -5.046e+00          -1.875e+01             315.922          -5.235e+00             249.749           1.435e+01     
 170.000         270.000           -5.037e+00          -1.852e+01             312.598          -5.236e+00             249.971           1.440e+01     
 169.000         270.000           -5.025e+00          -1.827e+01             309.482          -5.235e+00             250.186           1.446e+01     
 168.000         270.000           -5.009e+00          -1.801e+01             306.579          -5.232e+00             250.396           1.453e+01     
 167.000         270.000           -4.989e+00          -1.773e+01             303.886          -5.226e+00             250.598           1.460e+01     
 166.000         270.000           -4.966e+00          -1.745e+01             301.394          -5.218e+00             250.794           1.468e+01     
 165.000         270.000           -4.939e+00          -1.716e+01             299.096          -5.208e+00             250.984           1.477e+01     
 164.000         270.000           -4.910e+00          -1.688e+01             296.979          -5.195e+00             251.167           1.486e+01     
 163.000         270.000           -4.877e+00          -1.659e+01             295.031          -5.180e+00             251.344           1.496e+01     
 162.000         270.000           -4.842e+00          -1.631e+01             293.240          -5.163e+00             251.513           1.506e+01     
 161.000         270.000           -4.804e+00          -1.604e+01             291.594          -5.144e+00             251.677           1.517e+01     
 160.000         270.000           -4.763e+00          -1.577e+01             290.081          -5.122e+00             251.834           1.528e+01     
 159.000         270.000           -4.720e+00          -1.551e+01             288.689          -5.098e+00             251.984           1.539e+01     
 158.000         270.000           -4.675e+00          -1.526e+01             287.409          -5.072e+00             252.129           1.551e+01     
 157.000         270.000           -4.628e+00          -1.502e+01             286.230          -5.044e+00             252.266           1.563e+01     
 156.000         270.000           -4.579e+00          -1.478e+01             285.145          -5.014e+00             252.398           1.575e+01     
 155.000         270.000           -4.529e+00          -1.456e+01             284.144          -4.983e+00             252.524           1.587e+01     
 154.000         270.000           -4.477e+00          -1.435e+01             283.220          -4.949e+00             252.643           1.600e+01     
 153.000         270.000           -4.423e+00          -1.414e+01             282.367          -4.913e+00             252.757           1.612e+01     
 152.000         270.000           -4.369e+00          -1.395e+01             281.579          -4.876e+00             252.865           1.625e+01     
 151.000         270.000           -4.314e+00          -1.376e+01             280.850          -4.837e+00             252.967           1.638e+01     
 150.000         270.000           -4.258e+00          -1.359e+01             280.175          -4.796e+00             253.064           1.650e+01     
 149.000         270.000           -4.201e+00          -1.343e+01             279.550          -4.754e+00             253.156           1.663e+01     
 148.000         270.000           -4.144e+00          -1.327e+01             278.970          -4.711e+00             253.242           1.676e+01     
 147.000         270.000           -4.087e+00          -1.313e+01             278.433          -4.665e+00             253.323           1.689e+01     
 146.000         270.000           -4.029e+00          -1.299e+01             277.934          -4.619e+00             253.399           1.702e+01     
 145.000         270.000           -3.972e+00          -1.287e+01             277.470          -4.571e+00             253.470           1.714e+01     
 144.000         270.000           -3.914e+00          -1.275e+01             277.040          -4.523e+00             253.537           1.727e+01     
 143.000         270.000           -3.857e+00          -1.265e+01             276.639          -4.473e+00             253.600           1.740e+01     
 142.000         270.000           -3.801e+00          -1.255e+01             276.266          -4.422e+00             253.658           1.752e+01     
 141.000         270.000           -3.744e+00          -1.247e+01             275.920          -4.370e+00             253.712           1.765e+01     
 140.000         270.000           -3.688e+00          -1.239e+01             275.597          -4.318e+00             253.761           1.778e+01     
 139.000         270.000           -3.633e+00          -1.232e+01             275.296          -4.264e+00             253.808           1.790e+01     
 138.000         270.000           -3.579e+00          -1.227e+01             275.016          -4.210e+00             253.850           1.803e+01     
 137.000         270.000           -3.525e+00          -1.222e+01             274.755          -4.156e+00             253.889           1.816e+01     
 136.000         270.000           -3.473e+00          -1.218e+01             274.511          -4.101e+00             253.925           1.829e+01     
 135.000         270.000           -3.421e+00          -1.215e+01             274.284          -4.045e+00             253.958           1.842e+01     
 134.000         270.000           -3.370e+00          -1.214e+01             274.072          -3.990e+00             253.988           1.855e+01     
 133.000         270.000           -3.321e+00          -1.213e+01             273.875          -3.934e+00             254.015           1.868e+01     
 132.000         270.000           -3.273e+00          -1.213e+01             273.690          -3.878e+00             254.039           1.881e+01     
 131.000         270.000           -3.225e+00          -1.214e+01             273.518          -3.822e+00             254.061           1.895e+01     
 130.000         270.000           -3.179e+00          -1.216e+01             273.358          -3.766e+00             254.080           1.909e+01     
 129.000         270.000           -3.135e+00          -1.220e+01             273.208          -3.710e+00             254.097           1.923e+01     
 128.000         270.000           -3.091e+00          -1.224e+01             273.068          -3.655e+00             254.112           1.938e+01     
 127.000         270.000           -3.049e+00          -1.230e+01             272.937          -3.599e+00             254.125           1.953e+01     
 126.000         270.000           -3.009e+00          -1.236e+01             272.816          -3.544e+00             254.137           1.969e+01     
 125.000         270.000           -2.969e+00          -1.244e+01             272.702          -3.490e+00             254.146           1.985e+01     
 124.000         270.000           -2.931e+00          -1.253e+01             272.595          -3.436e+00             254.154           2.001e+01     
 123.000         270.000           -2.895e+00          -1.263e+01             272.496          -3.383e+00             254.161           2.018e+01     
 122.000         270.000           -2.860e+00          -1.274e+01             272.403          -3.330e+00             254.166           2.036e+01     
 121.000         270.000           -2.826e+00          -1.287e+01             272.316          -3.279e+00             254.170           2.055e+01     
 120.000         270.000           -2.793e+00          -1.301e+01             272.235          -3.228e+00             254.173           2.075e+01     
 119.000         270.000           -2.762e+00          -1.316e+01             272.160          -3.178e+00             254.175           2.095e+01     
 118.000         270.000           -2.733e+00          -1.333e+01             272.089          -3.129e+00             254.176           2.117e+01     
 117.000         270.000           -2.704e+00          -1.351e+01             272.022          -3.081e+00             254.176           2.139e+01     
 116.000         270.000           -2.678e+00          -1.371e+01             271.960          -3.034e+00             254.176           2.163e+01     
 115.000         270.000           -2.652e+00          -1.392e+01             271.902          -2.989e+00             254.174           2.188e+01     
 114.000         270.000           -2.628e+00          -1.416e+01             271.847          -2.944e+00             254.173           2.215e+01     
 113.000         270.000           -2.605e+00          -1.441e+01             271.795          -2.901e+00             254.170           2.243e+01     
 112.000         270.000           -2.583e+00          -1.468e+01             271.746          -2.860e+00             254.167           2.272e+01     
 111.000         270.000           -2.563e+00          -1.497e+01             271.700          -2.820e+00             254.164           2.304e+01     
 110.000         270.000           -2.543e+00          -1.528e+01             271.657          -2.781e+00             254.160           2.337e+01     
 109.000         270.000           -2.525e+00          -1.562e+01             271.615          -2.744e+00             254.157           2.373e+01     
 108.000         270.000           -2.508e+00          -1.598e+01             271.575          -2.708e+00             254.153           2.411e+01     
 107.000         270.000           -2.493e+00          -1.637e+01             271.537          -2.674e+00             254.148           2.452e+01     
 106.000         270.000           -2.478e+00          -1.680e+01             271.499          -2.642e+00             254.144           2.496e+01     
 105.000         270.000           -2.465e+00          -1.726e+01             271.462          -2.611e+00             254.140           2.544e+01     
 104.000         270.000           -2.452e+00          -1.775e+01             271.426          -2.582e+00             254.135           2.595e+01     
 103.000         270.000           -2.441e+00          -1.829e+01             271.389          -2.555e+00             254.131           2.650e+01     
 102.000         270.000           -2.430e+00          -1.888e+01             271.351          -2.530e+00             254.126           2.710e+01     
 101.000         270.000           -2.421e+00          -1.952e+01             271.311          -2.506e+00             254.122           2.776e+01     
 100.000         270.000           -2.412e+00          -2.023e+01             271.269          -2.485e+00             254.117           2.848e+01     
  99.000         270.000           -2.405e+00          -2.101e+01             271.222          -2.465e+00             254.113           2.928e+01     
  98.000         270.000           -2.398e+00          -2.188e+01             271.169          -2.447e+00             254.109           3.018e+01     
  97.000         270.000           -2.392e+00          -2.287e+01             271.107          -2.431e+00             254.105           3.119e+01     
  96.000         270.000           -2.387e+00          -2.399e+01             271.031          -2.417e+00             254.101           3.234e+01     
  95.000         270.000           -2.383e+00          -2.529e+01             270.933          -2.406e+00             254.098           3.369e+01     
  94.000         270.000           -2.380e+00          -2.684e+01             270.799          -2.396e+00             254.094           3.530e+01     
  93.000         270.000           -2.378e+00          -2.874e+01             270.603          -2.388e+00             254.091           3.730e+01     
  92.000         270.000           -2.376e+00          -3.119e+01             270.282          -2.382e+00             254.088           3.991e+01     
  91.000         270.000           -2.375e+00          -3.462e+01             269.649          -2.378e+00             254.085           4.000e+01     
  90.000         270.000           -2.375e+00          -4.040e+01             267.823          -2.376e+00             254.083           4.000e+01     
  89.000         270.000           -2.376e+00          -6.186e+01             220.154          -2.376e+00             254.080           4.000e+01     
  88.000         270.000           -2.378e+00          -4.137e+01              95.824          -2.378e+00             254.078           4.000e+01     
  87.000         270.000           -2.380e+00          -3.512e+01              93.656          -2.382e+00             254.076           4.000e+01     
  86.000         270.000           -2.383e+00          -3.154e+01              92.965          -2.389e+00             254.074           3.895e+01     
  85.000         270.000           -2.387e+00          -2.902e+01              92.628          -2.397e+00             254.073           3.658e+01     
  84.000         270.000           -2.392e+00          -2.708e+01              92.433          -2.407e+00             254.071           3.473e+01     
  83.000         270.000           -2.398e+00          -2.551e+01              92.308          -2.419e+00             254.070           3.322e+01     
  82.000         270.000           -2.404e+00          -2.419e+01              92.224          -2.433e+00             254.069           3.194e+01     
  81.000         270.000           -2.412e+00          -2.306e+01              92.166          -2.449e+00             254.068           3.083e+01     
  80.000         270.000           -2.420e+00          -2.207e+01              92.126          -2.467e+00             254.067           2.986e+01     
  79.000         270.000           -2.429e+00          -2.120e+01              92.098          -2.487e+00             254.066           2.900e+01     
  78.000         270.000           -2.439e+00          -2.042e+01              92.081          -2.509e+00             254.065           2.823e+01     
  77.000         270.000           -2.450e+00          -1.971e+01              92.072          -2.532e+00             254.065           2.752e+01     
  76.000         270.000           -2.462e+00          -1.907e+01              92.070          -2.558e+00             254.064           2.688e+01     
  75.000         270.000           -2.475e+00          -1.849e+01              92.073          -2.585e+00             254.063           2.630e+01     
  74.000         270.000           -2.489e+00          -1.795e+01              92.082          -2.614e+00             254.062           2.576e+01     
  73.000         270.000           -2.503e+00          -1.746e+01              92.095          -2.644e+00             254.061           2.526e+01     
  72.000         270.000           -2.519e+00          -1.701e+01              92.113          -2.677e+00             254.060           2.480e+01     
  71.000         270.000           -2.536e+00          -1.660e+01              92.135          -2.710e+00             254.058           2.437e+01     
  70.000         270.000           -2.555e+00          -1.621e+01              92.162          -2.746e+00             254.057           2.396e+01     
  69.000         270.000           -2.574e+00          -1.585e+01              92.192          -2.783e+00             254.055           2.359e+01     
  68.000         270.000           -2.594e+00          -1.552e+01              92.227          -2.821e+00             254.052           2.323e+01     
  67.000         270.000           -2.616e+00          -1.522e+01              92.266          -2.861e+00             254.049           2.290e+01     
  66.000         270.000           -2.639e+00          -1.493e+01              92.310          -2.902e+00             254.046           2.259e+01     
  65.000         270.000           -2.663e+00          -1.467e+01              92.358          -2.945e+00             254.042           2.229e+01     
  64.000         270.000           -2.688e+00          -1.443e+01              92.411          -2.989e+00             254.038           2.202e+01     
  63.000         270.000           -2.714e+00          -1.421e+01              92.469          -3.034e+00             254.032           2.175e+01     
  62.000         270.000           -2.742e+00          -1.400e+01              92.532          -3.080e+00             254.026           2.150e+01     
  61.000         270.000           -2.771e+00          -1.381e+01              92.600          -3.127e+00             254.019           2.126e+01     
  60.000         270.000           -2.801e+00          -1.364e+01              92.674          -3.175e+00             254.011           2.104e+01     
  59.000         270.000           -2.833e+00          -1.348e+01              92.755          -3.225e+00             254.002           2.082e+01     
  58.000         270.000           -2.866e+00          -1.333e+01              92.841          -3.275e+00             253.992           2.061e+01     
  57.000         270.000           -2.900e+00          -1.320e+01              92.935          -3.325e+00             253.980           2.042e+01     
  56.000         270.000           -2.936e+00          -1.309e+01              93.036          -3.377e+00             253.968           2.023e+01     
  55.000         270.000           -2.973e+00          -1.298e+01              93.144          -3.429e+00             253.953           2.004e+01     
  54.000         270.000           -3.011e+00          -1.289e+01              93.261          -3.482e+00             253.937           1.987e+01     
  53.000         270.000           -3.050e+00          -1.281e+01              93.386          -3.535e+00             253.919           1.970e+01     
  52.000         270.000           -3.091e+00          -1.274e+01              93.521          -3.589e+00             253.900           1.953e+01     
  51.000         270.000           -3.133e+00          -1.269e+01              93.666          -3.643e+00             253.878           1.937e+01     
  50.000         270.000           -3.176e+00          -1.264e+01              93.821          -3.697e+00             253.855           1.922e+01     
  49.000         270.000           -3.220e+00          -1.261e+01              93.988          -3.751e+00             253.829           1.907e+01     
  48.000         270.000           -3.266e+00          -1.259e+01              94.167          -3.806e+00             253.800           1.892e+01     
  47.000         270.000           -3.312e+00          -1.258e+01              94.359          -3.860e+00             253.770           1.877e+01     
  46.000         270.000           -3.360e+00          -1.257e+01              94.564          -3.914e+00             253.736           1.863e+01     
  45.000         270.000           -3.408e+00          -1.258e+01              94.785          -3.968e+00             253.700           1.849e+01     
  44.000         270.000           -3.458e+00          -1.260e+01              95.022          -4.022e+00             253.661           1.835e+01     
  43.000         270.000           -3.509e+00          -1.263e+01              95.275          -4.076e+00             253.618           1.822e+01     
  42.000         270.000           -3.560e+00          -1.267e+01              95.548          -4.129e+00             253.573           1.808e+01     
  41.000         270.000           -3.612e+00          -1.272e+01              95.840          -4.181e+00             253.523           1.795e+01     
  40.000         270.000           -3.665e+00          -1.278e+01              96.153          -4.233e+00             253.471           1.782e+01     
  39.000         270.000           -3.718e+00          -1.285e+01              96.489          -4.284e+00             253.414           1.768e+01     
  38.000         270.000           -3.772e+00          -1.293e+01              96.850          -4.334e+00             253.354           1.755e+01     
  37.000         270.000           -3.826e+00          -1.301e+01              97.238          -4.384e+00             253.290           1.742e+01     
  36.000         270.000           -3.880e+00          -1.311e+01              97.655          -4.432e+00             253.221           1.729e+01     
  35.000         270.000           -3.935e+00          -1.322e+01              98.102          -4.480e+00             253.148           1.716e+01     
  34.000         270.000           -3.990e+00          -1.334e+01              98.584          -4.526e+00             253.071           1.703e+01     
  33.000         270.000           -4.044e+00          -1.347e+01              99.102          -4.571e+00             252.989           1.690e+01     
  32.000         270.000           -4.099e+00          -1.360e+01              99.660          -4.615e+00             252.902           1.677e+01     
  31.000         270.000           -4.153e+00          -1.375e+01             100.260          -4.658e+00             252.810           1.664e+01     
  30.000         270.000           -4.207e+00          -1.391e+01             100.907          -4.699e+00             252.713           1.651e+01     
  29.000         270.000           -4.260e+00          -1.407e+01             101.606          -4.738e+00             252.610           1.639e+01     
  28.000         270.000           -4.312e+00          -1.425e+01             102.359          -4.776e+00             252.503           1.626e+01     
  27.000         270.000           -4.363e+00          -1.444e+01             103.172          -4.812e+00             252.390           1.613e+01     
  26.000         270.000           -4.413e+00          -1.463e+01             104.052          -4.847e+00             252.271           1.601e+01     
  25.000         270.000           -4.462e+00          -1.484e+01             105.002          -4.880e+00             252.147           1.589e+01     
  24.000         270.000           -4.510e+00          -1.506e+01             106.032          -4.910e+00             252.016           1.577e+01     
  23.000         270.000           -4.555e+00          -1.528e+01             107.146          -4.939e+00             251.880           1.565e+01     
  22.000         270.000           -4.600e+00          -1.551e+01             108.353          -4.966e+00             251.738           1.553e+01     
  21.000         270.000           -4.642e+00          -1.575e+01             109.663          -4.991e+00             251.590           1.542e+01     
  20.000         270.000           -4.682e+00          -1.600e+01             111.083          -5.014e+00             251.435           1.531e+01     
  19.000         270.000           -4.720e+00          -1.626e+01             112.623          -5.035e+00             251.275           1.520e+01     
  18.000         270.000           -4.755e+00          -1.652e+01             114.295          -5.054e+00             251.108           1.510e+01     
  17.000         270.000           -4.788e+00          -1.679e+01             116.109          -5.071e+00             250.935           1.500e+01     
  16.000         270.000           -4.818e+00          -1.706e+01             118.076          -5.085e+00             250.756           1.490e+01     
  15.000         270.000           -4.845e+00          -1.733e+01             120.207          -5.097e+00             250.570           1.481e+01     
  14.000         270.000           -4.869e+00          -1.760e+01             122.512          -5.107e+00             250.379           1.473e+01     
  13.000         270.000           -4.890e+00          -1.786e+01             125.001          -5.115e+00             250.180           1.466e+01     
  12.000         270.000           -4.907e+00          -1.812e+01             127.682          -5.120e+00             249.976           1.458e+01     
  11.000         270.000           -4.921e+00          -1.836e+01             130.558          -5.123e+00             249.765           1.452e+01     
  10.000         270.000           -4.932e+00          -1.859e+01             133.631          -5.123e+00             249.548           1.447e+01     
   9.000         270.000           -4.939e+00          -1.880e+01             136.895          -5.122e+00             249.325           1.442e+01     
   8.000         270.000           -4.943e+00          -1.898e+01             140.339          -5.118e+00             249.096           1.438e+01     
   7.000         270.000           -4.943e+00          -1.913e+01             143.946          -5.111e+00             248.861           1.434e+01     
   6.000         270.000           -4.939e+00          -1.925e+01             147.691          -5.103e+00             248.621           1.432e+01     
   5.000         270.000           -4.931e+00          -1.933e+01             151.539          -5.092e+00             248.374           1.430e+01     
   4.000         270.000           -4.920e+00          -1.936e+01             155.454          -5.079e+00             248.122           1.430e+01     
   3.000         270.000           -4.905e+00          -1.936e+01             159.392          -5.063e+00             247.864           1.430e+01     
   2.000         270.000           -4.886e+00          -1.931e+01             163.310          -5.045e+00             247.601           1.431e+01     
   1.000         270.000           -4.863e+00          -1.922e+01             167.164          -5.025e+00             247.332           1.433e+01     
