Theta [deg.]  Phi   [deg.]  Abs(Grlz)[dBi   ]   Abs(Theta)[dBi   ]  Phase(Theta)[deg.]  Abs(Phi  )[dBi   ]  Phase(Phi  )[deg.]  Ax.Ratio[dB    ]    
------------------------------------------------------------------------------------------------------------------------------------------------------
   0.000          90.000           -2.996e+00          -1.504e+01             128.922          -3.276e+00              30.338           1.187e+01     
   1.000          90.000           -3.000e+00          -1.515e+01             130.986          -3.272e+00              29.980           1.206e+01     
   2.000          90.000           -3.001e+00          -1.526e+01             133.118          -3.267e+00              29.588           1.227e+01     
   3.000          90.000           -3.001e+00          -1.535e+01             135.308          -3.261e+00              29.160           1.249e+01     
   4.000          90.000           -2.998e+00          -1.543e+01             137.552          -3.253e+00              28.699           1.272e+01     
   5.000          90.000           -2.993e+00          -1.550e+01             139.841          -3.244e+00              28.203           1.297e+01     
   6.000          90.000           -2.986e+00          -1.556e+01             142.165          -3.233e+00              27.674           1.323e+01     
   7.000          90.000           -2.976e+00          -1.560e+01             144.516          -3.221e+00              27.112           1.352e+01     
   8.000          90.000           -2.964e+00          -1.562e+01             146.883          -3.207e+00              26.518           1.383e+01     
   9.000          90.000           -2.950e+00          -1.563e+01             149.256          -3.191e+00              25.892           1.416e+01     
  10.000          90.000           -2.934e+00          -1.562e+01             151.624          -3.174e+00              25.235           1.451e+01     
  11.000          90.000           -2.915e+00          -1.560e+01             153.975          -3.155e+00              24.547           1.489e+01     
  12.000          90.000           -2.893e+00          -1.556e+01             156.301          -3.134e+00              23.830           1.530e+01     
  13.000          90.000           -2.869e+00          -1.551e+01             158.592          -3.112e+00              23.084           1.575e+01     
  14.000          90.000           -2.842e+00          -1.545e+01             160.838          -3.087e+00              22.310           1.623e+01     
  15.000          90.000           -2.813e+00          -1.538e+01             163.032          -3.061e+00              21.509           1.675e+01     
  16.000          90.000           -2.781e+00          -1.529e+01             165.169          -3.032e+00              20.682           1.732e+01     
  17.000          90.000           -2.747e+00          -1.519e+01             167.241          -3.001e+00              19.830           1.794e+01     
  18.000          90.000           -2.709e+00          -1.509e+01             169.245          -2.968e+00              18.954           1.862e+01     
  19.000          90.000           -2.670e+00          -1.498e+01             171.177          -2.933e+00              18.056           1.937e+01     
  20.000          90.000           -2.627e+00          -1.486e+01             173.035          -2.895e+00              17.136           2.020e+01     
  21.000          90.000           -2.582e+00          -1.474e+01             174.819          -2.855e+00              16.197           2.113e+01     
  22.000          90.000           -2.535e+00          -1.461e+01             176.527          -2.813e+00              15.238           2.218e+01     
  23.000          90.000           -2.485e+00          -1.448e+01             178.159          -2.768e+00              14.262           2.338e+01     
  24.000          90.000           -2.432e+00          -1.435e+01             179.718          -2.720e+00              13.270           2.478e+01     
  25.000          90.000           -2.377e+00          -1.422e+01             181.203          -2.670e+00              12.263           2.646e+01     
  26.000          90.000           -2.319e+00          -1.409e+01             182.616          -2.618e+00              11.244           2.854e+01     
  27.000          90.000           -2.259e+00          -1.396e+01             183.961          -2.563e+00              10.212           3.126e+01     
  28.000          90.000           -2.196e+00          -1.383e+01             185.238          -2.505e+00               9.171           3.522e+01     
  29.000          90.000           -2.132e+00          -1.371e+01             186.451          -2.445e+00               8.121           4.000e+01     
  30.000          90.000           -2.065e+00          -1.359e+01             187.602          -2.382e+00               7.064           4.000e+01     
  31.000          90.000           -1.996e+00          -1.347e+01             188.694          -2.316e+00               6.002           3.836e+01     
  32.000          90.000           -1.925e+00          -1.336e+01             189.730          -2.249e+00               4.936           3.331e+01     
  33.000          90.000           -1.852e+00          -1.325e+01             190.711          -2.178e+00               3.867           3.019e+01     
  34.000          90.000           -1.777e+00          -1.315e+01             191.641          -2.106e+00               2.798           2.795e+01     
  35.000          90.000           -1.700e+00          -1.305e+01             192.522          -2.031e+00               1.730           2.621e+01     
  36.000          90.000           -1.622e+00          -1.296e+01             193.357          -1.954e+00               0.664           2.480e+01     
  37.000          90.000           -1.543e+00          -1.288e+01             194.147          -1.875e+00             359.601           2.363e+01     
  38.000          90.000           -1.462e+00          -1.280e+01             194.896          -1.793e+00             358.544           2.263e+01     
  39.000          90.000           -1.380e+00          -1.273e+01             195.606          -1.710e+00             357.494           2.177e+01     
  40.000          90.000           -1.296e+00          -1.266e+01             196.278          -1.626e+00             356.452           2.102e+01     
  41.000          90.000           -1.212e+00          -1.261e+01             196.914          -1.539e+00             355.418           2.036e+01     
  42.000          90.000           -1.127e+00          -1.256e+01             197.516          -1.451e+00             354.395           1.978e+01     
  43.000          90.000           -1.041e+00          -1.252e+01             198.086          -1.362e+00             353.383           1.927e+01     
  44.000          90.000           -9.551e-01          -1.249e+01             198.626          -1.272e+00             352.385           1.882e+01     
  45.000          90.000           -8.684e-01          -1.246e+01             199.137          -1.180e+00             351.399           1.843e+01     
  46.000          90.000           -7.814e-01          -1.245e+01             199.620          -1.088e+00             350.429           1.808e+01     
  47.000          90.000           -6.943e-01          -1.244e+01             200.078          -9.947e-01             349.474           1.777e+01     
  48.000          90.000           -6.072e-01          -1.245e+01             200.510          -9.012e-01             348.536           1.750e+01     
  49.000          90.000           -5.201e-01          -1.246e+01             200.919          -8.072e-01             347.615           1.727e+01     
  50.000          90.000           -4.334e-01          -1.248e+01             201.306          -7.130e-01             346.712           1.708e+01     
  51.000          90.000           -3.470e-01          -1.252e+01             201.671          -6.188e-01             345.827           1.692e+01     
  52.000          90.000           -2.612e-01          -1.256e+01             202.016          -5.247e-01             344.962           1.678e+01     
  53.000          90.000           -1.759e-01          -1.262e+01             202.341          -4.309e-01             344.117           1.668e+01     
  54.000          90.000           -9.149e-02          -1.268e+01             202.647          -3.376e-01             343.292           1.660e+01     
  55.000          90.000           -7.936e-03          -1.276e+01             202.936          -2.449e-01             342.488           1.656e+01     
  56.000          90.000            7.461e-02          -1.285e+01             203.207          -1.529e-01             341.705           1.653e+01     
  57.000          90.000            1.560e-01          -1.295e+01             203.461          -6.187e-02             340.944           1.653e+01     
  58.000          90.000            2.362e-01          -1.306e+01             203.699           2.808e-02             340.205           1.656e+01     
  59.000          90.000            3.151e-01          -1.319e+01             203.922           1.168e-01             339.488           1.661e+01     
  60.000          90.000            3.925e-01          -1.333e+01             204.130           2.041e-01             338.793           1.669e+01     
  61.000          90.000            4.683e-01          -1.349e+01             204.323           2.900e-01             338.121           1.678e+01     
  62.000          90.000            5.425e-01          -1.366e+01             204.502           3.741e-01             337.471           1.690e+01     
  63.000          90.000            6.150e-01          -1.384e+01             204.666           4.565e-01             336.845           1.705e+01     
  64.000          90.000            6.856e-01          -1.405e+01             204.817           5.370e-01             336.242           1.722e+01     
  65.000          90.000            7.544e-01          -1.427e+01             204.954           6.155e-01             335.661           1.741e+01     
  66.000          90.000            8.211e-01          -1.451e+01             205.077           6.918e-01             335.104           1.763e+01     
  67.000          90.000            8.857e-01          -1.477e+01             205.186           7.659e-01             334.570           1.787e+01     
  68.000          90.000            9.482e-01          -1.505e+01             205.281           8.376e-01             334.060           1.814e+01     
  69.000          90.000            1.008e+00          -1.535e+01             205.361           9.069e-01             333.572           1.843e+01     
  70.000          90.000            1.066e+00          -1.568e+01             205.427           9.736e-01             333.108           1.876e+01     
  71.000          90.000            1.122e+00          -1.604e+01             205.476           1.038e+00             332.667           1.912e+01     
  72.000          90.000            1.175e+00          -1.643e+01             205.509           1.099e+00             332.249           1.950e+01     
  73.000          90.000            1.226e+00          -1.684e+01             205.524           1.157e+00             331.855           1.993e+01     
  74.000          90.000            1.274e+00          -1.730e+01             205.519           1.213e+00             331.483           2.039e+01     
  75.000          90.000            1.319e+00          -1.779e+01             205.493           1.266e+00             331.135           2.089e+01     
  76.000          90.000            1.362e+00          -1.833e+01             205.441           1.315e+00             330.810           2.144e+01     
  77.000          90.000            1.403e+00          -1.891e+01             205.360           1.362e+00             330.508           2.205e+01     
  78.000          90.000            1.440e+00          -1.956e+01             205.245           1.405e+00             330.229           2.272e+01     
  79.000          90.000            1.475e+00          -2.027e+01             205.089           1.446e+00             329.973           2.345e+01     
  80.000          90.000            1.507e+00          -2.106e+01             204.879           1.483e+00             329.740           2.427e+01     
  81.000          90.000            1.536e+00          -2.194e+01             204.601           1.516e+00             329.529           2.520e+01     
  82.000          90.000            1.562e+00          -2.294e+01             204.232           1.547e+00             329.342           2.624e+01     
  83.000          90.000            1.585e+00          -2.409e+01             203.733           1.574e+00             329.177           2.745e+01     
  84.000          90.000            1.606e+00          -2.543e+01             203.043           1.597e+00             329.035           2.887e+01     
  85.000          90.000            1.623e+00          -2.702e+01             202.046           1.617e+00             328.915           3.058e+01     
  86.000          90.000            1.638e+00          -2.899e+01             200.511           1.634e+00             328.819           3.273e+01     
  87.000          90.000            1.650e+00          -3.154e+01             197.890           1.648e+00             328.745           3.562e+01     
  88.000          90.000            1.658e+00          -3.514e+01             192.514           1.657e+00             328.693           3.999e+01     
  89.000          90.000            1.664e+00          -4.095e+01             176.368           1.664e+00             328.664           4.000e+01     
  90.000          90.000            1.667e+00          -4.603e+01              99.190           1.667e+00             328.658           4.000e+01     
  91.000          90.000            1.667e+00          -3.853e+01              51.665           1.666e+00             328.674           4.000e+01     
  92.000          90.000            1.663e+00          -3.370e+01              41.397           1.662e+00             328.713           3.577e+01     
  93.000          90.000            1.657e+00          -3.055e+01              37.317           1.655e+00             328.775           3.283e+01     
  94.000          90.000            1.648e+00          -2.824e+01              35.141           1.644e+00             328.859           3.065e+01     
  95.000          90.000            1.636e+00          -2.642e+01              33.785           1.629e+00             328.966           2.892e+01     
  96.000          90.000            1.621e+00          -2.493e+01              32.853           1.611e+00             329.095           2.748e+01     
  97.000          90.000            1.603e+00          -2.366e+01              32.166           1.590e+00             329.247           2.626e+01     
  98.000          90.000            1.582e+00          -2.257e+01              31.634           1.565e+00             329.422           2.521e+01     
  99.000          90.000            1.558e+00          -2.161e+01              31.203           1.537e+00             329.619           2.427e+01     
 100.000          90.000            1.532e+00          -2.076e+01              30.843           1.506e+00             329.839           2.344e+01     
 101.000          90.000            1.502e+00          -2.000e+01              30.533           1.471e+00             330.082           2.270e+01     
 102.000          90.000            1.470e+00          -1.931e+01              30.258           1.434e+00             330.348           2.202e+01     
 103.000          90.000            1.435e+00          -1.869e+01              30.009           1.393e+00             330.637           2.141e+01     
 104.000          90.000            1.398e+00          -1.812e+01              29.780           1.349e+00             330.948           2.085e+01     
 105.000          90.000            1.357e+00          -1.760e+01              29.564           1.302e+00             331.283           2.034e+01     
 106.000          90.000            1.314e+00          -1.712e+01              29.358           1.252e+00             331.640           1.987e+01     
 107.000          90.000            1.269e+00          -1.668e+01              29.159           1.199e+00             332.020           1.943e+01     
 108.000          90.000            1.221e+00          -1.627e+01              28.964           1.143e+00             332.424           1.904e+01     
 109.000          90.000            1.170e+00          -1.590e+01              28.771           1.084e+00             332.850           1.867e+01     
 110.000          90.000            1.117e+00          -1.555e+01              28.579           1.023e+00             333.299           1.834e+01     
 111.000          90.000            1.062e+00          -1.523e+01              28.385           9.588e-01             333.772           1.803e+01     
 112.000          90.000            1.004e+00          -1.493e+01              28.189           8.923e-01             334.267           1.775e+01     
 113.000          90.000            9.447e-01          -1.466e+01              27.989           8.235e-01             334.786           1.750e+01     
 114.000          90.000            8.828e-01          -1.440e+01              27.785           7.523e-01             335.327           1.727e+01     
 115.000          90.000            8.189e-01          -1.417e+01              27.576           6.789e-01             335.891           1.707e+01     
 116.000          90.000            7.529e-01          -1.395e+01              27.360           6.035e-01             336.478           1.689e+01     
 117.000          90.000            6.851e-01          -1.376e+01              27.136           5.260e-01             337.088           1.673e+01     
 118.000          90.000            6.154e-01          -1.358e+01              26.905           4.467e-01             337.721           1.659e+01     
 119.000          90.000            5.440e-01          -1.341e+01              26.665           3.657e-01             338.376           1.648e+01     
 120.000          90.000            4.710e-01          -1.326e+01              26.415           2.830e-01             339.054           1.639e+01     
 121.000          90.000            3.965e-01          -1.312e+01              26.154           1.989e-01             339.753           1.632e+01     
 122.000          90.000            3.205e-01          -1.300e+01              25.882           1.135e-01             340.475           1.627e+01     
 123.000          90.000            2.432e-01          -1.289e+01              25.599           2.690e-02             341.218           1.625e+01     
 124.000          90.000            1.647e-01          -1.279e+01              25.302          -6.075e-02             341.983           1.625e+01     
 125.000          90.000            8.508e-02          -1.271e+01              24.991          -1.493e-01             342.769           1.628e+01     
 126.000          90.000            4.465e-03          -1.264e+01              24.666          -2.385e-01             343.575           1.633e+01     
 127.000          90.000           -7.703e-02          -1.258e+01              24.324          -3.284e-01             344.402           1.641e+01     
 128.000          90.000           -1.593e-01          -1.253e+01              23.967          -4.187e-01             345.248           1.651e+01     
 129.000          90.000           -2.422e-01          -1.249e+01              23.591          -5.092e-01             346.114           1.664e+01     
 130.000          90.000           -3.255e-01          -1.246e+01              23.197          -5.998e-01             346.998           1.680e+01     
 131.000          90.000           -4.093e-01          -1.244e+01              22.782          -6.903e-01             347.900           1.699e+01     
 132.000          90.000           -4.933e-01          -1.243e+01              22.347          -7.807e-01             348.820           1.722e+01     
 133.000          90.000           -5.775e-01          -1.243e+01              21.889          -8.706e-01             349.756           1.748e+01     
 134.000          90.000           -6.616e-01          -1.244e+01              21.407          -9.600e-01             350.708           1.777e+01     
 135.000          90.000           -7.456e-01          -1.246e+01              20.899          -1.049e+00             351.675           1.811e+01     
 136.000          90.000           -8.294e-01          -1.249e+01              20.366          -1.136e+00             352.655           1.849e+01     
 137.000          90.000           -9.127e-01          -1.252e+01              19.803          -1.223e+00             353.649           1.893e+01     
 138.000          90.000           -9.954e-01          -1.257e+01              19.211          -1.309e+00             354.655           1.941e+01     
 139.000          90.000           -1.078e+00          -1.262e+01              18.587          -1.393e+00             355.671           1.996e+01     
 140.000          90.000           -1.159e+00          -1.268e+01              17.929          -1.476e+00             356.697           2.059e+01     
 141.000          90.000           -1.239e+00          -1.275e+01              17.235          -1.557e+00             357.731           2.129e+01     
 142.000          90.000           -1.318e+00          -1.283e+01              16.503          -1.637e+00             358.772           2.210e+01     
 143.000          90.000           -1.396e+00          -1.291e+01              15.731          -1.714e+00             359.820           2.303e+01     
 144.000          90.000           -1.473e+00          -1.300e+01              14.917          -1.790e+00               0.872           2.411e+01     
 145.000          90.000           -1.549e+00          -1.309e+01              14.057          -1.864e+00               1.927           2.538e+01     
 146.000          90.000           -1.622e+00          -1.320e+01              13.151          -1.936e+00               2.983           2.693e+01     
 147.000          90.000           -1.694e+00          -1.330e+01              12.194          -2.005e+00               4.040           2.887e+01     
 148.000          90.000           -1.765e+00          -1.342e+01              11.185          -2.072e+00               5.096           3.144e+01     
 149.000          90.000           -1.833e+00          -1.353e+01              10.119          -2.137e+00               6.149           3.519e+01     
 150.000          90.000           -1.900e+00          -1.366e+01               8.996          -2.200e+00               7.197           4.000e+01     
 151.000          90.000           -1.964e+00          -1.378e+01               7.811          -2.260e+00               8.240           4.000e+01     
 152.000          90.000           -2.027e+00          -1.391e+01               6.561          -2.317e+00               9.275           3.867e+01     
 153.000          90.000           -2.087e+00          -1.405e+01               5.244          -2.373e+00              10.302           3.334e+01     
 154.000          90.000           -2.145e+00          -1.418e+01               3.858          -2.425e+00              11.318           3.004e+01     
 155.000          90.000           -2.200e+00          -1.432e+01               2.399          -2.475e+00              12.323           2.765e+01     
 156.000          90.000           -2.253e+00          -1.445e+01               0.865          -2.523e+00              13.314           2.577e+01     
 157.000          90.000           -2.304e+00          -1.459e+01             359.255          -2.569e+00              14.291           2.424e+01     
 158.000          90.000           -2.352e+00          -1.472e+01             357.566          -2.611e+00              15.252           2.293e+01     
 159.000          90.000           -2.398e+00          -1.485e+01             355.798          -2.652e+00              16.195           2.181e+01     
 160.000          90.000           -2.441e+00          -1.498e+01             353.951          -2.690e+00              17.120           2.082e+01     
 161.000          90.000           -2.482e+00          -1.510e+01             352.025          -2.726e+00              18.025           1.994e+01     
 162.000          90.000           -2.520e+00          -1.521e+01             350.022          -2.760e+00              18.908           1.915e+01     
 163.000          90.000           -2.555e+00          -1.532e+01             347.944          -2.791e+00              19.769           1.844e+01     
 164.000          90.000           -2.588e+00          -1.542e+01             345.794          -2.821e+00              20.607           1.779e+01     
 165.000          90.000           -2.619e+00          -1.550e+01             343.579          -2.848e+00              21.421           1.719e+01     
 166.000          90.000           -2.647e+00          -1.558e+01             341.303          -2.874e+00              22.209           1.665e+01     
 167.000          90.000           -2.672e+00          -1.564e+01             338.974          -2.897e+00              22.970           1.615e+01     
 168.000          90.000           -2.695e+00          -1.569e+01             336.602          -2.919e+00              23.704           1.569e+01     
 169.000          90.000           -2.716e+00          -1.572e+01             334.195          -2.939e+00              24.410           1.526e+01     
 170.000          90.000           -2.734e+00          -1.574e+01             331.763          -2.957e+00              25.087           1.486e+01     
 171.000          90.000           -2.749e+00          -1.574e+01             329.319          -2.973e+00              25.734           1.450e+01     
 172.000          90.000           -2.763e+00          -1.572e+01             326.874          -2.988e+00              26.351           1.415e+01     
 173.000          90.000           -2.774e+00          -1.569e+01             324.438          -3.001e+00              26.936           1.383e+01     
 174.000          90.000           -2.782e+00          -1.564e+01             322.025          -3.013e+00              27.491           1.354e+01     
 175.000          90.000           -2.789e+00          -1.558e+01             319.643          -3.024e+00              28.012           1.326e+01     
 176.000          90.000           -2.793e+00          -1.550e+01             317.304          -3.032e+00              28.502           1.300e+01     
 177.000          90.000           -2.795e+00          -1.541e+01             315.017          -3.040e+00              28.958           1.275e+01     
 178.000          90.000           -2.795e+00          -1.530e+01             312.789          -3.046e+00              29.380           1.252e+01     
 179.000          90.000           -2.793e+00          -1.518e+01             310.628          -3.051e+00              29.769           1.231e+01     
 180.000          90.000           -2.789e+00          -1.505e+01             308.539          -3.054e+00              30.124           1.211e+01     
 179.000         270.000           -2.783e+00          -1.492e+01             126.526          -3.057e+00             210.444           1.192e+01     
 178.000         270.000           -2.774e+00          -1.477e+01             124.591          -3.058e+00             210.730           1.174e+01     
 177.000         270.000           -2.764e+00          -1.462e+01             122.738          -3.057e+00             210.981           1.157e+01     
 176.000         270.000           -2.752e+00          -1.446e+01             120.967          -3.055e+00             211.197           1.141e+01     
 175.000         270.000           -2.738e+00          -1.430e+01             119.279          -3.052e+00             211.378           1.125e+01     
 174.000         270.000           -2.722e+00          -1.413e+01             117.672          -3.048e+00             211.524           1.111e+01     
 173.000         270.000           -2.704e+00          -1.397e+01             116.145          -3.042e+00             211.636           1.097e+01     
 172.000         270.000           -2.685e+00          -1.380e+01             114.697          -3.035e+00             211.712           1.084e+01     
 171.000         270.000           -2.663e+00          -1.363e+01             113.325          -3.026e+00             211.754           1.072e+01     
 170.000         270.000           -2.640e+00          -1.346e+01             112.027          -3.015e+00             211.762           1.059e+01     
 169.000         270.000           -2.615e+00          -1.329e+01             110.800          -3.004e+00             211.736           1.048e+01     
 168.000         270.000           -2.588e+00          -1.312e+01             109.641          -2.990e+00             211.675           1.037e+01     
 167.000         270.000           -2.559e+00          -1.296e+01             108.548          -2.975e+00             211.582           1.026e+01     
 166.000         270.000           -2.529e+00          -1.280e+01             107.517          -2.958e+00             211.455           1.016e+01     
 165.000         270.000           -2.497e+00          -1.264e+01             106.546          -2.939e+00             211.296           1.006e+01     
 164.000         270.000           -2.462e+00          -1.248e+01             105.632          -2.918e+00             211.105           9.962e+00     
 163.000         270.000           -2.426e+00          -1.233e+01             104.771          -2.895e+00             210.883           9.869e+00     
 162.000         270.000           -2.389e+00          -1.218e+01             103.961          -2.870e+00             210.630           9.780e+00     
 161.000         270.000           -2.349e+00          -1.204e+01             103.199          -2.842e+00             210.348           9.694e+00     
 160.000         270.000           -2.308e+00          -1.190e+01             102.484          -2.813e+00             210.037           9.611e+00     
 159.000         270.000           -2.265e+00          -1.177e+01             101.811          -2.781e+00             209.698           9.532e+00     
 158.000         270.000           -2.220e+00          -1.164e+01             101.180          -2.747e+00             209.332           9.456e+00     
 157.000         270.000           -2.173e+00          -1.151e+01             100.587          -2.710e+00             208.941           9.384e+00     
 156.000         270.000           -2.124e+00          -1.139e+01             100.031          -2.671e+00             208.525           9.316e+00     
 155.000         270.000           -2.074e+00          -1.128e+01              99.509          -2.629e+00             208.085           9.251e+00     
 154.000         270.000           -2.022e+00          -1.117e+01              99.020          -2.585e+00             207.624           9.192e+00     
 153.000         270.000           -1.968e+00          -1.107e+01              98.562          -2.538e+00             207.142           9.137e+00     
 152.000         270.000           -1.912e+00          -1.097e+01              98.133          -2.488e+00             206.640           9.087e+00     
 151.000         270.000           -1.855e+00          -1.088e+01              97.732          -2.435e+00             206.121           9.042e+00     
 150.000         270.000           -1.795e+00          -1.080e+01              97.356          -2.380e+00             205.585           9.003e+00     
 149.000         270.000           -1.735e+00          -1.072e+01              97.005          -2.322e+00             205.035           8.970e+00     
 148.000         270.000           -1.672e+00          -1.064e+01              96.678          -2.261e+00             204.471           8.943e+00     
 147.000         270.000           -1.608e+00          -1.058e+01              96.372          -2.197e+00             203.895           8.923e+00     
 146.000         270.000           -1.543e+00          -1.052e+01              96.087          -2.131e+00             203.308           8.909e+00     
 145.000         270.000           -1.476e+00          -1.046e+01              95.821          -2.062e+00             202.713           8.904e+00     
 144.000         270.000           -1.407e+00          -1.041e+01              95.573          -1.991e+00             202.111           8.905e+00     
 143.000         270.000           -1.338e+00          -1.037e+01              95.343          -1.917e+00             201.504           8.915e+00     
 142.000         270.000           -1.267e+00          -1.034e+01              95.130          -1.841e+00             200.892           8.933e+00     
 141.000         270.000           -1.194e+00          -1.031e+01              94.932          -1.762e+00             200.278           8.960e+00     
 140.000         270.000           -1.121e+00          -1.029e+01              94.748          -1.682e+00             199.662           8.995e+00     
 139.000         270.000           -1.047e+00          -1.027e+01              94.578          -1.599e+00             199.046           9.039e+00     
 138.000         270.000           -9.712e-01          -1.027e+01              94.421          -1.514e+00             198.432           9.093e+00     
 137.000         270.000           -8.950e-01          -1.027e+01              94.277          -1.428e+00             197.821           9.156e+00     
 136.000         270.000           -8.181e-01          -1.028e+01              94.144          -1.340e+00             197.214           9.229e+00     
 135.000         270.000           -7.405e-01          -1.029e+01              94.022          -1.251e+00             196.612           9.311e+00     
 134.000         270.000           -6.624e-01          -1.032e+01              93.909          -1.160e+00             196.016           9.403e+00     
 133.000         270.000           -5.839e-01          -1.035e+01              93.807          -1.069e+00             195.427           9.506e+00     
 132.000         270.000           -5.051e-01          -1.039e+01              93.714          -9.760e-01             194.847           9.618e+00     
 131.000         270.000           -4.262e-01          -1.044e+01              93.629          -8.827e-01             194.276           9.741e+00     
 130.000         270.000           -3.471e-01          -1.049e+01              93.552          -7.888e-01             193.715           9.873e+00     
 129.000         270.000           -2.681e-01          -1.056e+01              93.482          -6.946e-01             193.165           1.002e+01     
 128.000         270.000           -1.893e-01          -1.063e+01              93.419          -6.003e-01             192.626           1.017e+01     
 127.000         270.000           -1.109e-01          -1.072e+01              93.363          -5.059e-01             192.099           1.033e+01     
 126.000         270.000           -3.280e-02          -1.081e+01              93.313          -4.118e-01             191.584           1.051e+01     
 125.000         270.000            4.470e-02          -1.092e+01              93.269          -3.181e-01             191.083           1.070e+01     
 124.000         270.000            1.215e-01          -1.103e+01              93.230          -2.249e-01             190.595           1.089e+01     
 123.000         270.000            1.976e-01          -1.116e+01              93.196          -1.325e-01             190.120           1.110e+01     
 122.000         270.000            2.727e-01          -1.130e+01              93.167          -4.110e-02             189.660           1.132e+01     
 121.000         270.000            3.467e-01          -1.144e+01              93.142           4.925e-02             189.214           1.155e+01     
 120.000         270.000            4.196e-01          -1.161e+01              93.121           1.383e-01             188.782           1.179e+01     
 119.000         270.000            4.913e-01          -1.178e+01              93.104           2.259e-01             188.365           1.205e+01     
 118.000         270.000            5.615e-01          -1.197e+01              93.090           3.120e-01             187.962           1.232e+01     
 117.000         270.000            6.303e-01          -1.217e+01              93.080           3.963e-01             187.575           1.260e+01     
 116.000         270.000            6.974e-01          -1.239e+01              93.072           4.787e-01             187.202           1.289e+01     
 115.000         270.000            7.629e-01          -1.262e+01              93.067           5.590e-01             186.844           1.320e+01     
 114.000         270.000            8.265e-01          -1.287e+01              93.065           6.372e-01             186.501           1.353e+01     
 113.000         270.000            8.883e-01          -1.314e+01              93.065           7.131e-01             186.173           1.387e+01     
 112.000         270.000            9.480e-01          -1.343e+01              93.068           7.866e-01             185.860           1.423e+01     
 111.000         270.000            1.006e+00          -1.374e+01              93.072           8.575e-01             185.561           1.461e+01     
 110.000         270.000            1.061e+00          -1.407e+01              93.079           9.258e-01             185.277           1.500e+01     
 109.000         270.000            1.114e+00          -1.443e+01              93.088           9.914e-01             185.008           1.542e+01     
 108.000         270.000            1.165e+00          -1.481e+01              93.099           1.054e+00             184.753           1.587e+01     
 107.000         270.000            1.214e+00          -1.522e+01              93.111           1.114e+00             184.512           1.634e+01     
 106.000         270.000            1.260e+00          -1.566e+01              93.126           1.170e+00             184.286           1.683e+01     
 105.000         270.000            1.303e+00          -1.614e+01              93.143           1.224e+00             184.074           1.737e+01     
 104.000         270.000            1.344e+00          -1.666e+01              93.162           1.274e+00             183.875           1.793e+01     
 103.000         270.000            1.382e+00          -1.722e+01              93.184           1.322e+00             183.691           1.854e+01     
 102.000         270.000            1.417e+00          -1.783e+01              93.209           1.365e+00             183.520           1.920e+01     
 101.000         270.000            1.450e+00          -1.850e+01              93.238           1.406e+00             183.364           1.991e+01     
 100.000         270.000            1.480e+00          -1.924e+01              93.272           1.443e+00             183.220           2.068e+01     
  99.000         270.000            1.507e+00          -2.006e+01              93.312           1.476e+00             183.090           2.154e+01     
  98.000         270.000            1.531e+00          -2.098e+01              93.361           1.506e+00             182.974           2.249e+01     
  97.000         270.000            1.552e+00          -2.202e+01              93.421           1.533e+00             182.871           2.355e+01     
  96.000         270.000            1.570e+00          -2.321e+01              93.498           1.555e+00             182.781           2.477e+01     
  95.000         270.000            1.585e+00          -2.461e+01              93.602           1.574e+00             182.704           2.618e+01     
  94.000         270.000            1.597e+00          -2.628e+01              93.749           1.590e+00             182.641           2.787e+01     
  93.000         270.000            1.606e+00          -2.837e+01              93.976           1.602e+00             182.590           2.998e+01     
  92.000         270.000            1.612e+00          -3.115e+01              94.373           1.610e+00             182.553           3.277e+01     
  91.000         270.000            1.615e+00          -3.527e+01              95.252           1.614e+00             182.528           3.689e+01     
  90.000         270.000            1.615e+00          -4.338e+01              98.852           1.614e+00             182.517           4.000e+01     
  89.000         270.000            1.611e+00          -4.839e+01             262.363           1.611e+00             182.518           4.000e+01     
  88.000         270.000            1.605e+00          -3.693e+01             270.116           1.604e+00             182.533           3.855e+01     
  87.000         270.000            1.595e+00          -3.215e+01             271.304           1.594e+00             182.561           3.375e+01     
  86.000         270.000            1.583e+00          -2.910e+01             271.782           1.579e+00             182.601           3.068e+01     
  85.000         270.000            1.567e+00          -2.685e+01             272.040           1.561e+00             182.655           2.841e+01     
  84.000         270.000            1.549e+00          -2.508e+01             272.200           1.539e+00             182.722           2.662e+01     
  83.000         270.000            1.527e+00          -2.362e+01             272.308           1.514e+00             182.802           2.513e+01     
  82.000         270.000            1.503e+00          -2.238e+01             272.385           1.485e+00             182.896           2.386e+01     
  81.000         270.000            1.475e+00          -2.131e+01             272.443           1.452e+00             183.003           2.276e+01     
  80.000         270.000            1.445e+00          -2.036e+01             272.487           1.416e+00             183.123           2.178e+01     
  79.000         270.000            1.411e+00          -1.952e+01             272.521           1.376e+00             183.257           2.090e+01     
  78.000         270.000            1.375e+00          -1.877e+01             272.549           1.333e+00             183.405           2.010e+01     
  77.000         270.000            1.336e+00          -1.808e+01             272.572           1.286e+00             183.566           1.937e+01     
  76.000         270.000            1.295e+00          -1.746e+01             272.591           1.236e+00             183.741           1.870e+01     
  75.000         270.000            1.250e+00          -1.689e+01             272.607           1.183e+00             183.931           1.807e+01     
  74.000         270.000            1.203e+00          -1.636e+01             272.620           1.127e+00             184.135           1.749e+01     
  73.000         270.000            1.154e+00          -1.588e+01             272.633           1.067e+00             184.353           1.695e+01     
  72.000         270.000            1.102e+00          -1.543e+01             272.644           1.004e+00             184.585           1.644e+01     
  71.000         270.000            1.047e+00          -1.502e+01             272.655           9.384e-01             184.832           1.596e+01     
  70.000         270.000            9.904e-01          -1.463e+01             272.665           8.698e-01             185.094           1.551e+01     
  69.000         270.000            9.313e-01          -1.428e+01             272.676           7.984e-01             185.370           1.508e+01     
  68.000         270.000            8.701e-01          -1.394e+01             272.687           7.243e-01             185.661           1.468e+01     
  67.000         270.000            8.067e-01          -1.363e+01             272.700           6.476e-01             185.968           1.430e+01     
  66.000         270.000            7.413e-01          -1.334e+01             272.713           5.684e-01             186.289           1.393e+01     
  65.000         270.000            6.741e-01          -1.307e+01             272.728           4.869e-01             186.626           1.358e+01     
  64.000         270.000            6.050e-01          -1.282e+01             272.744           4.032e-01             186.978           1.325e+01     
  63.000         270.000            5.342e-01          -1.259e+01             272.763           3.174e-01             187.345           1.294e+01     
  62.000         270.000            4.618e-01          -1.237e+01             272.784           2.296e-01             187.728           1.264e+01     
  61.000         270.000            3.879e-01          -1.217e+01             272.808           1.401e-01             188.126           1.235e+01     
  60.000         270.000            3.127e-01          -1.198e+01             272.834           4.889e-02             188.539           1.208e+01     
  59.000         270.000            2.362e-01          -1.181e+01             272.865          -4.377e-02             188.967           1.182e+01     
  58.000         270.000            1.585e-01          -1.165e+01             272.899          -1.377e-01             189.410           1.158e+01     
  57.000         270.000            7.986e-02          -1.150e+01             272.936          -2.329e-01             189.868           1.134e+01     
  56.000         270.000            2.878e-04          -1.137e+01             272.979          -3.290e-01             190.341           1.112e+01     
  55.000         270.000           -8.006e-02          -1.124e+01             273.026          -4.259e-01             190.828           1.091e+01     
  54.000         270.000           -1.611e-01          -1.113e+01             273.079          -5.234e-01             191.329           1.071e+01     
  53.000         270.000           -2.426e-01          -1.103e+01             273.137          -6.213e-01             191.844           1.052e+01     
  52.000         270.000           -3.245e-01          -1.093e+01             273.201          -7.195e-01             192.372           1.035e+01     
  51.000         270.000           -4.067e-01          -1.085e+01             273.272          -8.177e-01             192.912           1.018e+01     
  50.000         270.000           -4.890e-01          -1.078e+01             273.349          -9.157e-01             193.465           1.003e+01     
  49.000         270.000           -5.714e-01          -1.071e+01             273.435          -1.013e+00             194.029           9.885e+00     
  48.000         270.000           -6.536e-01          -1.066e+01             273.528          -1.111e+00             194.604           9.751e+00     
  47.000         270.000           -7.356e-01          -1.061e+01             273.630          -1.207e+00             195.189           9.629e+00     
  46.000         270.000           -8.172e-01          -1.058e+01             273.741          -1.303e+00             195.783           9.516e+00     
  45.000         270.000           -8.984e-01          -1.055e+01             273.862          -1.397e+00             196.385           9.414e+00     
  44.000         270.000           -9.789e-01          -1.052e+01             273.993          -1.490e+00             196.994           9.322e+00     
  43.000         270.000           -1.059e+00          -1.051e+01             274.136          -1.582e+00             197.609           9.240e+00     
  42.000         270.000           -1.138e+00          -1.051e+01             274.290          -1.672e+00             198.229           9.168e+00     
  41.000         270.000           -1.216e+00          -1.051e+01             274.456          -1.760e+00             198.853           9.106e+00     
  40.000         270.000           -1.293e+00          -1.052e+01             274.636          -1.846e+00             199.478           9.053e+00     
  39.000         270.000           -1.369e+00          -1.053e+01             274.830          -1.930e+00             200.105           9.009e+00     
  38.000         270.000           -1.444e+00          -1.056e+01             275.039          -2.012e+00             200.730           8.975e+00     
  37.000         270.000           -1.517e+00          -1.059e+01             275.264          -2.092e+00             201.354           8.949e+00     
  36.000         270.000           -1.589e+00          -1.062e+01             275.506          -2.169e+00             201.975           8.932e+00     
  35.000         270.000           -1.660e+00          -1.067e+01             275.765          -2.243e+00             202.590           8.923e+00     
  34.000         270.000           -1.729e+00          -1.072e+01             276.043          -2.315e+00             203.199           8.921e+00     
  33.000         270.000           -1.797e+00          -1.077e+01             276.341          -2.384e+00             203.799           8.928e+00     
  32.000         270.000           -1.862e+00          -1.084e+01             276.660          -2.451e+00             204.390           8.941e+00     
  31.000         270.000           -1.927e+00          -1.090e+01             277.002          -2.514e+00             204.969           8.961e+00     
  30.000         270.000           -1.989e+00          -1.098e+01             277.367          -2.575e+00             205.534           8.988e+00     
  29.000         270.000           -2.050e+00          -1.106e+01             277.757          -2.633e+00             206.085           9.021e+00     
  28.000         270.000           -2.109e+00          -1.115e+01             278.173          -2.687e+00             206.620           9.060e+00     
  27.000         270.000           -2.166e+00          -1.124e+01             278.618          -2.739e+00             207.136           9.104e+00     
  26.000         270.000           -2.221e+00          -1.134e+01             279.092          -2.789e+00             207.634           9.153e+00     
  25.000         270.000           -2.274e+00          -1.144e+01             279.598          -2.835e+00             208.110           9.206e+00     
  24.000         270.000           -2.326e+00          -1.155e+01             280.137          -2.879e+00             208.564           9.264e+00     
  23.000         270.000           -2.376e+00          -1.167e+01             280.711          -2.920e+00             208.995           9.326e+00     
  22.000         270.000           -2.423e+00          -1.179e+01             281.321          -2.958e+00             209.401           9.392e+00     
  21.000         270.000           -2.469e+00          -1.191e+01             281.971          -2.993e+00             209.780           9.462e+00     
  20.000         270.000           -2.513e+00          -1.204e+01             282.663          -3.026e+00             210.133           9.535e+00     
  19.000         270.000           -2.555e+00          -1.218e+01             283.398          -3.057e+00             210.457           9.611e+00     
  18.000         270.000           -2.595e+00          -1.231e+01             284.179          -3.085e+00             210.751           9.691e+00     
  17.000         270.000           -2.634e+00          -1.246e+01             285.008          -3.111e+00             211.016           9.773e+00     
  16.000         270.000           -2.670e+00          -1.260e+01             285.889          -3.135e+00             211.249           9.859e+00     
  15.000         270.000           -2.705e+00          -1.275e+01             286.823          -3.157e+00             211.450           9.948e+00     
  14.000         270.000           -2.737e+00          -1.290e+01             287.813          -3.177e+00             211.619           1.004e+01     
  13.000         270.000           -2.768e+00          -1.306e+01             288.863          -3.194e+00             211.755           1.014e+01     
  12.000         270.000           -2.797e+00          -1.322e+01             289.975          -3.210e+00             211.857           1.024e+01     
  11.000         270.000           -2.824e+00          -1.338e+01             291.151          -3.224e+00             211.925           1.034e+01     
  10.000         270.000           -2.849e+00          -1.354e+01             292.394          -3.236e+00             211.958           1.045e+01     
   9.000         270.000           -2.872e+00          -1.370e+01             293.707          -3.247e+00             211.956           1.056e+01     
   8.000         270.000           -2.894e+00          -1.386e+01             295.092          -3.256e+00             211.919           1.068e+01     
   7.000         270.000           -2.913e+00          -1.402e+01             296.552          -3.264e+00             211.846           1.080e+01     
   6.000         270.000           -2.931e+00          -1.418e+01             298.087          -3.270e+00             211.738           1.093e+01     
   5.000         270.000           -2.947e+00          -1.433e+01             299.699          -3.274e+00             211.594           1.107e+01     
   4.000         270.000           -2.960e+00          -1.449e+01             301.390          -3.277e+00             211.414           1.121e+01     
   3.000         270.000           -2.972e+00          -1.463e+01             303.158          -3.279e+00             211.199           1.136e+01     
   2.000         270.000           -2.982e+00          -1.477e+01             305.004          -3.280e+00             210.947           1.152e+01     
   1.000         270.000           -2.990e+00          -1.491e+01             306.926          -3.279e+00             210.660           1.169e+01     
