Theta [deg.]  Phi   [deg.]  Abs(Grlz)[dBi   ]   Abs(Theta)[dBi   ]  Phase(Theta)[deg.]  Abs(Phi  )[dBi   ]  Phase(Phi  )[deg.]  Ax.Ratio[dB    ]    
------------------------------------------------------------------------------------------------------------------------------------------------------
  90.000           0.000            3.708e+00          -1.576e+01             203.912           3.659e+00             122.263           1.952e+01     
  90.000           1.000            3.806e+00          -1.602e+01             201.256           3.761e+00             122.056           1.994e+01     
  90.000           2.000            3.887e+00          -1.628e+01             198.421           3.845e+00             121.832           2.037e+01     
  90.000           3.000            3.952e+00          -1.654e+01             195.397           3.913e+00             121.592           2.081e+01     
  90.000           4.000            4.000e+00          -1.679e+01             192.175           3.963e+00             121.337           2.126e+01     
  90.000           5.000            4.032e+00          -1.703e+01             188.748           3.998e+00             121.068           2.172e+01     
  90.000           6.000            4.048e+00          -1.726e+01             185.113           4.015e+00             120.785           2.219e+01     
  90.000           7.000            4.048e+00          -1.748e+01             181.273           4.017e+00             120.489           2.269e+01     
  90.000           8.000            4.033e+00          -1.766e+01             177.236           4.003e+00             120.181           2.321e+01     
  90.000           9.000            4.002e+00          -1.782e+01             173.021           3.974e+00             119.861           2.375e+01     
  90.000          10.000            3.956e+00          -1.794e+01             168.650           3.928e+00             119.529           2.433e+01     
  90.000          11.000            3.895e+00          -1.803e+01             164.156           3.867e+00             119.185           2.494e+01     
  90.000          12.000            3.818e+00          -1.807e+01             159.580           3.790e+00             118.830           2.560e+01     
  90.000          13.000            3.726e+00          -1.807e+01             154.965           3.697e+00             118.463           2.632e+01     
  90.000          14.000            3.618e+00          -1.803e+01             150.359           3.588e+00             118.083           2.711e+01     
  90.000          15.000            3.494e+00          -1.794e+01             145.807           3.463e+00             117.691           2.799e+01     
  90.000          16.000            3.355e+00          -1.781e+01             141.353           3.322e+00             117.285           2.898e+01     
  90.000          17.000            3.200e+00          -1.765e+01             137.032           3.164e+00             116.866           3.012e+01     
  90.000          18.000            3.028e+00          -1.745e+01             132.874           2.989e+00             116.432           3.147e+01     
  90.000          19.000            2.840e+00          -1.722e+01             128.899           2.797e+00             115.982           3.311e+01     
  90.000          20.000            2.634e+00          -1.697e+01             125.120           2.587e+00             115.515           3.521e+01     
  90.000          21.000            2.412e+00          -1.671e+01             121.544           2.358e+00             115.029           3.807e+01     
  90.000          22.000            2.172e+00          -1.643e+01             118.170           2.111e+00             114.521           4.000e+01     
  90.000          23.000            1.914e+00          -1.614e+01             114.995           1.845e+00             113.991           4.000e+01     
  90.000          24.000            1.637e+00          -1.585e+01             112.010           1.558e+00             113.435           4.000e+01     
  90.000          25.000            1.341e+00          -1.555e+01             109.205           1.251e+00             112.849           4.000e+01     
  90.000          26.000            1.025e+00          -1.526e+01             106.571           9.217e-01             112.231           3.651e+01     
  90.000          27.000            6.892e-01          -1.497e+01             104.094           5.695e-01             111.574           3.348e+01     
  90.000          28.000            3.325e-01          -1.468e+01             101.764           1.933e-01             110.875           3.115e+01     
  90.000          29.000           -4.572e-02          -1.439e+01              99.569          -2.083e-01             110.127           2.924e+01     
  90.000          30.000           -4.460e-01          -1.412e+01              97.498          -6.367e-01             109.321           2.762e+01     
  90.000          31.000           -8.690e-01          -1.385e+01              95.540          -1.093e+00             108.448           2.620e+01     
  90.000          32.000           -1.315e+00          -1.358e+01              93.688          -1.581e+00             107.498           2.495e+01     
  90.000          33.000           -1.784e+00          -1.333e+01              91.930          -2.100e+00             106.455           2.384e+01     
  90.000          34.000           -2.277e+00          -1.308e+01              90.261          -2.655e+00             105.303           2.285e+01     
  90.000          35.000           -2.793e+00          -1.284e+01              88.672          -3.246e+00             104.021           2.199e+01     
  90.000          36.000           -3.332e+00          -1.260e+01              87.158          -3.878e+00             102.580           2.126e+01     
  90.000          37.000           -3.890e+00          -1.238e+01              85.711          -4.554e+00             100.948           2.068e+01     
  90.000          38.000           -4.467e+00          -1.216e+01              84.327          -5.276e+00              99.080           2.030e+01     
  90.000          39.000           -5.056e+00          -1.195e+01              83.002          -6.050e+00              96.918           2.018e+01     
  90.000          40.000           -5.651e+00          -1.175e+01              81.730          -6.876e+00              94.390           2.043e+01     
  90.000          41.000           -6.243e+00          -1.155e+01              80.508          -7.760e+00              91.395           2.123e+01     
  90.000          42.000           -6.819e+00          -1.136e+01              79.333          -8.700e+00              87.808           2.301e+01     
  90.000          43.000           -7.362e+00          -1.118e+01              78.202          -9.692e+00              83.460           2.689e+01     
  90.000          44.000           -7.851e+00          -1.100e+01              77.112          -1.073e+01              78.136           4.000e+01     
  90.000          45.000           -8.266e+00          -1.083e+01              76.060          -1.177e+01              71.586           2.822e+01     
  90.000          46.000           -8.587e+00          -1.067e+01              75.045          -1.278e+01              63.559           2.021e+01     
  90.000          47.000           -8.799e+00          -1.051e+01              74.064          -1.367e+01              53.913           1.560e+01     
  90.000          48.000           -8.894e+00          -1.036e+01              73.116          -1.432e+01              42.799           1.234e+01     
  90.000          49.000           -8.878e+00          -1.021e+01              72.200          -1.465e+01              30.826           9.849e+00     
  90.000          50.000           -8.763e+00          -1.007e+01              71.314          -1.461e+01              18.961           7.870e+00     
  90.000          51.000           -8.570e+00          -9.936e+00              70.456          -1.426e+01               8.125           6.267e+00     
  90.000          52.000           -8.319e+00          -9.806e+00              69.627          -1.370e+01             358.830           4.952e+00     
  90.000          53.000           -8.031e+00          -9.680e+00              68.824          -1.304e+01             351.151           3.872e+00     
  90.000          54.000           -7.725e+00          -9.558e+00              68.048          -1.235e+01             344.913           2.990e+00     
  90.000          55.000           -7.413e+00          -9.442e+00              67.297          -1.169e+01             339.858           2.286e+00     
  90.000          56.000           -7.107e+00          -9.329e+00              66.571          -1.108e+01             335.741           1.755e+00     
  90.000          57.000           -6.814e+00          -9.221e+00              65.869          -1.052e+01             332.358           1.408e+00     
  90.000          58.000           -6.539e+00          -9.118e+00              65.191          -1.003e+01             329.548           1.252e+00     
  90.000          59.000           -6.287e+00          -9.018e+00              64.536          -9.595e+00             327.191           1.258e+00     
  90.000          60.000           -6.058e+00          -8.922e+00              63.904          -9.220e+00             325.193           1.359e+00     
  90.000          61.000           -5.855e+00          -8.830e+00              63.295          -8.900e+00             323.484           1.496e+00     
  90.000          62.000           -5.677e+00          -8.742e+00              62.708          -8.634e+00             322.010           1.635e+00     
  90.000          63.000           -5.526e+00          -8.658e+00              62.143          -8.419e+00             320.729           1.759e+00     
  90.000          64.000           -5.401e+00          -8.577e+00              61.600          -8.252e+00             319.608           1.861e+00     
  90.000          65.000           -5.301e+00          -8.500e+00              61.079          -8.131e+00             318.621           1.940e+00     
  90.000          66.000           -5.227e+00          -8.426e+00              60.579          -8.057e+00             317.748           1.997e+00     
  90.000          67.000           -5.177e+00          -8.356e+00              60.100          -8.025e+00             316.971           2.036e+00     
  90.000          68.000           -5.151e+00          -8.289e+00              59.643          -8.038e+00             316.276           2.061e+00     
  90.000          69.000           -5.148e+00          -8.225e+00              59.207          -8.093e+00             315.654           2.078e+00     
  90.000          70.000           -5.168e+00          -8.165e+00              58.791          -8.192e+00             315.093           2.097e+00     
  90.000          71.000           -5.210e+00          -8.108e+00              58.396          -8.335e+00             314.586           2.127e+00     
  90.000          72.000           -5.272e+00          -8.054e+00              58.022          -8.523e+00             314.127           2.179e+00     
  90.000          73.000           -5.354e+00          -8.003e+00              57.668          -8.758e+00             313.709           2.269e+00     
  90.000          74.000           -5.454e+00          -7.956e+00              57.335          -9.042e+00             313.328           2.409e+00     
  90.000          75.000           -5.572e+00          -7.911e+00              57.023          -9.378e+00             312.979           2.612e+00     
  90.000          76.000           -5.706e+00          -7.869e+00              56.731          -9.770e+00             312.657           2.886e+00     
  90.000          77.000           -5.854e+00          -7.831e+00              56.459          -1.022e+01             312.360           3.241e+00     
  90.000          78.000           -6.014e+00          -7.795e+00              56.207          -1.074e+01             312.082           3.681e+00     
  90.000          79.000           -6.183e+00          -7.763e+00              55.976          -1.134e+01             311.820           4.214e+00     
  90.000          80.000           -6.358e+00          -7.733e+00              55.764          -1.202e+01             311.570           4.849e+00     
  90.000          81.000           -6.537e+00          -7.706e+00              55.573          -1.281e+01             311.326           5.598e+00     
  90.000          82.000           -6.716e+00          -7.683e+00              55.402          -1.372e+01             311.081           6.478e+00     
  90.000          83.000           -6.890e+00          -7.662e+00              55.251          -1.477e+01             310.825           7.517e+00     
  90.000          84.000           -7.055e+00          -7.644e+00              55.120          -1.602e+01             310.542           8.755e+00     
  90.000          85.000           -7.205e+00          -7.629e+00              55.009          -1.753e+01             310.204           1.026e+01     
  90.000          86.000           -7.337e+00          -7.616e+00              54.918          -1.940e+01             309.756           1.213e+01     
  90.000          87.000           -7.446e+00          -7.607e+00              54.847          -2.184e+01             309.074           1.459e+01     
  90.000          88.000           -7.527e+00          -7.601e+00              54.796          -2.529e+01             307.784           1.809e+01     
  90.000          89.000           -7.578e+00          -7.597e+00              54.765          -3.117e+01             304.068           2.416e+01     
  90.000          90.000           -7.596e+00          -7.596e+00              54.754          -4.883e+01             227.908           4.000e+01     
  90.000          91.000           -7.580e+00          -7.598e+00              54.763          -3.143e+01             139.247           2.387e+01     
  90.000          92.000           -7.532e+00          -7.603e+00              54.792          -2.542e+01             135.409           1.794e+01     
  90.000          93.000           -7.453e+00          -7.611e+00              54.841          -2.192e+01             134.163           1.447e+01     
  90.000          94.000           -7.346e+00          -7.622e+00              54.910          -1.946e+01             133.577           1.203e+01     
  90.000          95.000           -7.215e+00          -7.635e+00              54.998          -1.757e+01             133.264           1.016e+01     
  90.000          96.000           -7.066e+00          -7.652e+00              55.107          -1.605e+01             133.095           8.658e+00     
  90.000          97.000           -6.902e+00          -7.671e+00              55.237          -1.480e+01             133.017           7.418e+00     
  90.000          98.000           -6.728e+00          -7.693e+00              55.386          -1.373e+01             133.002           6.374e+00     
  90.000          99.000           -6.549e+00          -7.718e+00              55.555          -1.282e+01             133.037           5.488e+00     
  90.000         100.000           -6.370e+00          -7.746e+00              55.745          -1.203e+01             133.114           4.732e+00     
  90.000         101.000           -6.194e+00          -7.777e+00              55.955          -1.134e+01             133.227           4.089e+00     
  90.000         102.000           -6.024e+00          -7.811e+00              56.186          -1.074e+01             133.375           3.547e+00     
  90.000         103.000           -5.863e+00          -7.848e+00              56.436          -1.022e+01             133.557           3.098e+00     
  90.000         104.000           -5.714e+00          -7.888e+00              56.708          -9.763e+00             133.773           2.736e+00     
  90.000         105.000           -5.579e+00          -7.930e+00              57.000          -9.367e+00             134.024           2.457e+00     
  90.000         106.000           -5.460e+00          -7.976e+00              57.312          -9.028e+00             134.312           2.253e+00     
  90.000         107.000           -5.358e+00          -8.025e+00              57.645          -8.741e+00             134.640           2.116e+00     
  90.000         108.000           -5.275e+00          -8.077e+00              57.999          -8.503e+00             135.011           2.032e+00     
  90.000         109.000           -5.211e+00          -8.132e+00              58.374          -8.312e+00             135.428           1.988e+00     
  90.000         110.000           -5.168e+00          -8.191e+00              58.770          -8.166e+00             135.898           1.968e+00     
  90.000         111.000           -5.147e+00          -8.252e+00              59.187          -8.064e+00             136.425           1.960e+00     
  90.000         112.000           -5.148e+00          -8.317e+00              59.626          -8.005e+00             137.019           1.952e+00     
  90.000         113.000           -5.172e+00          -8.385e+00              60.085          -7.989e+00             137.687           1.936e+00     
  90.000         114.000           -5.221e+00          -8.456e+00              60.566          -8.017e+00             138.440           1.904e+00     
  90.000         115.000           -5.293e+00          -8.531e+00              61.069          -8.088e+00             139.291           1.853e+00     
  90.000         116.000           -5.392e+00          -8.609e+00              61.594          -8.204e+00             140.259           1.777e+00     
  90.000         117.000           -5.515e+00          -8.691e+00              62.141          -8.366e+00             141.362           1.676e+00     
  90.000         118.000           -5.665e+00          -8.776e+00              62.710          -8.577e+00             142.627           1.550e+00     
  90.000         119.000           -5.841e+00          -8.865e+00              63.301          -8.837e+00             144.085           1.403e+00     
  90.000         120.000           -6.043e+00          -8.958e+00              63.915          -9.150e+00             145.779           1.253e+00     
  90.000         121.000           -6.270e+00          -9.055e+00              64.553          -9.519e+00             147.761           1.132e+00     
  90.000         122.000           -6.522e+00          -9.155e+00              65.213          -9.945e+00             150.101           1.108e+00     
  90.000         123.000           -6.795e+00          -9.260e+00              65.898          -1.043e+01             152.889           1.257e+00     
  90.000         124.000           -7.088e+00          -9.368e+00              66.606          -1.098e+01             156.244           1.608e+00     
  90.000         125.000           -7.393e+00          -9.481e+00              67.340          -1.158e+01             160.321           2.144e+00     
  90.000         126.000           -7.705e+00          -9.598e+00              68.098          -1.222e+01             165.317           2.851e+00     
  90.000         127.000           -8.012e+00          -9.720e+00              68.883          -1.289e+01             171.466           3.730e+00     
  90.000         128.000           -8.300e+00          -9.846e+00              69.694          -1.354e+01             179.014           4.802e+00     
  90.000         129.000           -8.552e+00          -9.977e+00              70.532          -1.408e+01             188.129           6.100e+00     
  90.000         130.000           -8.747e+00          -1.011e+01              71.399          -1.444e+01             198.744           7.679e+00     
  90.000         131.000           -8.864e+00          -1.025e+01              72.295          -1.449e+01             210.382           9.618e+00     
  90.000         132.000           -8.882e+00          -1.040e+01              73.221          -1.418e+01             222.175           1.205e+01     
  90.000         133.000           -8.789e+00          -1.055e+01              74.179          -1.356e+01             233.189           1.519e+01     
  90.000         134.000           -8.580e+00          -1.071e+01              75.170          -1.270e+01             242.813           1.954e+01     
  90.000         135.000           -8.261e+00          -1.087e+01              76.196          -1.171e+01             250.865           2.668e+01     
  90.000         136.000           -7.847e+00          -1.104e+01              77.258          -1.068e+01             257.464           4.000e+01     
  90.000         137.000           -7.358e+00          -1.122e+01              78.360          -9.658e+00             262.841           2.829e+01     
  90.000         138.000           -6.815e+00          -1.140e+01              79.502          -8.673e+00             267.242           2.382e+01     
  90.000         139.000           -6.239e+00          -1.159e+01              80.688          -7.738e+00             270.874           2.184e+01     
  90.000         140.000           -5.646e+00          -1.178e+01              81.921          -6.858e+00             273.908           2.093e+01     
  90.000         141.000           -5.050e+00          -1.198e+01              83.204          -6.034e+00             276.468           2.063e+01     
  90.000         142.000           -4.460e+00          -1.219e+01              84.540          -5.262e+00             278.655           2.072e+01     
  90.000         143.000           -3.883e+00          -1.241e+01              85.935          -4.540e+00             280.545           2.108e+01     
  90.000         144.000           -3.323e+00          -1.263e+01              87.391          -3.865e+00             282.194           2.164e+01     
  90.000         145.000           -2.784e+00          -1.286e+01              88.916          -3.233e+00             283.648           2.237e+01     
  90.000         146.000           -2.268e+00          -1.310e+01              90.514          -2.642e+00             284.940           2.324e+01     
  90.000         147.000           -1.774e+00          -1.335e+01              92.192          -2.087e+00             286.099           2.424e+01     
  90.000         148.000           -1.304e+00          -1.360e+01              93.956          -1.568e+00             287.147           2.537e+01     
  90.000         149.000           -8.576e-01          -1.386e+01              95.815          -1.081e+00             288.100           2.665e+01     
  90.000         150.000           -4.343e-01          -1.413e+01              97.777          -6.238e-01             288.974           2.811e+01     
  90.000         151.000           -3.373e-02          -1.440e+01              99.851          -1.955e-01             289.780           2.979e+01     
  90.000         152.000            3.447e-01          -1.468e+01             102.047           2.061e-01             290.527           3.179e+01     
  90.000         153.000            7.013e-01          -1.497e+01             104.376           5.820e-01             291.224           3.426e+01     
  90.000         154.000            1.037e+00          -1.526e+01             106.848           9.341e-01             291.877           3.754e+01     
  90.000         155.000            1.353e+00          -1.555e+01             109.475           1.263e+00             292.491           4.000e+01     
  90.000         156.000            1.648e+00          -1.584e+01             112.269           1.570e+00             293.071           4.000e+01     
  90.000         157.000            1.925e+00          -1.613e+01             115.239           1.856e+00             293.622           4.000e+01     
  90.000         158.000            2.183e+00          -1.641e+01             118.395           2.122e+00             294.145           4.000e+01     
  90.000         159.000            2.422e+00          -1.668e+01             121.745           2.369e+00             294.645           3.732e+01     
  90.000         160.000            2.644e+00          -1.695e+01             125.293           2.596e+00             295.124           3.470e+01     
  90.000         161.000            2.849e+00          -1.719e+01             129.038           2.805e+00             295.583           3.274e+01     
  90.000         162.000            3.036e+00          -1.742e+01             132.975           2.997e+00             296.025           3.119e+01     
  90.000         163.000            3.207e+00          -1.761e+01             137.092           3.171e+00             296.450           2.990e+01     
  90.000         164.000            3.361e+00          -1.778e+01             141.369           3.328e+00             296.859           2.880e+01     
  90.000         165.000            3.500e+00          -1.791e+01             145.779           3.468e+00             297.255           2.784e+01     
  90.000         166.000            3.622e+00          -1.800e+01             150.287           3.592e+00             297.637           2.699e+01     
  90.000         167.000            3.728e+00          -1.805e+01             154.852           3.700e+00             298.006           2.622e+01     
  90.000         168.000            3.819e+00          -1.805e+01             159.429           3.791e+00             298.363           2.552e+01     
  90.000         169.000            3.895e+00          -1.801e+01             163.975           3.867e+00             298.707           2.488e+01     
  90.000         170.000            3.955e+00          -1.793e+01             168.444           3.926e+00             299.039           2.427e+01     
  90.000         171.000            3.999e+00          -1.781e+01             172.798           3.970e+00             299.359           2.371e+01     
  90.000         172.000            4.028e+00          -1.766e+01             177.004           3.998e+00             299.667           2.317e+01     
  90.000         173.000            4.041e+00          -1.748e+01             181.038           4.010e+00             299.963           2.266e+01     
  90.000         174.000            4.039e+00          -1.728e+01             184.882           4.006e+00             300.245           2.218e+01     
  90.000         175.000            4.020e+00          -1.705e+01             188.526           3.986e+00             300.515           2.170e+01     
  90.000         176.000            3.986e+00          -1.681e+01             191.967           3.950e+00             300.770           2.125e+01     
  90.000         177.000            3.936e+00          -1.657e+01             195.207           3.897e+00             301.011           2.080e+01     
  90.000         178.000            3.869e+00          -1.631e+01             198.251           3.827e+00             301.237           2.037e+01     
  90.000         179.000            3.785e+00          -1.606e+01             201.108           3.740e+00             301.446           1.994e+01     
  90.000         180.000            3.684e+00          -1.580e+01             203.787           3.635e+00             301.637           1.952e+01     
  90.000         181.000            3.566e+00          -1.555e+01             206.300           3.512e+00             301.809           1.910e+01     
  90.000         182.000            3.429e+00          -1.530e+01             208.660           3.371e+00             301.959           1.869e+01     
  90.000         183.000            3.274e+00          -1.506e+01             210.877           3.209e+00             302.088           1.827e+01     
  90.000         184.000            3.099e+00          -1.482e+01             212.964           3.028e+00             302.191           1.785e+01     
  90.000         185.000            2.904e+00          -1.460e+01             214.931           2.826e+00             302.266           1.744e+01     
  90.000         186.000            2.688e+00          -1.438e+01             216.789           2.601e+00             302.310           1.701e+01     
  90.000         187.000            2.449e+00          -1.418e+01             218.547           2.354e+00             302.321           1.659e+01     
  90.000         188.000            2.188e+00          -1.398e+01             220.214           2.082e+00             302.292           1.615e+01     
  90.000         189.000            1.902e+00          -1.380e+01             221.798           1.784e+00             302.221           1.571e+01     
  90.000         190.000            1.591e+00          -1.363e+01             223.308           1.458e+00             302.099           1.526e+01     
  90.000         191.000            1.252e+00          -1.347e+01             224.751           1.103e+00             301.921           1.480e+01     
  90.000         192.000            8.842e-01          -1.332e+01             226.132           7.159e-01             301.676           1.433e+01     
  90.000         193.000            4.851e-01          -1.318e+01             227.457           2.941e-01             301.355           1.385e+01     
  90.000         194.000            5.257e-02          -1.305e+01             228.733          -1.654e-01             300.943           1.335e+01     
  90.000         195.000           -4.160e-01          -1.293e+01             229.963          -6.663e-01             300.422           1.284e+01     
  90.000         196.000           -9.233e-01          -1.283e+01             231.154          -1.213e+00             299.771           1.232e+01     
  90.000         197.000           -1.473e+00          -1.273e+01             232.308          -1.810e+00             298.961           1.178e+01     
  90.000         198.000           -2.067e+00          -1.265e+01             233.431          -2.465e+00             297.952           1.124e+01     
  90.000         199.000           -2.710e+00          -1.258e+01             234.525          -3.183e+00             296.693           1.070e+01     
  90.000         200.000           -3.405e+00          -1.252e+01             235.595          -3.974e+00             295.111           1.017e+01     
  90.000         201.000           -4.154e+00          -1.246e+01             236.643          -4.847e+00             293.106           9.701e+00     
  90.000         202.000           -4.957e+00          -1.242e+01             237.672          -5.814e+00             290.532           9.337e+00     
  90.000         203.000           -5.809e+00          -1.239e+01             238.686          -6.885e+00             287.175           9.184e+00     
  90.000         204.000           -6.697e+00          -1.237e+01             239.687          -8.068e+00             282.713           9.429e+00     
  90.000         205.000           -7.595e+00          -1.237e+01             240.678          -9.356e+00             276.667           1.039e+01     
  90.000         206.000           -8.448e+00          -1.237e+01             241.662          -1.071e+01             268.351           1.267e+01     
  90.000         207.000           -9.174e+00          -1.238e+01             242.640          -1.200e+01             256.950           1.803e+01     
  90.000         208.000           -9.665e+00          -1.240e+01             243.616          -1.297e+01             242.042           3.726e+01     
  90.000         209.000           -9.824e+00          -1.243e+01             244.592          -1.328e+01             224.718           1.517e+01     
  90.000         210.000           -9.618e+00          -1.247e+01             245.570          -1.279e+01             207.862           9.340e+00     
  90.000         211.000           -9.101e+00          -1.252e+01             246.552          -1.174e+01             193.957           6.180e+00     
  90.000         212.000           -8.379e+00          -1.258e+01             247.542          -1.046e+01             183.524           4.637e+00     
  90.000         213.000           -7.556e+00          -1.265e+01             248.541          -9.164e+00             175.925           4.438e+00     
  90.000         214.000           -6.706e+00          -1.273e+01             249.552          -7.954e+00             170.355           5.077e+00     
  90.000         215.000           -5.875e+00          -1.282e+01             250.577          -6.855e+00             166.194           6.032e+00     
  90.000         216.000           -5.085e+00          -1.291e+01             251.618          -5.867e+00             163.015           7.051e+00     
  90.000         217.000           -4.347e+00          -1.302e+01             252.679          -4.980e+00             160.533           8.049e+00     
  90.000         218.000           -3.664e+00          -1.314e+01             253.762          -4.185e+00             158.559           8.998e+00     
  90.000         219.000           -3.036e+00          -1.326e+01             254.869          -3.469e+00             156.963           9.893e+00     
  90.000         220.000           -2.459e+00          -1.339e+01             256.004          -2.824e+00             155.652           1.074e+01     
  90.000         221.000           -1.931e+00          -1.353e+01             257.169          -2.242e+00             154.562           1.154e+01     
  90.000         222.000           -1.448e+00          -1.368e+01             258.367          -1.716e+00             153.647           1.229e+01     
  90.000         223.000           -1.008e+00          -1.384e+01             259.602          -1.240e+00             152.871           1.302e+01     
  90.000         224.000           -6.068e-01          -1.400e+01             260.876          -8.101e-01             152.207           1.371e+01     
  90.000         225.000           -2.426e-01          -1.418e+01             262.192          -4.218e-01             151.634           1.437e+01     
  90.000         226.000            8.725e-02          -1.435e+01             263.555          -7.181e-02             151.137           1.501e+01     
  90.000         227.000            3.848e-01          -1.454e+01             264.967           2.427e-01             150.703           1.564e+01     
  90.000         228.000            6.518e-01          -1.473e+01             266.432           5.242e-01             150.322           1.624e+01     
  90.000         229.000            8.899e-01          -1.493e+01             267.953           7.746e-01             149.985           1.683e+01     
  90.000         230.000            1.100e+00          -1.513e+01             269.533           9.957e-01             149.686           1.741e+01     
  90.000         231.000            1.285e+00          -1.533e+01             271.175           1.189e+00             149.419           1.798e+01     
  90.000         232.000            1.443e+00          -1.554e+01             272.883           1.356e+00             149.181           1.855e+01     
  90.000         233.000            1.578e+00          -1.575e+01             274.658           1.497e+00             148.966           1.911e+01     
  90.000         234.000            1.688e+00          -1.596e+01             276.504           1.613e+00             148.772           1.967e+01     
  90.000         235.000            1.776e+00          -1.617e+01             278.421           1.705e+00             148.596           2.023e+01     
  90.000         236.000            1.840e+00          -1.638e+01             280.410           1.774e+00             148.436           2.079e+01     
  90.000         237.000            1.883e+00          -1.659e+01             282.471           1.820e+00             148.290           2.136e+01     
  90.000         238.000            1.903e+00          -1.679e+01             284.604           1.844e+00             148.157           2.193e+01     
  90.000         239.000            1.901e+00          -1.699e+01             286.805           1.844e+00             148.033           2.252e+01     
  90.000         240.000            1.877e+00          -1.718e+01             289.071           1.823e+00             147.920           2.312e+01     
  90.000         241.000            1.831e+00          -1.737e+01             291.397           1.778e+00             147.814           2.374e+01     
  90.000         242.000            1.763e+00          -1.754e+01             293.777           1.711e+00             147.716           2.438e+01     
  90.000         243.000            1.672e+00          -1.770e+01             296.201           1.621e+00             147.624           2.505e+01     
  90.000         244.000            1.558e+00          -1.785e+01             298.661           1.508e+00             147.539           2.576e+01     
  90.000         245.000            1.421e+00          -1.799e+01             301.144           1.371e+00             147.458           2.650e+01     
  90.000         246.000            1.260e+00          -1.811e+01             303.641           1.209e+00             147.381           2.730e+01     
  90.000         247.000            1.073e+00          -1.821e+01             306.134           1.022e+00             147.309           2.817e+01     
  90.000         248.000            8.607e-01          -1.831e+01             308.610           8.078e-01             147.239           2.912e+01     
  90.000         249.000            6.210e-01          -1.838e+01             311.055           5.661e-01             147.173           3.018e+01     
  90.000         250.000            3.526e-01          -1.844e+01             313.456           2.949e-01             147.109           3.139e+01     
  90.000         251.000            5.368e-02          -1.849e+01             315.797          -7.466e-03             147.046           3.280e+01     
  90.000         252.000           -2.778e-01          -1.852e+01             318.067          -3.433e-01             146.985           3.450e+01     
  90.000         253.000           -6.442e-01          -1.855e+01             320.253          -7.152e-01             146.924           3.667e+01     
  90.000         254.000           -1.049e+00          -1.856e+01             322.344          -1.126e+00             146.863           3.965e+01     
  90.000         255.000           -1.494e+00          -1.856e+01             324.332          -1.581e+00             146.802           4.000e+01     
  90.000         256.000           -1.986e+00          -1.855e+01             326.209          -2.083e+00             146.739           4.000e+01     
  90.000         257.000           -2.528e+00          -1.853e+01             327.967          -2.639e+00             146.673           4.000e+01     
  90.000         258.000           -3.128e+00          -1.851e+01             329.603          -3.255e+00             146.603           4.000e+01     
  90.000         259.000           -3.793e+00          -1.849e+01             331.113          -3.942e+00             146.527           3.679e+01     
  90.000         260.000           -4.533e+00          -1.846e+01             332.493          -4.712e+00             146.442           3.365e+01     
  90.000         261.000           -5.360e+00          -1.843e+01             333.742          -5.580e+00             146.344           3.109e+01     
  90.000         262.000           -6.293e+00          -1.841e+01             334.859          -6.568e+00             146.228           2.885e+01     
  90.000         263.000           -7.351e+00          -1.838e+01             335.843          -7.708e+00             146.084           2.678e+01     
  90.000         264.000           -8.563e+00          -1.835e+01             336.695          -9.044e+00             145.898           2.479e+01     
  90.000         265.000           -9.967e+00          -1.833e+01             337.414          -1.065e+01             145.641           2.281e+01     
  90.000         266.000           -1.161e+01          -1.831e+01             338.002          -1.265e+01             145.255           2.080e+01     
  90.000         267.000           -1.352e+01          -1.830e+01             338.457          -1.528e+01             144.600           1.884e+01     
  90.000         268.000           -1.566e+01          -1.829e+01             338.781          -1.909e+01             143.228           1.733e+01     
  90.000         269.000           -1.761e+01          -1.828e+01             338.974          -2.607e+01             138.462           1.810e+01     
  90.000         270.000           -1.822e+01          -1.828e+01             339.036          -3.670e+01             357.592           2.847e+01     
  90.000         271.000           -1.690e+01          -1.828e+01             338.967          -2.253e+01             332.769           2.634e+01     
  90.000         272.000           -1.477e+01          -1.829e+01             338.767          -1.733e+01             330.191           2.256e+01     
  90.000         273.000           -1.270e+01          -1.831e+01             338.435          -1.410e+01             329.223           2.287e+01     
  90.000         274.000           -1.090e+01          -1.832e+01             337.972          -1.177e+01             328.719           2.413e+01     
  90.000         275.000           -9.363e+00          -1.835e+01             337.377          -9.950e+00             328.414           2.570e+01     
  90.000         276.000           -8.041e+00          -1.837e+01             336.649          -8.463e+00             328.212           2.741e+01     
  90.000         277.000           -6.894e+00          -1.840e+01             335.787          -7.213e+00             328.072           2.925e+01     
  90.000         278.000           -5.889e+00          -1.843e+01             334.792          -6.138e+00             327.971           3.129e+01     
  90.000         279.000           -5.000e+00          -1.846e+01             333.664          -5.201e+00             327.897           3.361e+01     
  90.000         280.000           -4.209e+00          -1.849e+01             332.402          -4.374e+00             327.843           3.644e+01     
  90.000         281.000           -3.499e+00          -1.852e+01             331.008          -3.638e+00             327.805           4.000e+01     
  90.000         282.000           -2.861e+00          -1.855e+01             329.483          -2.980e+00             327.778           4.000e+01     
  90.000         283.000           -2.284e+00          -1.857e+01             327.831          -2.388e+00             327.762           4.000e+01     
  90.000         284.000           -1.762e+00          -1.858e+01             326.055          -1.853e+00             327.754           4.000e+01     
  90.000         285.000           -1.288e+00          -1.859e+01             324.160          -1.370e+00             327.753           4.000e+01     
  90.000         286.000           -8.582e-01          -1.860e+01             322.152          -9.319e-01             327.759           3.801e+01     
  90.000         287.000           -4.682e-01          -1.859e+01             320.040          -5.357e-01             327.770           3.561e+01     
  90.000         288.000           -1.148e-01          -1.857e+01             317.833          -1.773e-01             327.787           3.376e+01     
  90.000         289.000            2.047e-01          -1.853e+01             315.541           1.462e-01             327.810           3.224e+01     
  90.000         290.000            4.925e-01          -1.849e+01             313.177           4.372e-01             327.837           3.096e+01     
  90.000         291.000            7.507e-01          -1.843e+01             310.754           6.979e-01             327.870           2.984e+01     
  90.000         292.000            9.808e-01          -1.835e+01             308.286           9.298e-01             327.908           2.885e+01     
  90.000         293.000            1.184e+00          -1.826e+01             305.788           1.135e+00             327.951           2.794e+01     
  90.000         294.000            1.362e+00          -1.815e+01             303.274           1.313e+00             328.000           2.711e+01     
  90.000         295.000            1.515e+00          -1.803e+01             300.758           1.467e+00             328.054           2.634e+01     
  90.000         296.000            1.645e+00          -1.789e+01             298.256           1.596e+00             328.114           2.562e+01     
  90.000         297.000            1.751e+00          -1.774e+01             295.779           1.702e+00             328.180           2.493e+01     
  90.000         298.000            1.835e+00          -1.757e+01             293.340           1.785e+00             328.254           2.427e+01     
  90.000         299.000            1.896e+00          -1.740e+01             290.947           1.845e+00             328.335           2.364e+01     
  90.000         300.000            1.935e+00          -1.721e+01             288.609           1.882e+00             328.425           2.303e+01     
  90.000         301.000            1.952e+00          -1.702e+01             286.333           1.897e+00             328.523           2.243e+01     
  90.000         302.000            1.948e+00          -1.682e+01             284.124           1.890e+00             328.632           2.185e+01     
  90.000         303.000            1.921e+00          -1.661e+01             281.985           1.860e+00             328.752           2.128e+01     
  90.000         304.000            1.873e+00          -1.640e+01             279.919           1.807e+00             328.885           2.071e+01     
  90.000         305.000            1.802e+00          -1.619e+01             277.927           1.732e+00             329.032           2.015e+01     
  90.000         306.000            1.708e+00          -1.598e+01             276.008           1.633e+00             329.195           1.959e+01     
  90.000         307.000            1.591e+00          -1.576e+01             274.162           1.510e+00             329.376           1.904e+01     
  90.000         308.000            1.450e+00          -1.555e+01             272.387           1.362e+00             329.579           1.847e+01     
  90.000         309.000            1.284e+00          -1.534e+01             270.681           1.189e+00             329.806           1.791e+01     
  90.000         310.000            1.093e+00          -1.513e+01             269.040           9.881e-01             330.061           1.733e+01     
  90.000         311.000            8.752e-01          -1.493e+01             267.463           7.596e-01             330.349           1.675e+01     
  90.000         312.000            6.297e-01          -1.473e+01             265.946           5.014e-01             330.675           1.615e+01     
  90.000         313.000            3.548e-01          -1.454e+01             264.485           2.117e-01             331.045           1.554e+01     
  90.000         314.000            4.903e-02          -1.435e+01             263.078          -1.116e-01             331.469           1.492e+01     
  90.000         315.000           -2.896e-01          -1.417e+01             261.720          -4.710e-01             331.956           1.427e+01     
  90.000         316.000           -6.631e-01          -1.400e+01             260.409          -8.695e-01             332.519           1.360e+01     
  90.000         317.000           -1.074e+00          -1.383e+01             259.141          -1.311e+00             333.174           1.290e+01     
  90.000         318.000           -1.525e+00          -1.367e+01             257.912          -1.799e+00             333.943           1.217e+01     
  90.000         319.000           -2.020e+00          -1.352e+01             256.720          -2.338e+00             334.853           1.140e+01     
  90.000         320.000           -2.561e+00          -1.338e+01             255.562          -2.936e+00             335.941           1.059e+01     
  90.000         321.000           -3.152e+00          -1.325e+01             254.434          -3.599e+00             337.255           9.731e+00     
  90.000         322.000           -3.796e+00          -1.312e+01             253.334          -4.336e+00             338.864           8.818e+00     
  90.000         323.000           -4.496e+00          -1.300e+01             252.258          -5.156e+00             340.863           7.850e+00     
  90.000         324.000           -5.252e+00          -1.290e+01             251.205          -6.072e+00             343.392           6.833e+00     
  90.000         325.000           -6.061e+00          -1.280e+01             250.171          -7.096e+00             346.656           5.797e+00     
  90.000         326.000           -6.910e+00          -1.271e+01             249.154          -8.237e+00             350.965           4.849e+00     
  90.000         327.000           -7.774e+00          -1.263e+01             248.151          -9.495e+00             356.792           4.294e+00     
  90.000         328.000           -8.602e+00          -1.256e+01             247.161          -1.084e+01               4.834           4.720e+00     
  90.000         329.000           -9.311e+00          -1.249e+01             246.180          -1.215e+01              15.981           6.598e+00     
  90.000         330.000           -9.789e+00          -1.244e+01             245.206          -1.319e+01              30.861           1.024e+01     
  90.000         331.000           -9.932e+00          -1.240e+01             244.237          -1.356e+01              48.606           1.733e+01     
  90.000         332.000           -9.699e+00          -1.237e+01             243.270          -1.308e+01              66.211           3.184e+01     
  90.000         333.000           -9.141e+00          -1.235e+01             242.304          -1.196e+01              80.787           1.578e+01     
  90.000         334.000           -8.365e+00          -1.233e+01             241.336          -1.059e+01              91.634           1.155e+01     
  90.000         335.000           -7.482e+00          -1.233e+01             240.363          -9.205e+00              99.432           9.696e+00     
  90.000         336.000           -6.571e+00          -1.234e+01             239.382          -7.907e+00             105.065           8.979e+00     
  90.000         337.000           -5.677e+00          -1.236e+01             238.392          -6.727e+00             109.210           8.888e+00     
  90.000         338.000           -4.826e+00          -1.239e+01             237.390          -5.663e+00             112.326           9.138e+00     
  90.000         339.000           -4.027e+00          -1.243e+01             236.373          -4.705e+00             114.713           9.566e+00     
  90.000         340.000           -3.284e+00          -1.248e+01             235.337          -3.842e+00             116.571           1.008e+01     
  90.000         341.000           -2.596e+00          -1.254e+01             234.281          -3.060e+00             118.034           1.063e+01     
  90.000         342.000           -1.959e+00          -1.261e+01             233.200          -2.351e+00             119.197           1.119e+01     
  90.000         343.000           -1.372e+00          -1.269e+01             232.092          -1.705e+00             120.126           1.174e+01     
  90.000         344.000           -8.291e-01          -1.278e+01             230.952          -1.115e+00             120.869           1.229e+01     
  90.000         345.000           -3.281e-01          -1.289e+01             229.777          -5.759e-01             121.462           1.282e+01     
  90.000         346.000            1.344e-01          -1.300e+01             228.562          -8.172e-02             121.932           1.333e+01     
  90.000         347.000            5.612e-01          -1.313e+01             227.303           3.715e-01             122.300           1.383e+01     
  90.000         348.000            9.549e-01          -1.327e+01             225.995           7.875e-01             122.583           1.432e+01     
  90.000         349.000            1.318e+00          -1.342e+01             224.632           1.169e+00             122.792           1.479e+01     
  90.000         350.000            1.652e+00          -1.358e+01             223.208           1.519e+00             122.939           1.525e+01     
  90.000         351.000            1.958e+00          -1.375e+01             221.718           1.840e+00             123.032           1.570e+01     
  90.000         352.000            2.240e+00          -1.394e+01             220.154           2.134e+00             123.077           1.614e+01     
  90.000         353.000            2.497e+00          -1.413e+01             218.508           2.401e+00             123.081           1.657e+01     
  90.000         354.000            2.731e+00          -1.434e+01             216.772           2.645e+00             123.048           1.700e+01     
  90.000         355.000            2.943e+00          -1.455e+01             214.937           2.865e+00             122.982           1.742e+01     
  90.000         356.000            3.135e+00          -1.478e+01             212.993           3.064e+00             122.887           1.784e+01     
  90.000         357.000            3.307e+00          -1.501e+01             210.930           3.242e+00             122.765           1.826e+01     
  90.000         358.000            3.459e+00          -1.526e+01             208.737           3.400e+00             122.619           1.868e+01     
  90.000         359.000            3.593e+00          -1.551e+01             206.401           3.539e+00             122.451           1.910e+01     
