Theta [deg.]  Phi   [deg.]  Abs(Grlz)[dBi   ]   Abs(Theta)[dBi   ]  Phase(Theta)[deg.]  Abs(Phi  )[dBi   ]  Phase(Phi  )[deg.]  Ax.Ratio[dB    ]    
------------------------------------------------------------------------------------------------------------------------------------------------------
  90.000           0.000           -4.770e+00          -1.914e+01             173.205          -4.932e+00             249.243           1.448e+01     
  90.000           1.000           -5.285e+00          -1.898e+01             172.985          -5.474e+00             249.658           1.376e+01     
  90.000           2.000           -5.831e+00          -1.882e+01             172.755          -6.055e+00             250.140           1.300e+01     
  90.000           3.000           -6.412e+00          -1.867e+01             172.518          -6.679e+00             250.701           1.220e+01     
  90.000           4.000           -7.031e+00          -1.851e+01             172.272          -7.351e+00             251.361           1.134e+01     
  90.000           5.000           -7.689e+00          -1.835e+01             172.020          -8.079e+00             252.144           1.043e+01     
  90.000           6.000           -8.390e+00          -1.820e+01             171.761          -8.870e+00             253.084           9.452e+00     
  90.000           7.000           -9.136e+00          -1.804e+01             171.495          -9.734e+00             254.229           8.398e+00     
  90.000           8.000           -9.928e+00          -1.788e+01             171.225          -1.069e+01             255.644           7.256e+00     
  90.000           9.000           -1.076e+01          -1.772e+01             170.949          -1.174e+01             257.429           6.010e+00     
  90.000          10.000           -1.164e+01          -1.757e+01             170.668          -1.292e+01             259.735           4.649e+00     
  90.000          11.000           -1.254e+01          -1.741e+01             170.383          -1.425e+01             262.803           3.180e+00     
  90.000          12.000           -1.344e+01          -1.726e+01             170.095          -1.577e+01             267.038           1.826e+00     
  90.000          13.000           -1.429e+01          -1.710e+01             169.803          -1.750e+01             273.148           2.081e+00     
  90.000          14.000           -1.501e+01          -1.695e+01             169.509          -1.944e+01             282.400           4.392e+00     
  90.000          15.000           -1.551e+01          -1.679e+01             169.213          -2.144e+01             296.875           7.947e+00     
  90.000          16.000           -1.572e+01          -1.664e+01             168.914          -2.292e+01             318.440           1.365e+01     
  90.000          17.000           -1.560e+01          -1.649e+01             168.615          -2.295e+01             343.900           2.992e+01     
  90.000          18.000           -1.520e+01          -1.633e+01             168.314          -2.157e+01               5.079           1.818e+01     
  90.000          19.000           -1.459e+01          -1.618e+01             168.013          -1.972e+01              19.203           1.189e+01     
  90.000          20.000           -1.387e+01          -1.603e+01             167.711          -1.794e+01              28.240           8.925e+00     
  90.000          21.000           -1.311e+01          -1.589e+01             167.410          -1.637e+01              34.230           7.291e+00     
  90.000          22.000           -1.236e+01          -1.574e+01             167.109          -1.502e+01              38.399           6.420e+00     
  90.000          23.000           -1.163e+01          -1.559e+01             166.809          -1.386e+01              41.433           6.033e+00     
  90.000          24.000           -1.094e+01          -1.545e+01             166.510          -1.284e+01              43.724           5.946e+00     
  90.000          25.000           -1.030e+01          -1.530e+01             166.213          -1.194e+01              45.507           6.034e+00     
  90.000          26.000           -9.700e+00          -1.516e+01             165.917          -1.115e+01              46.931           6.215e+00     
  90.000          27.000           -9.149e+00          -1.502e+01             165.624          -1.045e+01              48.090           6.439e+00     
  90.000          28.000           -8.640e+00          -1.488e+01             165.333          -9.818e+00              49.051           6.676e+00     
  90.000          29.000           -8.171e+00          -1.474e+01             165.045          -9.251e+00              49.859           6.909e+00     
  90.000          30.000           -7.739e+00          -1.461e+01             164.759          -8.740e+00              50.547           7.130e+00     
  90.000          31.000           -7.342e+00          -1.447e+01             164.477          -8.277e+00              51.141           7.333e+00     
  90.000          32.000           -6.977e+00          -1.434e+01             164.198          -7.858e+00              51.657           7.517e+00     
  90.000          33.000           -6.641e+00          -1.421e+01             163.923          -7.477e+00              52.110           7.679e+00     
  90.000          34.000           -6.333e+00          -1.408e+01             163.651          -7.132e+00              52.511           7.821e+00     
  90.000          35.000           -6.051e+00          -1.395e+01             163.384          -6.820e+00              52.869           7.943e+00     
  90.000          36.000           -5.793e+00          -1.382e+01             163.120          -6.536e+00              53.190           8.045e+00     
  90.000          37.000           -5.557e+00          -1.370e+01             162.861          -6.281e+00              53.480           8.128e+00     
  90.000          38.000           -5.343e+00          -1.358e+01             162.606          -6.050e+00              53.743           8.194e+00     
  90.000          39.000           -5.149e+00          -1.346e+01             162.355          -5.843e+00              53.984           8.241e+00     
  90.000          40.000           -4.974e+00          -1.334e+01             162.109          -5.659e+00              54.204           8.273e+00     
  90.000          41.000           -4.818e+00          -1.322e+01             161.868          -5.496e+00              54.408           8.288e+00     
  90.000          42.000           -4.679e+00          -1.311e+01             161.632          -5.352e+00              54.596           8.289e+00     
  90.000          43.000           -4.556e+00          -1.299e+01             161.401          -5.228e+00              54.772           8.275e+00     
  90.000          44.000           -4.449e+00          -1.288e+01             161.175          -5.122e+00              54.935           8.247e+00     
  90.000          45.000           -4.358e+00          -1.277e+01             160.954          -5.033e+00              55.089           8.205e+00     
  90.000          46.000           -4.281e+00          -1.267e+01             160.738          -4.962e+00              55.233           8.150e+00     
  90.000          47.000           -4.219e+00          -1.256e+01             160.527          -4.907e+00              55.369           8.083e+00     
  90.000          48.000           -4.171e+00          -1.246e+01             160.321          -4.868e+00              55.498           8.003e+00     
  90.000          49.000           -4.136e+00          -1.236e+01             160.121          -4.844e+00              55.620           7.911e+00     
  90.000          50.000           -4.114e+00          -1.226e+01             159.926          -4.836e+00              55.736           7.807e+00     
  90.000          51.000           -4.105e+00          -1.217e+01             159.736          -4.844e+00              55.846           7.691e+00     
  90.000          52.000           -4.109e+00          -1.207e+01             159.552          -4.866e+00              55.951           7.564e+00     
  90.000          53.000           -4.125e+00          -1.198e+01             159.373          -4.903e+00              56.052           7.425e+00     
  90.000          54.000           -4.154e+00          -1.189e+01             159.199          -4.954e+00              56.148           7.275e+00     
  90.000          55.000           -4.194e+00          -1.181e+01             159.031          -5.021e+00              56.241           7.113e+00     
  90.000          56.000           -4.247e+00          -1.172e+01             158.867          -5.102e+00              56.329           6.940e+00     
  90.000          57.000           -4.310e+00          -1.164e+01             158.709          -5.199e+00              56.413           6.755e+00     
  90.000          58.000           -4.386e+00          -1.156e+01             158.557          -5.310e+00              56.494           6.558e+00     
  90.000          59.000           -4.473e+00          -1.148e+01             158.410          -5.437e+00              56.572           6.349e+00     
  90.000          60.000           -4.572e+00          -1.141e+01             158.267          -5.580e+00              56.646           6.128e+00     
  90.000          61.000           -4.681e+00          -1.133e+01             158.130          -5.739e+00              56.716           5.895e+00     
  90.000          62.000           -4.803e+00          -1.126e+01             157.999          -5.914e+00              56.784           5.648e+00     
  90.000          63.000           -4.935e+00          -1.120e+01             157.872          -6.107e+00              56.848           5.389e+00     
  90.000          64.000           -5.078e+00          -1.113e+01             157.750          -6.317e+00              56.908           5.116e+00     
  90.000          65.000           -5.233e+00          -1.107e+01             157.634          -6.546e+00              56.965           4.829e+00     
  90.000          66.000           -5.398e+00          -1.101e+01             157.522          -6.794e+00              57.019           4.528e+00     
  90.000          67.000           -5.575e+00          -1.095e+01             157.415          -7.063e+00              57.069           4.213e+00     
  90.000          68.000           -5.761e+00          -1.089e+01             157.313          -7.353e+00              57.115           3.883e+00     
  90.000          69.000           -5.959e+00          -1.084e+01             157.217          -7.666e+00              57.157           3.538e+00     
  90.000          70.000           -6.166e+00          -1.079e+01             157.124          -8.004e+00              57.194           3.181e+00     
  90.000          71.000           -6.384e+00          -1.074e+01             157.037          -8.369e+00              57.227           2.813e+00     
  90.000          72.000           -6.611e+00          -1.069e+01             156.955          -8.762e+00              57.255           2.440e+00     
  90.000          73.000           -6.846e+00          -1.065e+01             156.877          -9.186e+00              57.277           2.074e+00     
  90.000          74.000           -7.090e+00          -1.061e+01             156.804          -9.645e+00              57.293           1.742e+00     
  90.000          75.000           -7.341e+00          -1.057e+01             156.735          -1.014e+01              57.302           1.499e+00     
  90.000          76.000           -7.598e+00          -1.053e+01             156.671          -1.068e+01              57.303           1.434e+00     
  90.000          77.000           -7.859e+00          -1.050e+01             156.612          -1.127e+01              57.296           1.616e+00     
  90.000          78.000           -8.123e+00          -1.047e+01             156.557          -1.192e+01              57.277           2.027e+00     
  90.000          79.000           -8.387e+00          -1.044e+01             156.506          -1.263e+01              57.246           2.608e+00     
  90.000          80.000           -8.649e+00          -1.041e+01             156.460          -1.341e+01              57.199           3.323e+00     
  90.000          81.000           -8.905e+00          -1.039e+01             156.419          -1.429e+01              57.131           4.160e+00     
  90.000          82.000           -9.153e+00          -1.037e+01             156.382          -1.527e+01              57.036           5.126e+00     
  90.000          83.000           -9.387e+00          -1.035e+01             156.349          -1.640e+01              56.904           6.243e+00     
  90.000          84.000           -9.604e+00          -1.033e+01             156.320          -1.771e+01              56.717           7.550e+00     
  90.000          85.000           -9.799e+00          -1.032e+01             156.296          -1.926e+01              56.444           9.108e+00     
  90.000          86.000           -9.967e+00          -1.031e+01             156.277          -2.117e+01              56.024           1.103e+01     
  90.000          87.000           -1.010e+01          -1.030e+01             156.261          -2.364e+01              55.313           1.351e+01     
  90.000          88.000           -1.020e+01          -1.029e+01             156.250          -2.710e+01              53.888           1.702e+01     
  90.000          89.000           -1.027e+01          -1.029e+01             156.243          -3.295e+01              49.687           2.303e+01     
  90.000          90.000           -1.029e+01          -1.029e+01             156.240          -4.942e+01             336.217           4.000e+01     
  90.000          91.000           -1.027e+01          -1.029e+01             156.242          -3.332e+01             247.168           2.303e+01     
  90.000          92.000           -1.021e+01          -1.029e+01             156.248          -2.729e+01             242.682           1.701e+01     
  90.000          93.000           -1.011e+01          -1.030e+01             156.258          -2.376e+01             241.189           1.349e+01     
  90.000          94.000           -9.973e+00          -1.031e+01             156.273          -2.126e+01             240.440           1.100e+01     
  90.000          95.000           -9.806e+00          -1.032e+01             156.291          -1.933e+01             239.985           9.079e+00     
  90.000          96.000           -9.612e+00          -1.033e+01             156.314          -1.776e+01             239.675           7.513e+00     
  90.000          97.000           -9.395e+00          -1.035e+01             156.342          -1.644e+01             239.447           6.198e+00     
  90.000          98.000           -9.161e+00          -1.037e+01             156.373          -1.531e+01             239.270           5.070e+00     
  90.000          99.000           -8.913e+00          -1.039e+01             156.410          -1.432e+01             239.124           4.090e+00     
  90.000         100.000           -8.656e+00          -1.041e+01             156.450          -1.343e+01             239.000           3.235e+00     
  90.000         101.000           -8.393e+00          -1.044e+01             156.495          -1.265e+01             238.892           2.497e+00     
  90.000         102.000           -8.128e+00          -1.047e+01             156.544          -1.193e+01             238.794           1.884e+00     
  90.000         103.000           -7.864e+00          -1.050e+01             156.598          -1.128e+01             238.703           1.436e+00     
  90.000         104.000           -7.601e+00          -1.053e+01             156.656          -1.069e+01             238.618           1.233e+00     
  90.000         105.000           -7.343e+00          -1.057e+01             156.719          -1.015e+01             238.537           1.314e+00     
  90.000         106.000           -7.091e+00          -1.061e+01             156.786          -9.648e+00             238.459           1.591e+00     
  90.000         107.000           -6.846e+00          -1.065e+01             156.858          -9.186e+00             238.382           1.953e+00     
  90.000         108.000           -6.609e+00          -1.069e+01             156.935          -8.759e+00             238.306           2.342e+00     
  90.000         109.000           -6.380e+00          -1.074e+01             157.016          -8.364e+00             238.231           2.733e+00     
  90.000         110.000           -6.161e+00          -1.079e+01             157.102          -7.997e+00             238.156           3.114e+00     
  90.000         111.000           -5.952e+00          -1.084e+01             157.192          -7.657e+00             238.080           3.482e+00     
  90.000         112.000           -5.752e+00          -1.089e+01             157.288          -7.341e+00             238.004           3.834e+00     
  90.000         113.000           -5.564e+00          -1.095e+01             157.388          -7.049e+00             237.927           4.171e+00     
  90.000         114.000           -5.386e+00          -1.100e+01             157.493          -6.778e+00             237.849           4.493e+00     
  90.000         115.000           -5.219e+00          -1.106e+01             157.603          -6.528e+00             237.770           4.799e+00     
  90.000         116.000           -5.062e+00          -1.113e+01             157.718          -6.297e+00             237.690           5.090e+00     
  90.000         117.000           -4.917e+00          -1.119e+01             157.838          -6.084e+00             237.608           5.367e+00     
  90.000         118.000           -4.783e+00          -1.126e+01             157.964          -5.890e+00             237.525           5.630e+00     
  90.000         119.000           -4.660e+00          -1.133e+01             158.094          -5.712e+00             237.440           5.880e+00     
  90.000         120.000           -4.548e+00          -1.140e+01             158.229          -5.551e+00             237.352           6.117e+00     
  90.000         121.000           -4.448e+00          -1.148e+01             158.369          -5.406e+00             237.263           6.341e+00     
  90.000         122.000           -4.359e+00          -1.156e+01             158.515          -5.277e+00             237.172           6.553e+00     
  90.000         123.000           -4.281e+00          -1.164e+01             158.666          -5.163e+00             237.078           6.752e+00     
  90.000         124.000           -4.215e+00          -1.172e+01             158.822          -5.065e+00             236.982           6.940e+00     
  90.000         125.000           -4.161e+00          -1.180e+01             158.983          -4.981e+00             236.882           7.116e+00     
  90.000         126.000           -4.118e+00          -1.189e+01             159.149          -4.912e+00             236.780           7.280e+00     
  90.000         127.000           -4.088e+00          -1.198e+01             159.321          -4.858e+00             236.675           7.433e+00     
  90.000         128.000           -4.069e+00          -1.207e+01             159.498          -4.818e+00             236.565           7.575e+00     
  90.000         129.000           -4.063e+00          -1.216e+01             159.681          -4.794e+00             236.452           7.705e+00     
  90.000         130.000           -4.070e+00          -1.226e+01             159.869          -4.784e+00             236.334           7.823e+00     
  90.000         131.000           -4.089e+00          -1.236e+01             160.062          -4.789e+00             236.212           7.929e+00     
  90.000         132.000           -4.121e+00          -1.246e+01             160.260          -4.810e+00             236.084           8.024e+00     
  90.000         133.000           -4.167e+00          -1.256e+01             160.464          -4.846e+00             235.950           8.106e+00     
  90.000         134.000           -4.227e+00          -1.267e+01             160.672          -4.898e+00             235.809           8.176e+00     
  90.000         135.000           -4.301e+00          -1.277e+01             160.887          -4.967e+00             235.660           8.234e+00     
  90.000         136.000           -4.390e+00          -1.288e+01             161.106          -5.052e+00             235.503           8.278e+00     
  90.000         137.000           -4.493e+00          -1.299e+01             161.330          -5.155e+00             235.337           8.309e+00     
  90.000         138.000           -4.613e+00          -1.311e+01             161.560          -5.275e+00             235.159           8.326e+00     
  90.000         139.000           -4.749e+00          -1.322e+01             161.794          -5.415e+00             234.969           8.328e+00     
  90.000         140.000           -4.902e+00          -1.334e+01             162.034          -5.574e+00             234.765           8.315e+00     
  90.000         141.000           -5.074e+00          -1.346e+01             162.278          -5.754e+00             234.544           8.287e+00     
  90.000         142.000           -5.264e+00          -1.358e+01             162.527          -5.957e+00             234.304           8.242e+00     
  90.000         143.000           -5.475e+00          -1.370e+01             162.780          -6.182e+00             234.043           8.180e+00     
  90.000         144.000           -5.706e+00          -1.383e+01             163.038          -6.433e+00             233.756           8.100e+00     
  90.000         145.000           -5.960e+00          -1.396e+01             163.300          -6.710e+00             233.440           8.001e+00     
  90.000         146.000           -6.238e+00          -1.408e+01             163.567          -7.017e+00             233.088           7.882e+00     
  90.000         147.000           -6.541e+00          -1.421e+01             163.838          -7.355e+00             232.695           7.742e+00     
  90.000         148.000           -6.871e+00          -1.435e+01             164.112          -7.727e+00             232.252           7.582e+00     
  90.000         149.000           -7.231e+00          -1.448e+01             164.390          -8.138e+00             231.749           7.400e+00     
  90.000         150.000           -7.623e+00          -1.462e+01             164.672          -8.591e+00             231.173           7.198e+00     
  90.000         151.000           -8.049e+00          -1.475e+01             164.957          -9.092e+00             230.507           6.976e+00     
  90.000         152.000           -8.511e+00          -1.489e+01             165.245          -9.647e+00             229.728           6.739e+00     
  90.000         153.000           -9.014e+00          -1.503e+01             165.536          -1.026e+01             228.805           6.493e+00     
  90.000         154.000           -9.558e+00          -1.517e+01             165.830          -1.095e+01             227.696           6.255e+00     
  90.000         155.000           -1.015e+01          -1.532e+01             166.126          -1.172e+01             226.341           6.047e+00     
  90.000         156.000           -1.078e+01          -1.546e+01             166.424          -1.259e+01             224.651           5.915e+00     
  90.000         157.000           -1.147e+01          -1.561e+01             166.724          -1.358e+01             222.494           5.933e+00     
  90.000         158.000           -1.220e+01          -1.575e+01             167.025          -1.472e+01             219.659           6.216e+00     
  90.000         159.000           -1.296e+01          -1.590e+01             167.327          -1.603e+01             215.796           6.934e+00     
  90.000         160.000           -1.373e+01          -1.605e+01             167.631          -1.755e+01             210.301           8.339e+00     
  90.000         161.000           -1.447e+01          -1.620e+01             167.934          -1.929e+01             202.088           1.089e+01     
  90.000         162.000           -1.512e+01          -1.636e+01             168.238          -2.117e+01             189.285           1.597e+01     
  90.000         163.000           -1.558e+01          -1.651e+01             168.541          -2.274e+01             169.616           4.000e+01     
  90.000         164.000           -1.577e+01          -1.666e+01             168.844          -2.308e+01             144.298           1.560e+01     
  90.000         165.000           -1.563e+01          -1.682e+01             169.146          -2.184e+01             121.207           8.944e+00     
  90.000         166.000           -1.517e+01          -1.697e+01             169.446          -1.987e+01             105.237           5.040e+00     
  90.000         167.000           -1.448e+01          -1.713e+01             169.744          -1.788e+01              95.055           2.471e+00     
  90.000         168.000           -1.364e+01          -1.728e+01             170.040          -1.610e+01              88.405           1.740e+00     
  90.000         169.000           -1.274e+01          -1.744e+01             170.333          -1.454e+01              83.848           2.953e+00     
  90.000         170.000           -1.183e+01          -1.760e+01             170.623          -1.317e+01              80.576           4.431e+00     
  90.000         171.000           -1.094e+01          -1.775e+01             170.909          -1.195e+01              78.136           5.818e+00     
  90.000         172.000           -1.009e+01          -1.791e+01             171.191          -1.087e+01              76.257           7.088e+00     
  90.000         173.000           -9.283e+00          -1.807e+01             171.468          -9.899e+00              74.774           8.252e+00     
  90.000         174.000           -8.525e+00          -1.823e+01             171.740          -9.016e+00              73.579           9.325e+00     
  90.000         175.000           -7.812e+00          -1.839e+01             172.006          -8.210e+00              72.599           1.032e+01     
  90.000         176.000           -7.143e+00          -1.855e+01             172.266          -7.470e+00              71.785           1.125e+01     
  90.000         177.000           -6.515e+00          -1.870e+01             172.519          -6.786e+00              71.100           1.211e+01     
  90.000         178.000           -5.925e+00          -1.886e+01             172.764          -6.152e+00              70.517           1.293e+01     
  90.000         179.000           -5.371e+00          -1.902e+01             173.002          -5.562e+00              70.018           1.370e+01     
  90.000         180.000           -4.849e+00          -1.917e+01             173.231          -5.012e+00              69.587           1.443e+01     
  90.000         181.000           -4.357e+00          -1.933e+01             173.451          -4.497e+00              69.212           1.512e+01     
  90.000         182.000           -3.893e+00          -1.949e+01             173.662          -4.014e+00              68.884           1.578e+01     
  90.000         183.000           -3.455e+00          -1.964e+01             173.863          -3.560e+00              68.596           1.641e+01     
  90.000         184.000           -3.041e+00          -1.979e+01             174.053          -3.133e+00              68.342           1.700e+01     
  90.000         185.000           -2.649e+00          -1.995e+01             174.233          -2.731e+00              68.117           1.758e+01     
  90.000         186.000           -2.279e+00          -2.010e+01             174.401          -2.351e+00              67.916           1.812e+01     
  90.000         187.000           -1.929e+00          -2.025e+01             174.556          -1.993e+00              67.737           1.864e+01     
  90.000         188.000           -1.597e+00          -2.039e+01             174.700          -1.655e+00              67.577           1.914e+01     
  90.000         189.000           -1.283e+00          -2.054e+01             174.830          -1.335e+00              67.432           1.962e+01     
  90.000         190.000           -9.859e-01          -2.068e+01             174.947          -1.033e+00              67.302           2.008e+01     
  90.000         191.000           -7.046e-01          -2.082e+01             175.050          -7.470e-01              67.184           2.052e+01     
  90.000         192.000           -4.384e-01          -2.096e+01             175.139          -4.771e-01              67.076           2.093e+01     
  90.000         193.000           -1.867e-01          -2.110e+01             175.213          -2.221e-01              66.979           2.133e+01     
  90.000         194.000            5.110e-02          -2.124e+01             175.273           1.869e-02              66.889           2.172e+01     
  90.000         195.000            2.757e-01          -2.137e+01             175.317           2.458e-01              66.807           2.208e+01     
  90.000         196.000            4.875e-01          -2.150e+01             175.346           4.599e-01              66.731           2.243e+01     
  90.000         197.000            6.870e-01          -2.162e+01             175.360           6.614e-01              66.660           2.276e+01     
  90.000         198.000            8.746e-01          -2.175e+01             175.357           8.508e-01              66.594           2.308e+01     
  90.000         199.000            1.051e+00          -2.187e+01             175.339           1.029e+00              66.533           2.338e+01     
  90.000         200.000            1.216e+00          -2.198e+01             175.306           1.195e+00              66.475           2.366e+01     
  90.000         201.000            1.370e+00          -2.210e+01             175.256           1.351e+00              66.420           2.393e+01     
  90.000         202.000            1.514e+00          -2.221e+01             175.191           1.495e+00              66.368           2.418e+01     
  90.000         203.000            1.648e+00          -2.231e+01             175.111           1.630e+00              66.317           2.442e+01     
  90.000         204.000            1.771e+00          -2.241e+01             175.015           1.755e+00              66.269           2.465e+01     
  90.000         205.000            1.885e+00          -2.251e+01             174.904           1.869e+00              66.222           2.485e+01     
  90.000         206.000            1.989e+00          -2.261e+01             174.778           1.974e+00              66.177           2.505e+01     
  90.000         207.000            2.084e+00          -2.269e+01             174.638           2.070e+00              66.132           2.523e+01     
  90.000         208.000            2.170e+00          -2.278e+01             174.485           2.156e+00              66.088           2.539e+01     
  90.000         209.000            2.247e+00          -2.286e+01             174.318           2.233e+00              66.044           2.555e+01     
  90.000         210.000            2.315e+00          -2.294e+01             174.138           2.302e+00              66.001           2.568e+01     
  90.000         211.000            2.374e+00          -2.301e+01             173.946           2.361e+00              65.957           2.581e+01     
  90.000         212.000            2.424e+00          -2.307e+01             173.742           2.412e+00              65.914           2.592e+01     
  90.000         213.000            2.466e+00          -2.314e+01             173.528           2.454e+00              65.870           2.601e+01     
  90.000         214.000            2.499e+00          -2.319e+01             173.303           2.488e+00              65.827           2.610e+01     
  90.000         215.000            2.524e+00          -2.325e+01             173.070           2.513e+00              65.782           2.616e+01     
  90.000         216.000            2.541e+00          -2.330e+01             172.828           2.530e+00              65.737           2.622e+01     
  90.000         217.000            2.549e+00          -2.334e+01             172.578           2.538e+00              65.692           2.626e+01     
  90.000         218.000            2.549e+00          -2.338e+01             172.322           2.538e+00              65.646           2.629e+01     
  90.000         219.000            2.541e+00          -2.342e+01             172.060           2.530e+00              65.599           2.631e+01     
  90.000         220.000            2.524e+00          -2.345e+01             171.792           2.513e+00              65.552           2.632e+01     
  90.000         221.000            2.500e+00          -2.347e+01             171.521           2.489e+00              65.504           2.631e+01     
  90.000         222.000            2.466e+00          -2.350e+01             171.246           2.455e+00              65.455           2.629e+01     
  90.000         223.000            2.425e+00          -2.352e+01             170.969           2.414e+00              65.405           2.626e+01     
  90.000         224.000            2.375e+00          -2.353e+01             170.692           2.364e+00              65.355           2.621e+01     
  90.000         225.000            2.317e+00          -2.354e+01             170.412           2.305e+00              65.304           2.616e+01     
  90.000         226.000            2.250e+00          -2.355e+01             170.133           2.238e+00              65.252           2.609e+01     
  90.000         227.000            2.174e+00          -2.356e+01             169.854           2.163e+00              65.199           2.601e+01     
  90.000         228.000            2.090e+00          -2.356e+01             169.576           2.078e+00              65.146           2.592e+01     
  90.000         229.000            1.997e+00          -2.356e+01             169.301           1.985e+00              65.092           2.581e+01     
  90.000         230.000            1.895e+00          -2.355e+01             169.028           1.882e+00              65.038           2.570e+01     
  90.000         231.000            1.784e+00          -2.354e+01             168.759           1.771e+00              64.983           2.557e+01     
  90.000         232.000            1.663e+00          -2.353e+01             168.493           1.650e+00              64.927           2.543e+01     
  90.000         233.000            1.533e+00          -2.352e+01             168.231           1.519e+00              64.871           2.528e+01     
  90.000         234.000            1.393e+00          -2.351e+01             167.975           1.378e+00              64.815           2.512e+01     
  90.000         235.000            1.242e+00          -2.349e+01             167.723           1.228e+00              64.758           2.494e+01     
  90.000         236.000            1.082e+00          -2.347e+01             167.478           1.066e+00              64.702           2.476e+01     
  90.000         237.000            9.102e-01          -2.345e+01             167.238           8.943e-01              64.645           2.456e+01     
  90.000         238.000            7.277e-01          -2.343e+01             167.004           7.110e-01              64.588           2.435e+01     
  90.000         239.000            5.335e-01          -2.341e+01             166.776           5.160e-01              64.531           2.413e+01     
  90.000         240.000            3.273e-01          -2.339e+01             166.556           3.088e-01              64.474           2.389e+01     
  90.000         241.000            1.085e-01          -2.336e+01             166.342           8.897e-02              64.417           2.364e+01     
  90.000         242.000           -1.234e-01          -2.334e+01             166.135          -1.442e-01              64.360           2.338e+01     
  90.000         243.000           -3.692e-01          -2.331e+01             165.936          -3.914e-01              64.304           2.310e+01     
  90.000         244.000           -6.297e-01          -2.328e+01             165.743          -6.533e-01              64.248           2.281e+01     
  90.000         245.000           -9.055e-01          -2.326e+01             165.558          -9.309e-01              64.192           2.250e+01     
  90.000         246.000           -1.198e+00          -2.323e+01             165.380          -1.225e+00              64.136           2.218e+01     
  90.000         247.000           -1.508e+00          -2.321e+01             165.210          -1.537e+00              64.081           2.184e+01     
  90.000         248.000           -1.836e+00          -2.318e+01             165.047          -1.868e+00              64.027           2.148e+01     
  90.000         249.000           -2.185e+00          -2.315e+01             164.892          -2.219e+00              63.973           2.110e+01     
  90.000         250.000           -2.555e+00          -2.313e+01             164.744          -2.593e+00              63.919           2.069e+01     
  90.000         251.000           -2.949e+00          -2.310e+01             164.604          -2.991e+00              63.866           2.027e+01     
  90.000         252.000           -3.369e+00          -2.308e+01             164.471          -3.415e+00              63.813           1.982e+01     
  90.000         253.000           -3.816e+00          -2.306e+01             164.345          -3.869e+00              63.760           1.934e+01     
  90.000         254.000           -4.296e+00          -2.303e+01             164.226          -4.354e+00              63.707           1.883e+01     
  90.000         255.000           -4.810e+00          -2.301e+01             164.115          -4.876e+00              63.654           1.829e+01     
  90.000         256.000           -5.362e+00          -2.299e+01             164.011          -5.438e+00              63.600           1.770e+01     
  90.000         257.000           -5.959e+00          -2.297e+01             163.914          -6.046e+00              63.545           1.707e+01     
  90.000         258.000           -6.606e+00          -2.295e+01             163.825          -6.708e+00              63.488           1.639e+01     
  90.000         259.000           -7.311e+00          -2.294e+01             163.742          -7.432e+00              63.429           1.565e+01     
  90.000         260.000           -8.083e+00          -2.292e+01             163.666          -8.228e+00              63.366           1.484e+01     
  90.000         261.000           -8.935e+00          -2.291e+01             163.597          -9.113e+00              63.296           1.395e+01     
  90.000         262.000           -9.883e+00          -2.289e+01             163.535          -1.011e+01              63.218           1.295e+01     
  90.000         263.000           -1.095e+01          -2.288e+01             163.480          -1.123e+01              63.126           1.181e+01     
  90.000         264.000           -1.215e+01          -2.287e+01             163.432          -1.254e+01              63.012           1.051e+01     
  90.000         265.000           -1.354e+01          -2.286e+01             163.390          -1.408e+01              62.863           8.973e+00     
  90.000         266.000           -1.516e+01          -2.286e+01             163.355          -1.597e+01              62.651           7.116e+00     
  90.000         267.000           -1.706e+01          -2.285e+01             163.327          -1.839e+01              62.313           4.791e+00     
  90.000         268.000           -1.926e+01          -2.285e+01             163.306          -2.177e+01              61.664           2.082e+00     
  90.000         269.000           -2.154e+01          -2.284e+01             163.291          -2.738e+01              59.854           5.019e+00     
  90.000         270.000           -2.283e+01          -2.284e+01             163.283          -4.656e+01              26.688           2.699e+01     
  90.000         271.000           -2.191e+01          -2.284e+01             163.281          -2.906e+01             248.236           6.266e+00     
  90.000         272.000           -1.972e+01          -2.285e+01             163.286          -2.261e+01             245.827           1.159e+00     
  90.000         273.000           -1.747e+01          -2.285e+01             163.298          -1.895e+01             245.078           4.110e+00     
  90.000         274.000           -1.550e+01          -2.286e+01             163.316          -1.639e+01             244.718           6.623e+00     
  90.000         275.000           -1.384e+01          -2.286e+01             163.341          -1.442e+01             244.509           8.584e+00     
  90.000         276.000           -1.241e+01          -2.287e+01             163.373          -1.282e+01             244.377           1.019e+01     
  90.000         277.000           -1.117e+01          -2.288e+01             163.412          -1.147e+01             244.288           1.154e+01     
  90.000         278.000           -1.008e+01          -2.289e+01             163.457          -1.031e+01             244.228           1.271e+01     
  90.000         279.000           -9.114e+00          -2.291e+01             163.510          -9.299e+00             244.187           1.373e+01     
  90.000         280.000           -8.245e+00          -2.292e+01             163.569          -8.396e+00             244.160           1.465e+01     
  90.000         281.000           -7.459e+00          -2.294e+01             163.635          -7.584e+00             244.144           1.548e+01     
  90.000         282.000           -6.742e+00          -2.295e+01             163.708          -6.848e+00             244.136           1.624e+01     
  90.000         283.000           -6.085e+00          -2.297e+01             163.788          -6.175e+00             244.136           1.693e+01     
  90.000         284.000           -5.480e+00          -2.299e+01             163.876          -5.557e+00             244.141           1.757e+01     
  90.000         285.000           -4.919e+00          -2.301e+01             163.970          -4.987e+00             244.151           1.816e+01     
  90.000         286.000           -4.399e+00          -2.303e+01             164.072          -4.458e+00             244.166           1.871e+01     
  90.000         287.000           -3.913e+00          -2.306e+01             164.182          -3.967e+00             244.184           1.923e+01     
  90.000         288.000           -3.460e+00          -2.308e+01             164.298          -3.508e+00             244.206           1.971e+01     
  90.000         289.000           -3.036e+00          -2.310e+01             164.422          -3.079e+00             244.231           2.017e+01     
  90.000         290.000           -2.637e+00          -2.313e+01             164.554          -2.676e+00             244.258           2.060e+01     
  90.000         291.000           -2.263e+00          -2.315e+01             164.693          -2.298e+00             244.288           2.100e+01     
  90.000         292.000           -1.911e+00          -2.318e+01             164.840          -1.943e+00             244.320           2.139e+01     
  90.000         293.000           -1.579e+00          -2.320e+01             164.994          -1.609e+00             244.355           2.175e+01     
  90.000         294.000           -1.266e+00          -2.323e+01             165.156          -1.294e+00             244.390           2.209e+01     
  90.000         295.000           -9.709e-01          -2.326e+01             165.325          -9.966e-01             244.428           2.242e+01     
  90.000         296.000           -6.923e-01          -2.328e+01             165.502          -7.163e-01             244.467           2.273e+01     
  90.000         297.000           -4.294e-01          -2.331e+01             165.687          -4.519e-01             244.507           2.302e+01     
  90.000         298.000           -1.812e-01          -2.333e+01             165.879          -2.023e-01             244.549           2.330e+01     
  90.000         299.000            5.294e-02          -2.336e+01             166.078           3.309e-02             244.591           2.357e+01     
  90.000         300.000            2.738e-01          -2.338e+01             166.285           2.551e-01             244.634           2.382e+01     
  90.000         301.000            4.820e-01          -2.340e+01             166.499           4.642e-01             244.678           2.405e+01     
  90.000         302.000            6.780e-01          -2.342e+01             166.719           6.611e-01             244.723           2.428e+01     
  90.000         303.000            8.624e-01          -2.344e+01             166.947           8.463e-01             244.768           2.449e+01     
  90.000         304.000            1.036e+00          -2.346e+01             167.180           1.020e+00             244.813           2.469e+01     
  90.000         305.000            1.198e+00          -2.348e+01             167.420           1.183e+00             244.859           2.488e+01     
  90.000         306.000            1.350e+00          -2.350e+01             167.666           1.335e+00             244.904           2.505e+01     
  90.000         307.000            1.491e+00          -2.351e+01             167.918           1.478e+00             244.950           2.521e+01     
  90.000         308.000            1.623e+00          -2.352e+01             168.174           1.610e+00             244.996           2.536e+01     
  90.000         309.000            1.745e+00          -2.353e+01             168.436           1.732e+00             245.042           2.550e+01     
  90.000         310.000            1.858e+00          -2.354e+01             168.701           1.845e+00             245.087           2.563e+01     
  90.000         311.000            1.961e+00          -2.354e+01             168.970           1.949e+00             245.132           2.575e+01     
  90.000         312.000            2.056e+00          -2.354e+01             169.242           2.044e+00             245.177           2.585e+01     
  90.000         313.000            2.141e+00          -2.354e+01             169.517           2.130e+00             245.221           2.594e+01     
  90.000         314.000            2.218e+00          -2.353e+01             169.794           2.207e+00             245.265           2.602e+01     
  90.000         315.000            2.286e+00          -2.352e+01             170.071           2.275e+00             245.309           2.609e+01     
  90.000         316.000            2.346e+00          -2.351e+01             170.349           2.335e+00             245.351           2.615e+01     
  90.000         317.000            2.397e+00          -2.349e+01             170.626           2.386e+00             245.393           2.619e+01     
  90.000         318.000            2.440e+00          -2.347e+01             170.903           2.429e+00             245.435           2.623e+01     
  90.000         319.000            2.474e+00          -2.345e+01             171.177           2.463e+00             245.476           2.625e+01     
  90.000         320.000            2.500e+00          -2.342e+01             171.449           2.489e+00             245.516           2.625e+01     
  90.000         321.000            2.518e+00          -2.339e+01             171.718           2.507e+00             245.556           2.625e+01     
  90.000         322.000            2.528e+00          -2.335e+01             171.982           2.517e+00             245.595           2.623e+01     
  90.000         323.000            2.529e+00          -2.331e+01             172.240           2.518e+00             245.634           2.620e+01     
  90.000         324.000            2.522e+00          -2.327e+01             172.492           2.511e+00             245.672           2.616e+01     
  90.000         325.000            2.507e+00          -2.322e+01             172.737           2.495e+00             245.709           2.610e+01     
  90.000         326.000            2.483e+00          -2.316e+01             172.975           2.471e+00             245.746           2.603e+01     
  90.000         327.000            2.451e+00          -2.310e+01             173.203           2.439e+00             245.783           2.595e+01     
  90.000         328.000            2.411e+00          -2.304e+01             173.422           2.398e+00             245.819           2.586e+01     
  90.000         329.000            2.362e+00          -2.297e+01             173.631           2.349e+00             245.856           2.575e+01     
  90.000         330.000            2.304e+00          -2.290e+01             173.829           2.291e+00             245.892           2.563e+01     
  90.000         331.000            2.238e+00          -2.282e+01             174.015           2.224e+00             245.929           2.549e+01     
  90.000         332.000            2.162e+00          -2.274e+01             174.189           2.148e+00             245.965           2.534e+01     
  90.000         333.000            2.078e+00          -2.265e+01             174.350           2.064e+00             246.003           2.517e+01     
  90.000         334.000            1.985e+00          -2.256e+01             174.497           1.970e+00             246.041           2.500e+01     
  90.000         335.000            1.882e+00          -2.247e+01             174.631           1.866e+00             246.079           2.480e+01     
  90.000         336.000            1.770e+00          -2.237e+01             174.750           1.753e+00             246.120           2.460e+01     
  90.000         337.000            1.648e+00          -2.227e+01             174.855           1.630e+00             246.161           2.437e+01     
  90.000         338.000            1.516e+00          -2.216e+01             174.944           1.498e+00             246.205           2.414e+01     
  90.000         339.000            1.374e+00          -2.205e+01             175.019           1.355e+00             246.250           2.389e+01     
  90.000         340.000            1.222e+00          -2.194e+01             175.078           1.201e+00             246.299           2.362e+01     
  90.000         341.000            1.059e+00          -2.182e+01             175.121           1.037e+00             246.350           2.334e+01     
  90.000         342.000            8.848e-01          -2.170e+01             175.149           8.608e-01             246.405           2.304e+01     
  90.000         343.000            6.994e-01          -2.158e+01             175.161           6.736e-01             246.464           2.273e+01     
  90.000         344.000            5.022e-01          -2.145e+01             175.158           4.744e-01             246.528           2.240e+01     
  90.000         345.000            2.928e-01          -2.132e+01             175.140           2.627e-01             246.597           2.206e+01     
  90.000         346.000            7.075e-02          -2.119e+01             175.106           3.815e-02             246.672           2.169e+01     
  90.000         347.000           -1.644e-01          -2.106e+01             175.057          -1.999e-01             246.755           2.131e+01     
  90.000         348.000           -4.133e-01          -2.092e+01             174.993          -4.521e-01             246.846           2.092e+01     
  90.000         349.000           -6.764e-01          -2.078e+01             174.915          -7.191e-01             246.946           2.050e+01     
  90.000         350.000           -9.546e-01          -2.064e+01             174.823          -1.002e+00             247.056           2.007e+01     
  90.000         351.000           -1.248e+00          -2.049e+01             174.716          -1.300e+00             247.179           1.962e+01     
  90.000         352.000           -1.559e+00          -2.035e+01             174.597          -1.617e+00             247.316           1.914e+01     
  90.000         353.000           -1.887e+00          -2.020e+01             174.464          -1.951e+00             247.468           1.865e+01     
  90.000         354.000           -2.233e+00          -2.005e+01             174.318          -2.305e+00             247.639           1.813e+01     
  90.000         355.000           -2.599e+00          -1.990e+01             174.160          -2.680e+00             247.830           1.759e+01     
  90.000         356.000           -2.985e+00          -1.975e+01             173.991          -3.078e+00             248.046           1.703e+01     
  90.000         357.000           -3.394e+00          -1.960e+01             173.810          -3.499e+00             248.290           1.644e+01     
  90.000         358.000           -3.827e+00          -1.945e+01             173.618          -3.947e+00             248.567           1.582e+01     
  90.000         359.000           -4.285e+00          -1.929e+01             173.417          -4.424e+00             248.882           1.517e+01     
