Theta [deg.]  Phi   [deg.]  Abs(Grlz)[dBi   ]   Abs(Theta)[dBi   ]  Phase(Theta)[deg.]  Abs(Phi  )[dBi   ]  Phase(Phi  )[deg.]  Ax.Ratio[dB    ]    
------------------------------------------------------------------------------------------------------------------------------------------------------
   0.000          90.000            1.677e+00           1.677e+00             150.229          -5.021e+01              72.987           4.000e+01     
   1.000          90.000            1.632e+00           1.632e+00             151.506          -5.067e+01              76.701           4.000e+01     
   2.000          90.000            1.587e+00           1.587e+00             152.784          -5.113e+01              80.735           4.000e+01     
   3.000          90.000            1.543e+00           1.543e+00             154.059          -5.158e+01              85.109           4.000e+01     
   4.000          90.000            1.500e+00           1.500e+00             155.328          -5.200e+01              89.837           4.000e+01     
   5.000          90.000            1.457e+00           1.457e+00             156.588          -5.240e+01              94.922           4.000e+01     
   6.000          90.000            1.415e+00           1.415e+00             157.837          -5.275e+01             100.349           4.000e+01     
   7.000          90.000            1.374e+00           1.374e+00             159.072          -5.305e+01             106.084           4.000e+01     
   8.000          90.000            1.334e+00           1.334e+00             160.291          -5.328e+01             112.067           4.000e+01     
   9.000          90.000            1.293e+00           1.293e+00             161.491          -5.344e+01             118.217           4.000e+01     
  10.000          90.000            1.253e+00           1.253e+00             162.669          -5.353e+01             124.437           4.000e+01     
  11.000          90.000            1.213e+00           1.212e+00             163.824          -5.353e+01             130.622           4.000e+01     
  12.000          90.000            1.172e+00           1.172e+00             164.953          -5.346e+01             136.671           4.000e+01     
  13.000          90.000            1.131e+00           1.131e+00             166.054          -5.332e+01             142.500           4.000e+01     
  14.000          90.000            1.089e+00           1.089e+00             167.125          -5.313e+01             148.043           4.000e+01     
  15.000          90.000            1.046e+00           1.046e+00             168.166          -5.289e+01             153.259           4.000e+01     
  16.000          90.000            1.002e+00           1.002e+00             169.174          -5.262e+01             158.129           4.000e+01     
  17.000          90.000            9.561e-01           9.561e-01             170.147          -5.232e+01             162.652           4.000e+01     
  18.000          90.000            9.087e-01           9.087e-01             171.086          -5.201e+01             166.840           4.000e+01     
  19.000          90.000            8.593e-01           8.593e-01             171.988          -5.170e+01             170.712           4.000e+01     
  20.000          90.000            8.077e-01           8.077e-01             172.853          -5.138e+01             174.292           4.000e+01     
  21.000          90.000            7.536e-01           7.536e-01             173.680          -5.106e+01             177.607           4.000e+01     
  22.000          90.000            6.968e-01           6.968e-01             174.469          -5.076e+01             180.683           4.000e+01     
  23.000          90.000            6.371e-01           6.371e-01             175.218          -5.046e+01             183.544           4.000e+01     
  24.000          90.000            5.743e-01           5.742e-01             175.927          -5.017e+01             186.214           4.000e+01     
  25.000          90.000            5.081e-01           5.081e-01             176.596          -4.989e+01             188.713           4.000e+01     
  26.000          90.000            4.385e-01           4.385e-01             177.224          -4.963e+01             191.060           4.000e+01     
  27.000          90.000            3.652e-01           3.652e-01             177.812          -4.937e+01             193.272           4.000e+01     
  28.000          90.000            2.881e-01           2.881e-01             178.358          -4.913e+01             195.363           4.000e+01     
  29.000          90.000            2.071e-01           2.071e-01             178.863          -4.891e+01             197.347           4.000e+01     
  30.000          90.000            1.220e-01           1.220e-01             179.327          -4.869e+01             199.234           4.000e+01     
  31.000          90.000            3.276e-02           3.270e-02             179.749          -4.849e+01             201.035           4.000e+01     
  32.000          90.000           -6.076e-02          -6.083e-02             180.130          -4.830e+01             202.758           4.000e+01     
  33.000          90.000           -1.586e-01          -1.587e-01             180.469          -4.812e+01             204.411           4.000e+01     
  34.000          90.000           -2.609e-01          -2.609e-01             180.766          -4.795e+01             206.000           4.000e+01     
  35.000          90.000           -3.676e-01          -3.677e-01             181.021          -4.779e+01             207.532           4.000e+01     
  36.000          90.000           -4.788e-01          -4.789e-01             181.234          -4.764e+01             209.011           4.000e+01     
  37.000          90.000           -5.945e-01          -5.946e-01             181.405          -4.750e+01             210.442           4.000e+01     
  38.000          90.000           -7.147e-01          -7.148e-01             181.533          -4.738e+01             211.829           4.000e+01     
  39.000          90.000           -8.394e-01          -8.395e-01             181.619          -4.725e+01             213.175           4.000e+01     
  40.000          90.000           -9.686e-01          -9.687e-01             181.663          -4.714e+01             214.484           4.000e+01     
  41.000          90.000           -1.102e+00          -1.102e+00             181.664          -4.704e+01             215.758           4.000e+01     
  42.000          90.000           -1.240e+00          -1.240e+00             181.622          -4.694e+01             216.998           4.000e+01     
  43.000          90.000           -1.383e+00          -1.383e+00             181.536          -4.685e+01             218.208           4.000e+01     
  44.000          90.000           -1.529e+00          -1.529e+00             181.407          -4.677e+01             219.389           4.000e+01     
  45.000          90.000           -1.680e+00          -1.680e+00             181.234          -4.669e+01             220.542           4.000e+01     
  46.000          90.000           -1.835e+00          -1.835e+00             181.017          -4.662e+01             221.669           4.000e+01     
  47.000          90.000           -1.994e+00          -1.994e+00             180.756          -4.655e+01             222.771           4.000e+01     
  48.000          90.000           -2.156e+00          -2.156e+00             180.449          -4.649e+01             223.849           4.000e+01     
  49.000          90.000           -2.322e+00          -2.323e+00             180.098          -4.644e+01             224.903           4.000e+01     
  50.000          90.000           -2.492e+00          -2.493e+00             179.700          -4.639e+01             225.935           4.000e+01     
  51.000          90.000           -2.666e+00          -2.666e+00             179.256          -4.635e+01             226.944           4.000e+01     
  52.000          90.000           -2.842e+00          -2.842e+00             178.765          -4.631e+01             227.932           4.000e+01     
  53.000          90.000           -3.022e+00          -3.022e+00             178.227          -4.627e+01             228.897           4.000e+01     
  54.000          90.000           -3.204e+00          -3.204e+00             177.641          -4.624e+01             229.842           4.000e+01     
  55.000          90.000           -3.389e+00          -3.389e+00             177.006          -4.621e+01             230.765           4.000e+01     
  56.000          90.000           -3.576e+00          -3.576e+00             176.322          -4.618e+01             231.668           4.000e+01     
  57.000          90.000           -3.765e+00          -3.766e+00             175.589          -4.616e+01             232.549           4.000e+01     
  58.000          90.000           -3.957e+00          -3.957e+00             174.804          -4.614e+01             233.409           4.000e+01     
  59.000          90.000           -4.150e+00          -4.150e+00             173.969          -4.612e+01             234.248           4.000e+01     
  60.000          90.000           -4.344e+00          -4.344e+00             173.082          -4.611e+01             235.065           4.000e+01     
  61.000          90.000           -4.539e+00          -4.539e+00             172.142          -4.609e+01             235.861           4.000e+01     
  62.000          90.000           -4.735e+00          -4.735e+00             171.148          -4.608e+01             236.634           4.000e+01     
  63.000          90.000           -4.931e+00          -4.932e+00             170.101          -4.608e+01             237.386           4.000e+01     
  64.000          90.000           -5.128e+00          -5.128e+00             168.999          -4.607e+01             238.115           4.000e+01     
  65.000          90.000           -5.324e+00          -5.324e+00             167.842          -4.607e+01             238.821           4.000e+01     
  66.000          90.000           -5.519e+00          -5.519e+00             166.628          -4.606e+01             239.504           4.000e+01     
  67.000          90.000           -5.713e+00          -5.713e+00             165.358          -4.606e+01             240.163           4.000e+01     
  68.000          90.000           -5.906e+00          -5.906e+00             164.030          -4.606e+01             240.799           4.000e+01     
  69.000          90.000           -6.096e+00          -6.097e+00             162.645          -4.606e+01             241.410           4.000e+01     
  70.000          90.000           -6.284e+00          -6.285e+00             161.201          -4.606e+01             241.996           3.989e+01     
  71.000          90.000           -6.469e+00          -6.470e+00             159.698          -4.607e+01             242.557           3.966e+01     
  72.000          90.000           -6.651e+00          -6.651e+00             158.136          -4.607e+01             243.093           3.945e+01     
  73.000          90.000           -6.828e+00          -6.829e+00             156.514          -4.607e+01             243.603           3.926e+01     
  74.000          90.000           -7.001e+00          -7.002e+00             154.833          -4.608e+01             244.086           3.908e+01     
  75.000          90.000           -7.169e+00          -7.169e+00             153.093          -4.609e+01             244.543           3.892e+01     
  76.000          90.000           -7.330e+00          -7.331e+00             151.293          -4.609e+01             244.972           3.878e+01     
  77.000          90.000           -7.486e+00          -7.486e+00             149.435          -4.610e+01             245.374           3.866e+01     
  78.000          90.000           -7.634e+00          -7.635e+00             147.519          -4.610e+01             245.748           3.856e+01     
  79.000          90.000           -7.774e+00          -7.775e+00             145.547          -4.611e+01             246.094           3.849e+01     
  80.000          90.000           -7.906e+00          -7.907e+00             143.518          -4.612e+01             246.412           3.843e+01     
  81.000          90.000           -8.029e+00          -8.030e+00             141.437          -4.613e+01             246.700           3.841e+01     
  82.000          90.000           -8.142e+00          -8.142e+00             139.304          -4.614e+01             246.959           3.841e+01     
  83.000          90.000           -8.244e+00          -8.245e+00             137.123          -4.614e+01             247.189           3.844e+01     
  84.000          90.000           -8.335e+00          -8.335e+00             134.896          -4.615e+01             247.390           3.850e+01     
  85.000          90.000           -8.414e+00          -8.414e+00             132.627          -4.616e+01             247.560           3.860e+01     
  86.000          90.000           -8.480e+00          -8.481e+00             130.320          -4.617e+01             247.700           3.872e+01     
  87.000          90.000           -8.533e+00          -8.534e+00             127.980          -4.618e+01             247.810           3.888e+01     
  88.000          90.000           -8.573e+00          -8.573e+00             125.613          -4.619e+01             247.889           3.907e+01     
  89.000          90.000           -8.598e+00          -8.599e+00             123.222          -4.619e+01             247.938           3.930e+01     
  90.000          90.000           -8.609e+00          -8.609e+00             120.815          -4.620e+01             247.956           3.956e+01     
  91.000          90.000           -8.605e+00          -8.605e+00             118.397          -4.621e+01             247.943           3.987e+01     
  92.000          90.000           -8.586e+00          -8.587e+00             115.975          -4.622e+01             247.899           4.000e+01     
  93.000          90.000           -8.552e+00          -8.553e+00             113.556          -4.623e+01             247.824           4.000e+01     
  94.000          90.000           -8.503e+00          -8.504e+00             111.145          -4.624e+01             247.718           4.000e+01     
  95.000          90.000           -8.440e+00          -8.440e+00             108.749          -4.625e+01             247.581           4.000e+01     
  96.000          90.000           -8.361e+00          -8.362e+00             106.376          -4.626e+01             247.412           4.000e+01     
  97.000          90.000           -8.269e+00          -8.270e+00             104.030          -4.627e+01             247.213           4.000e+01     
  98.000          90.000           -8.164e+00          -8.164e+00             101.717          -4.628e+01             246.982           4.000e+01     
  99.000          90.000           -8.045e+00          -8.046e+00              99.443          -4.629e+01             246.720           4.000e+01     
 100.000          90.000           -7.914e+00          -7.914e+00              97.212          -4.630e+01             246.427           4.000e+01     
 101.000          90.000           -7.771e+00          -7.772e+00              95.029          -4.631e+01             246.102           4.000e+01     
 102.000          90.000           -7.618e+00          -7.618e+00              92.896          -4.632e+01             245.747           4.000e+01     
 103.000          90.000           -7.454e+00          -7.454e+00              90.818          -4.633e+01             245.360           4.000e+01     
 104.000          90.000           -7.281e+00          -7.281e+00              88.796          -4.634e+01             244.943           4.000e+01     
 105.000          90.000           -7.100e+00          -7.100e+00              86.831          -4.636e+01             244.494           4.000e+01     
 106.000          90.000           -6.911e+00          -6.911e+00              84.926          -4.637e+01             244.014           4.000e+01     
 107.000          90.000           -6.715e+00          -6.715e+00              83.081          -4.639e+01             243.503           4.000e+01     
 108.000          90.000           -6.513e+00          -6.514e+00              81.296          -4.640e+01             242.962           4.000e+01     
 109.000          90.000           -6.307e+00          -6.307e+00              79.570          -4.642e+01             242.389           4.000e+01     
 110.000          90.000           -6.096e+00          -6.096e+00              77.904          -4.643e+01             241.785           4.000e+01     
 111.000          90.000           -5.881e+00          -5.881e+00              76.296          -4.645e+01             241.149           4.000e+01     
 112.000          90.000           -5.663e+00          -5.664e+00              74.745          -4.647e+01             240.483           4.000e+01     
 113.000          90.000           -5.443e+00          -5.444e+00              73.250          -4.649e+01             239.785           4.000e+01     
 114.000          90.000           -5.221e+00          -5.222e+00              71.808          -4.652e+01             239.056           4.000e+01     
 115.000          90.000           -4.999e+00          -4.999e+00              70.419          -4.654e+01             238.295           4.000e+01     
 116.000          90.000           -4.775e+00          -4.775e+00              69.079          -4.657e+01             237.502           4.000e+01     
 117.000          90.000           -4.552e+00          -4.552e+00              67.787          -4.659e+01             236.676           4.000e+01     
 118.000          90.000           -4.329e+00          -4.329e+00              66.541          -4.662e+01             235.819           4.000e+01     
 119.000          90.000           -4.106e+00          -4.106e+00              65.338          -4.666e+01             234.928           4.000e+01     
 120.000          90.000           -3.885e+00          -3.885e+00              64.177          -4.669e+01             234.004           4.000e+01     
 121.000          90.000           -3.665e+00          -3.666e+00              63.054          -4.673e+01             233.045           4.000e+01     
 122.000          90.000           -3.448e+00          -3.448e+00              61.968          -4.676e+01             232.053           4.000e+01     
 123.000          90.000           -3.232e+00          -3.233e+00              60.917          -4.680e+01             231.025           4.000e+01     
 124.000          90.000           -3.019e+00          -3.020e+00              59.898          -4.685e+01             229.961           4.000e+01     
 125.000          90.000           -2.809e+00          -2.810e+00              58.909          -4.689e+01             228.860           4.000e+01     
 126.000          90.000           -2.602e+00          -2.603e+00              57.948          -4.694e+01             227.722           4.000e+01     
 127.000          90.000           -2.399e+00          -2.399e+00              57.013          -4.700e+01             226.545           4.000e+01     
 128.000          90.000           -2.198e+00          -2.199e+00              56.102          -4.705e+01             225.327           4.000e+01     
 129.000          90.000           -2.002e+00          -2.002e+00              55.213          -4.711e+01             224.068           4.000e+01     
 130.000          90.000           -1.809e+00          -1.809e+00              54.343          -4.717e+01             222.767           4.000e+01     
 131.000          90.000           -1.620e+00          -1.621e+00              53.492          -4.724e+01             221.421           4.000e+01     
 132.000          90.000           -1.436e+00          -1.436e+00              52.656          -4.731e+01             220.029           4.000e+01     
 133.000          90.000           -1.256e+00          -1.256e+00              51.836          -4.738e+01             218.589           4.000e+01     
 134.000          90.000           -1.080e+00          -1.081e+00              51.028          -4.745e+01             217.098           4.000e+01     
 135.000          90.000           -9.095e-01          -9.095e-01              50.230          -4.753e+01             215.555           4.000e+01     
 136.000          90.000           -7.432e-01          -7.433e-01              49.442          -4.762e+01             213.957           4.000e+01     
 137.000          90.000           -5.818e-01          -5.819e-01              48.662          -4.770e+01             212.302           4.000e+01     
 138.000          90.000           -4.254e-01          -4.254e-01              47.888          -4.779e+01             210.586           4.000e+01     
 139.000          90.000           -2.739e-01          -2.740e-01              47.119          -4.789e+01             208.806           4.000e+01     
 140.000          90.000           -1.276e-01          -1.277e-01              46.353          -4.799e+01             206.960           4.000e+01     
 141.000          90.000            1.351e-02           1.345e-02              45.588          -4.809e+01             205.043           4.000e+01     
 142.000          90.000            1.494e-01           1.493e-01              44.824          -4.819e+01             203.051           4.000e+01     
 143.000          90.000            2.800e-01           2.799e-01              44.059          -4.829e+01             200.983           4.000e+01     
 144.000          90.000            4.052e-01           4.051e-01              43.291          -4.840e+01             198.832           4.000e+01     
 145.000          90.000            5.249e-01           5.249e-01              42.519          -4.851e+01             196.595           4.000e+01     
 146.000          90.000            6.393e-01           6.392e-01              41.742          -4.862e+01             194.268           4.000e+01     
 147.000          90.000            7.481e-01           7.480e-01              40.959          -4.873e+01             191.848           4.000e+01     
 148.000          90.000            8.514e-01           8.514e-01              40.168          -4.884e+01             189.330           4.000e+01     
 149.000          90.000            9.492e-01           9.492e-01              39.368          -4.895e+01             186.710           4.000e+01     
 150.000          90.000            1.041e+00           1.041e+00              38.558          -4.905e+01             183.986           4.000e+01     
 151.000          90.000            1.128e+00           1.128e+00              37.737          -4.915e+01             181.155           4.000e+01     
 152.000          90.000            1.209e+00           1.209e+00              36.903          -4.925e+01             178.215           4.000e+01     
 153.000          90.000            1.285e+00           1.285e+00              36.055          -4.934e+01             175.167           4.000e+01     
 154.000          90.000            1.355e+00           1.355e+00              35.192          -4.941e+01             172.012           4.000e+01     
 155.000          90.000            1.420e+00           1.420e+00              34.313          -4.948e+01             168.751           4.000e+01     
 156.000          90.000            1.479e+00           1.479e+00              33.417          -4.954e+01             165.389           4.000e+01     
 157.000          90.000            1.533e+00           1.533e+00              32.503          -4.958e+01             161.933           4.000e+01     
 158.000          90.000            1.582e+00           1.582e+00              31.569          -4.960e+01             158.391           4.000e+01     
 159.000          90.000            1.625e+00           1.625e+00              30.614          -4.961e+01             154.774           4.000e+01     
 160.000          90.000            1.664e+00           1.664e+00              29.638          -4.959e+01             151.095           4.000e+01     
 161.000          90.000            1.697e+00           1.697e+00              28.639          -4.956e+01             147.369           4.000e+01     
 162.000          90.000            1.725e+00           1.725e+00              27.617          -4.950e+01             143.611           4.000e+01     
 163.000          90.000            1.749e+00           1.749e+00              26.570          -4.943e+01             139.838           4.000e+01     
 164.000          90.000            1.768e+00           1.768e+00              25.497          -4.933e+01             136.070           4.000e+01     
 165.000          90.000            1.782e+00           1.782e+00              24.398          -4.920e+01             132.322           4.000e+01     
 166.000          90.000            1.793e+00           1.793e+00              23.272          -4.906e+01             128.613           4.000e+01     
 167.000          90.000            1.799e+00           1.798e+00              22.118          -4.890e+01             124.956           4.000e+01     
 168.000          90.000            1.801e+00           1.801e+00              20.935          -4.872e+01             121.368           4.000e+01     
 169.000          90.000            1.799e+00           1.799e+00              19.723          -4.852e+01             117.859           4.000e+01     
 170.000          90.000            1.794e+00           1.794e+00              18.481          -4.830e+01             114.439           4.000e+01     
 171.000          90.000            1.785e+00           1.785e+00              17.209          -4.808e+01             111.116           4.000e+01     
 172.000          90.000            1.774e+00           1.773e+00              15.906          -4.784e+01             107.896           4.000e+01     
 173.000          90.000            1.759e+00           1.759e+00              14.572          -4.759e+01             104.781           4.000e+01     
 174.000          90.000            1.742e+00           1.742e+00              13.208          -4.734e+01             101.775           4.000e+01     
 175.000          90.000            1.723e+00           1.723e+00              11.813          -4.708e+01              98.877           4.000e+01     
 176.000          90.000            1.703e+00           1.703e+00              10.388          -4.682e+01              96.085           4.000e+01     
 177.000          90.000            1.680e+00           1.680e+00               8.933          -4.655e+01              93.399           4.000e+01     
 178.000          90.000            1.656e+00           1.656e+00               7.448          -4.628e+01              90.815           4.000e+01     
 179.000          90.000            1.632e+00           1.631e+00               5.935          -4.602e+01              88.330           4.000e+01     
 180.000          90.000            1.606e+00           1.606e+00               4.395          -4.575e+01              85.940           4.000e+01     
 179.000         270.000            1.580e+00           1.580e+00             182.827          -4.549e+01             263.640           4.000e+01     
 178.000         270.000            1.554e+00           1.554e+00             181.235          -4.523e+01             261.427           4.000e+01     
 177.000         270.000            1.529e+00           1.528e+00             179.619          -4.497e+01             259.295           4.000e+01     
 176.000         270.000            1.503e+00           1.503e+00             177.982          -4.472e+01             257.242           4.000e+01     
 175.000         270.000            1.479e+00           1.479e+00             176.324          -4.447e+01             255.262           4.000e+01     
 174.000         270.000            1.455e+00           1.455e+00             174.649          -4.422e+01             253.351           4.000e+01     
 173.000         270.000            1.433e+00           1.432e+00             172.959          -4.399e+01             251.506           4.000e+01     
 172.000         270.000            1.411e+00           1.411e+00             171.255          -4.376e+01             249.722           4.000e+01     
 171.000         270.000            1.392e+00           1.391e+00             169.541          -4.353e+01             247.997           4.000e+01     
 170.000         270.000            1.373e+00           1.373e+00             167.819          -4.331e+01             246.326           4.000e+01     
 169.000         270.000            1.357e+00           1.357e+00             166.092          -4.309e+01             244.707           4.000e+01     
 168.000         270.000            1.342e+00           1.342e+00             164.363          -4.289e+01             243.137           4.000e+01     
 167.000         270.000            1.329e+00           1.328e+00             162.634          -4.268e+01             241.613           4.000e+01     
 166.000         270.000            1.317e+00           1.317e+00             160.908          -4.249e+01             240.132           4.000e+01     
 165.000         270.000            1.307e+00           1.307e+00             159.187          -4.230e+01             238.692           4.000e+01     
 164.000         270.000            1.298e+00           1.298e+00             157.475          -4.212e+01             237.290           4.000e+01     
 163.000         270.000            1.291e+00           1.291e+00             155.774          -4.194e+01             235.925           4.000e+01     
 162.000         270.000            1.285e+00           1.285e+00             154.086          -4.177e+01             234.595           4.000e+01     
 161.000         270.000            1.280e+00           1.279e+00             152.413          -4.161e+01             233.297           4.000e+01     
 160.000         270.000            1.275e+00           1.275e+00             150.758          -4.145e+01             232.030           4.000e+01     
 159.000         270.000            1.271e+00           1.271e+00             149.122          -4.130e+01             230.793           4.000e+01     
 158.000         270.000            1.267e+00           1.267e+00             147.507          -4.115e+01             229.583           4.000e+01     
 157.000         270.000            1.263e+00           1.263e+00             145.915          -4.101e+01             228.401           4.000e+01     
 156.000         270.000            1.259e+00           1.259e+00             144.347          -4.088e+01             227.243           4.000e+01     
 155.000         270.000            1.254e+00           1.254e+00             142.804          -4.075e+01             226.110           4.000e+01     
 154.000         270.000            1.248e+00           1.248e+00             141.287          -4.062e+01             225.000           4.000e+01     
 153.000         270.000            1.241e+00           1.241e+00             139.797          -4.050e+01             223.912           4.000e+01     
 152.000         270.000            1.232e+00           1.232e+00             138.334          -4.039e+01             222.845           4.000e+01     
 151.000         270.000            1.221e+00           1.221e+00             136.899          -4.028e+01             221.798           4.000e+01     
 150.000         270.000            1.208e+00           1.208e+00             135.492          -4.018e+01             220.771           4.000e+01     
 149.000         270.000            1.193e+00           1.192e+00             134.113          -4.008e+01             219.763           4.000e+01     
 148.000         270.000            1.174e+00           1.174e+00             132.762          -3.999e+01             218.773           4.000e+01     
 147.000         270.000            1.153e+00           1.153e+00             131.438          -3.990e+01             217.800           4.000e+01     
 146.000         270.000            1.128e+00           1.128e+00             130.143          -3.982e+01             216.844           4.000e+01     
 145.000         270.000            1.099e+00           1.099e+00             128.874          -3.974e+01             215.905           4.000e+01     
 144.000         270.000            1.067e+00           1.067e+00             127.632          -3.967e+01             214.981           4.000e+01     
 143.000         270.000            1.031e+00           1.030e+00             126.415          -3.960e+01             214.073           4.000e+01     
 142.000         270.000            9.896e-01           9.893e-01             125.223          -3.953e+01             213.180           4.000e+01     
 141.000         270.000            9.441e-01           9.437e-01             124.056          -3.947e+01             212.302           4.000e+01     
 140.000         270.000            8.937e-01           8.933e-01             122.913          -3.941e+01             211.438           4.000e+01     
 139.000         270.000            8.383e-01           8.379e-01             121.792          -3.936e+01             210.588           4.000e+01     
 138.000         270.000            7.776e-01           7.772e-01             120.692          -3.931e+01             209.752           4.000e+01     
 137.000         270.000            7.114e-01           7.110e-01             119.614          -3.926e+01             208.929           3.997e+01     
 136.000         270.000            6.396e-01           6.391e-01             118.555          -3.921e+01             208.120           3.985e+01     
 135.000         270.000            5.619e-01           5.614e-01             117.514          -3.917e+01             207.324           3.974e+01     
 134.000         270.000            4.782e-01           4.777e-01             116.491          -3.914e+01             206.541           3.961e+01     
 133.000         270.000            3.882e-01           3.877e-01             115.484          -3.910e+01             205.772           3.949e+01     
 132.000         270.000            2.918e-01           2.913e-01             114.492          -3.907e+01             205.015           3.936e+01     
 131.000         270.000            1.887e-01           1.882e-01             113.514          -3.904e+01             204.270           3.923e+01     
 130.000         270.000            7.886e-02           7.833e-02             112.548          -3.901e+01             203.539           3.909e+01     
 129.000         270.000           -3.801e-02          -3.856e-02             111.593          -3.899e+01             202.820           3.895e+01     
 128.000         270.000           -1.621e-01          -1.627e-01             110.648          -3.897e+01             202.114           3.881e+01     
 127.000         270.000           -2.936e-01          -2.942e-01             109.711          -3.895e+01             201.420           3.866e+01     
 126.000         270.000           -4.328e-01          -4.334e-01             108.780          -3.893e+01             200.740           3.851e+01     
 125.000         270.000           -5.799e-01          -5.805e-01             107.855          -3.892e+01             200.072           3.834e+01     
 124.000         270.000           -7.351e-01          -7.358e-01             106.933          -3.891e+01             199.416           3.818e+01     
 123.000         270.000           -8.987e-01          -8.994e-01             106.012          -3.889e+01             198.774           3.801e+01     
 122.000         270.000           -1.071e+00          -1.072e+00             105.091          -3.889e+01             198.145           3.783e+01     
 121.000         270.000           -1.252e+00          -1.253e+00             104.168          -3.888e+01             197.528           3.764e+01     
 120.000         270.000           -1.443e+00          -1.444e+00             103.239          -3.887e+01             196.925           3.745e+01     
 119.000         270.000           -1.643e+00          -1.644e+00             102.304          -3.887e+01             196.335           3.724e+01     
 118.000         270.000           -1.853e+00          -1.854e+00             101.358          -3.886e+01             195.758           3.703e+01     
 117.000         270.000           -2.074e+00          -2.075e+00             100.400          -3.886e+01             195.195           3.682e+01     
 116.000         270.000           -2.305e+00          -2.306e+00              99.426          -3.886e+01             194.646           3.659e+01     
 115.000         270.000           -2.548e+00          -2.549e+00              98.432          -3.886e+01             194.110           3.635e+01     
 114.000         270.000           -2.803e+00          -2.804e+00              97.415          -3.886e+01             193.589           3.611e+01     
 113.000         270.000           -3.070e+00          -3.071e+00              96.370          -3.886e+01             193.081           3.585e+01     
 112.000         270.000           -3.350e+00          -3.351e+00              95.291          -3.886e+01             192.588           3.558e+01     
 111.000         270.000           -3.643e+00          -3.645e+00              94.174          -3.887e+01             192.109           3.530e+01     
 110.000         270.000           -3.951e+00          -3.953e+00              93.011          -3.887e+01             191.645           3.501e+01     
 109.000         270.000           -4.275e+00          -4.276e+00              91.795          -3.887e+01             191.195           3.471e+01     
 108.000         270.000           -4.614e+00          -4.615e+00              90.518          -3.888e+01             190.761           3.440e+01     
 107.000         270.000           -4.970e+00          -4.972e+00              89.167          -3.888e+01             190.341           3.408e+01     
 106.000         270.000           -5.344e+00          -5.345e+00              87.733          -3.889e+01             189.937           3.374e+01     
 105.000         270.000           -5.736e+00          -5.738e+00              86.201          -3.889e+01             189.548           3.339e+01     
 104.000         270.000           -6.148e+00          -6.150e+00              84.553          -3.890e+01             189.175           3.303e+01     
 103.000         270.000           -6.581e+00          -6.584e+00              82.770          -3.890e+01             188.817           3.266e+01     
 102.000         270.000           -7.035e+00          -7.038e+00              80.828          -3.891e+01             188.475           3.229e+01     
 101.000         270.000           -7.512e+00          -7.515e+00              78.699          -3.891e+01             188.150           3.191e+01     
 100.000         270.000           -8.011e+00          -8.014e+00              76.349          -3.892e+01             187.840           3.153e+01     
  99.000         270.000           -8.532e+00          -8.536e+00              73.736          -3.892e+01             187.546           3.116e+01     
  98.000         270.000           -9.074e+00          -9.078e+00              70.812          -3.893e+01             187.269           3.081e+01     
  97.000         270.000           -9.635e+00          -9.640e+00              67.519          -3.893e+01             187.009           3.050e+01     
  96.000         270.000           -1.021e+01          -1.022e+01              63.791          -3.894e+01             186.764           3.025e+01     
  95.000         270.000           -1.079e+01          -1.080e+01              59.554          -3.894e+01             186.537           3.010e+01     
  94.000         270.000           -1.137e+01          -1.137e+01              54.731          -3.895e+01             186.325           3.010e+01     
  93.000         270.000           -1.192e+01          -1.193e+01              49.251          -3.895e+01             186.131           3.034e+01     
  92.000         270.000           -1.243e+01          -1.244e+01              43.067          -3.896e+01             185.954           3.092e+01     
  91.000         270.000           -1.285e+01          -1.287e+01              36.179          -3.896e+01             185.793           3.203e+01     
  90.000         270.000           -1.317e+01          -1.318e+01              28.665          -3.896e+01             185.649           3.396e+01     
  89.000         270.000           -1.335e+01          -1.336e+01              20.696          -3.897e+01             185.521           3.727e+01     
  88.000         270.000           -1.336e+01          -1.338e+01              12.532          -3.897e+01             185.411           4.000e+01     
  87.000         270.000           -1.321e+01          -1.323e+01               4.474          -3.897e+01             185.317           4.000e+01     
  86.000         270.000           -1.291e+01          -1.292e+01             356.804          -3.898e+01             185.241           4.000e+01     
  85.000         270.000           -1.249e+01          -1.250e+01             349.728          -3.898e+01             185.180           3.798e+01     
  84.000         270.000           -1.198e+01          -1.199e+01             343.357          -3.898e+01             185.137           3.562e+01     
  83.000         270.000           -1.141e+01          -1.142e+01             337.716          -3.898e+01             185.110           3.432e+01     
  82.000         270.000           -1.081e+01          -1.082e+01             332.771          -3.899e+01             185.100           3.362e+01     
  81.000         270.000           -1.020e+01          -1.021e+01             328.457          -3.899e+01             185.106           3.327e+01     
  80.000         270.000           -9.591e+00          -9.596e+00             324.700          -3.899e+01             185.129           3.316e+01     
  79.000         270.000           -8.995e+00          -8.999e+00             321.423          -3.899e+01             185.167           3.320e+01     
  78.000         270.000           -8.415e+00          -8.419e+00             318.557          -3.900e+01             185.222           3.335e+01     
  77.000         270.000           -7.857e+00          -7.860e+00             316.042          -3.900e+01             185.294           3.355e+01     
  76.000         270.000           -7.320e+00          -7.323e+00             313.825          -3.900e+01             185.381           3.381e+01     
  75.000         270.000           -6.806e+00          -6.808e+00             311.863          -3.901e+01             185.484           3.408e+01     
  74.000         270.000           -6.314e+00          -6.316e+00             310.121          -3.901e+01             185.602           3.438e+01     
  73.000         270.000           -5.844e+00          -5.846e+00             308.568          -3.902e+01             185.736           3.468e+01     
  72.000         270.000           -5.396e+00          -5.397e+00             307.178          -3.902e+01             185.886           3.499e+01     
  71.000         270.000           -4.967e+00          -4.969e+00             305.932          -3.903e+01             186.051           3.530e+01     
  70.000         270.000           -4.557e+00          -4.559e+00             304.811          -3.903e+01             186.231           3.560e+01     
  69.000         270.000           -4.166e+00          -4.168e+00             303.801          -3.904e+01             186.426           3.590e+01     
  68.000         270.000           -3.792e+00          -3.794e+00             302.889          -3.905e+01             186.636           3.620e+01     
  67.000         270.000           -3.435e+00          -3.436e+00             302.065          -3.906e+01             186.860           3.649e+01     
  66.000         270.000           -3.093e+00          -3.094e+00             301.321          -3.907e+01             187.099           3.677e+01     
  65.000         270.000           -2.766e+00          -2.767e+00             300.648          -3.908e+01             187.353           3.705e+01     
  64.000         270.000           -2.453e+00          -2.454e+00             300.040          -3.909e+01             187.621           3.732e+01     
  63.000         270.000           -2.154e+00          -2.155e+00             299.492          -3.910e+01             187.903           3.758e+01     
  62.000         270.000           -1.867e+00          -1.868e+00             298.999          -3.912e+01             188.199           3.784e+01     
  61.000         270.000           -1.593e+00          -1.594e+00             298.557          -3.914e+01             188.510           3.809e+01     
  60.000         270.000           -1.330e+00          -1.331e+00             298.161          -3.916e+01             188.834           3.833e+01     
  59.000         270.000           -1.079e+00          -1.079e+00             297.810          -3.918e+01             189.171           3.857e+01     
  58.000         270.000           -8.383e-01          -8.389e-01             297.500          -3.920e+01             189.523           3.880e+01     
  57.000         270.000           -6.083e-01          -6.089e-01             297.230          -3.923e+01             189.888           3.902e+01     
  56.000         270.000           -3.883e-01          -3.889e-01             296.996          -3.925e+01             190.267           3.924e+01     
  55.000         270.000           -1.781e-01          -1.786e-01             296.798          -3.928e+01             190.659           3.946e+01     
  54.000         270.000            2.267e-02           2.216e-02             296.634          -3.932e+01             191.064           3.966e+01     
  53.000         270.000            2.143e-01           2.138e-01             296.503          -3.935e+01             191.483           3.987e+01     
  52.000         270.000            3.970e-01           3.965e-01             296.403          -3.939e+01             191.916           4.000e+01     
  51.000         270.000            5.710e-01           5.705e-01             296.333          -3.943e+01             192.362           4.000e+01     
  50.000         270.000            7.366e-01           7.361e-01             296.293          -3.948e+01             192.821           4.000e+01     
  49.000         270.000            8.939e-01           8.935e-01             296.282          -3.952e+01             193.294           4.000e+01     
  48.000         270.000            1.043e+00           1.043e+00             296.300          -3.957e+01             193.780           4.000e+01     
  47.000         270.000            1.185e+00           1.184e+00             296.345          -3.963e+01             194.280           4.000e+01     
  46.000         270.000            1.318e+00           1.318e+00             296.419          -3.969e+01             194.794           4.000e+01     
  45.000         270.000            1.444e+00           1.444e+00             296.519          -3.975e+01             195.322           4.000e+01     
  44.000         270.000            1.563e+00           1.563e+00             296.647          -3.982e+01             195.864           4.000e+01     
  43.000         270.000            1.674e+00           1.674e+00             296.801          -3.989e+01             196.421           4.000e+01     
  42.000         270.000            1.779e+00           1.778e+00             296.982          -3.996e+01             196.992           4.000e+01     
  41.000         270.000            1.876e+00           1.876e+00             297.191          -4.004e+01             197.578           4.000e+01     
  40.000         270.000            1.966e+00           1.966e+00             297.426          -4.013e+01             198.179           4.000e+01     
  39.000         270.000            2.050e+00           2.050e+00             297.688          -4.022e+01             198.795           4.000e+01     
  38.000         270.000            2.127e+00           2.126e+00             297.977          -4.031e+01             199.428           4.000e+01     
  37.000         270.000            2.197e+00           2.197e+00             298.294          -4.041e+01             200.076           4.000e+01     
  36.000         270.000            2.261e+00           2.261e+00             298.638          -4.052e+01             200.742           4.000e+01     
  35.000         270.000            2.318e+00           2.318e+00             299.010          -4.063e+01             201.425           4.000e+01     
  34.000         270.000            2.370e+00           2.370e+00             299.409          -4.075e+01             202.126           4.000e+01     
  33.000         270.000            2.415e+00           2.415e+00             299.837          -4.087e+01             202.845           4.000e+01     
  32.000         270.000            2.455e+00           2.454e+00             300.294          -4.100e+01             203.585           4.000e+01     
  31.000         270.000            2.488e+00           2.488e+00             300.779          -4.114e+01             204.344           4.000e+01     
  30.000         270.000            2.516e+00           2.516e+00             301.294          -4.128e+01             205.125           4.000e+01     
  29.000         270.000            2.538e+00           2.538e+00             301.838          -4.143e+01             205.928           4.000e+01     
  28.000         270.000            2.555e+00           2.555e+00             302.413          -4.159e+01             206.754           4.000e+01     
  27.000         270.000            2.567e+00           2.566e+00             303.017          -4.176e+01             207.605           4.000e+01     
  26.000         270.000            2.573e+00           2.573e+00             303.652          -4.193e+01             208.482           4.000e+01     
  25.000         270.000            2.575e+00           2.575e+00             304.318          -4.211e+01             209.387           4.000e+01     
  24.000         270.000            2.572e+00           2.572e+00             305.014          -4.230e+01             210.321           4.000e+01     
  23.000         270.000            2.564e+00           2.564e+00             305.742          -4.250e+01             211.285           4.000e+01     
  22.000         270.000            2.552e+00           2.552e+00             306.502          -4.271e+01             212.284           4.000e+01     
  21.000         270.000            2.536e+00           2.536e+00             307.293          -4.293e+01             213.317           4.000e+01     
  20.000         270.000            2.516e+00           2.516e+00             308.115          -4.316e+01             214.389           4.000e+01     
  19.000         270.000            2.492e+00           2.492e+00             308.969          -4.339e+01             215.503           4.000e+01     
  18.000         270.000            2.465e+00           2.465e+00             309.854          -4.364e+01             216.660           4.000e+01     
  17.000         270.000            2.434e+00           2.434e+00             310.770          -4.390e+01             217.866           4.000e+01     
  16.000         270.000            2.401e+00           2.401e+00             311.718          -4.417e+01             219.124           4.000e+01     
  15.000         270.000            2.365e+00           2.365e+00             312.695          -4.445e+01             220.439           4.000e+01     
  14.000         270.000            2.326e+00           2.326e+00             313.702          -4.475e+01             221.816           4.000e+01     
  13.000         270.000            2.286e+00           2.286e+00             314.738          -4.505e+01             223.261           4.000e+01     
  12.000         270.000            2.243e+00           2.243e+00             315.803          -4.537e+01             224.781           4.000e+01     
  11.000         270.000            2.199e+00           2.199e+00             316.894          -4.570e+01             226.384           4.000e+01     
  10.000         270.000            2.153e+00           2.153e+00             318.011          -4.605e+01             228.077           4.000e+01     
   9.000         270.000            2.107e+00           2.107e+00             319.153          -4.641e+01             229.872           4.000e+01     
   8.000         270.000            2.059e+00           2.059e+00             320.318          -4.678e+01             231.778           4.000e+01     
   7.000         270.000            2.011e+00           2.011e+00             321.504          -4.717e+01             233.810           4.000e+01     
   6.000         270.000            1.963e+00           1.963e+00             322.710          -4.757e+01             235.981           4.000e+01     
   5.000         270.000            1.915e+00           1.914e+00             323.933          -4.798e+01             238.307           4.000e+01     
   4.000         270.000            1.866e+00           1.866e+00             325.171          -4.841e+01             240.807           4.000e+01     
   3.000         270.000            1.818e+00           1.818e+00             326.422          -4.885e+01             243.502           4.000e+01     
   2.000         270.000            1.771e+00           1.770e+00             327.684          -4.929e+01             246.413           4.000e+01     
   1.000         270.000            1.723e+00           1.723e+00             328.954          -4.975e+01             249.567           4.000e+01     
