Theta [deg.]  Phi   [deg.]  Abs(Grlz)[dBi   ]   Abs(Theta)[dBi   ]  Phase(Theta)[deg.]  Abs(Phi  )[dBi   ]  Phase(Phi  )[deg.]  Ax.Ratio[dB    ]    
------------------------------------------------------------------------------------------------------------------------------------------------------
   0.000          90.000           -2.661e+00          -2.661e+00              52.135          -5.825e+01             284.695           4.000e+01     
   1.000          90.000           -2.514e+00          -2.514e+00              54.085          -5.842e+01             293.704           4.000e+01     
   2.000          90.000           -2.370e+00          -2.370e+00              55.864          -5.842e+01             302.463           4.000e+01     
   3.000          90.000           -2.233e+00          -2.233e+00              57.480          -5.828e+01             310.676           4.000e+01     
   4.000          90.000           -2.104e+00          -2.104e+00              58.940          -5.803e+01             318.168           4.000e+01     
   5.000          90.000           -1.983e+00          -1.983e+00              60.253          -5.772e+01             324.874           4.000e+01     
   6.000          90.000           -1.874e+00          -1.874e+00              61.427          -5.737e+01             330.814           4.000e+01     
   7.000          90.000           -1.775e+00          -1.775e+00              62.469          -5.702e+01             336.056           4.000e+01     
   8.000          90.000           -1.688e+00          -1.688e+00              63.386          -5.668e+01             340.688           4.000e+01     
   9.000          90.000           -1.614e+00          -1.614e+00              64.185          -5.636e+01             344.801           4.000e+01     
  10.000          90.000           -1.552e+00          -1.552e+00              64.872          -5.607e+01             348.478           4.000e+01     
  11.000          90.000           -1.504e+00          -1.504e+00              65.453          -5.582e+01             351.792           4.000e+01     
  12.000          90.000           -1.468e+00          -1.468e+00              65.931          -5.561e+01             354.804           4.000e+01     
  13.000          90.000           -1.446e+00          -1.446e+00              66.312          -5.543e+01             357.568           4.000e+01     
  14.000          90.000           -1.437e+00          -1.437e+00              66.599          -5.529e+01               0.126           4.000e+01     
  15.000          90.000           -1.440e+00          -1.440e+00              66.794          -5.520e+01               2.515           4.000e+01     
  16.000          90.000           -1.456e+00          -1.456e+00              66.901          -5.514e+01               4.768           4.000e+01     
  17.000          90.000           -1.485e+00          -1.485e+00              66.923          -5.512e+01               6.909           4.000e+01     
  18.000          90.000           -1.526e+00          -1.526e+00              66.859          -5.514e+01               8.962           4.000e+01     
  19.000          90.000           -1.579e+00          -1.579e+00              66.713          -5.520e+01              10.949           4.000e+01     
  20.000          90.000           -1.643e+00          -1.643e+00              66.485          -5.530e+01              12.888           4.000e+01     
  21.000          90.000           -1.718e+00          -1.718e+00              66.175          -5.543e+01              14.796           4.000e+01     
  22.000          90.000           -1.804e+00          -1.804e+00              65.786          -5.561e+01              16.692           4.000e+01     
  23.000          90.000           -1.899e+00          -1.899e+00              65.316          -5.584e+01              18.593           4.000e+01     
  24.000          90.000           -2.003e+00          -2.003e+00              64.767          -5.610e+01              20.518           4.000e+01     
  25.000          90.000           -2.116e+00          -2.116e+00              64.139          -5.642e+01              22.487           4.000e+01     
  26.000          90.000           -2.237e+00          -2.237e+00              63.432          -5.678e+01              24.525           4.000e+01     
  27.000          90.000           -2.365e+00          -2.365e+00              62.646          -5.720e+01              26.660           4.000e+01     
  28.000          90.000           -2.498e+00          -2.498e+00              61.784          -5.767e+01              28.924           4.000e+01     
  29.000          90.000           -2.637e+00          -2.637e+00              60.844          -5.821e+01              31.367           4.000e+01     
  30.000          90.000           -2.780e+00          -2.780e+00              59.828          -5.881e+01              34.046           4.000e+01     
  31.000          90.000           -2.926e+00          -2.926e+00              58.738          -5.949e+01              37.041           4.000e+01     
  32.000          90.000           -3.074e+00          -3.074e+00              57.576          -6.026e+01              40.459           4.000e+01     
  33.000          90.000           -3.223e+00          -3.223e+00              56.346          -6.112e+01              44.458           4.000e+01     
  34.000          90.000           -3.372e+00          -3.372e+00              55.051          -6.208e+01              49.261           4.000e+01     
  35.000          90.000           -3.519e+00          -3.519e+00              53.694          -6.314e+01              55.196           4.000e+01     
  36.000          90.000           -3.664e+00          -3.664e+00              52.283          -6.429e+01              62.737           4.000e+01     
  37.000          90.000           -3.806e+00          -3.806e+00              50.822          -6.547e+01              72.515           4.000e+01     
  38.000          90.000           -3.943e+00          -3.943e+00              49.318          -6.655e+01              85.183           4.000e+01     
  39.000          90.000           -4.074e+00          -4.074e+00              47.780          -6.728e+01             100.870           4.000e+01     
  40.000          90.000           -4.200e+00          -4.200e+00              46.216          -6.738e+01             118.311           4.000e+01     
  41.000          90.000           -4.318e+00          -4.318e+00              44.634          -6.678e+01             134.989           4.000e+01     
  42.000          90.000           -4.429e+00          -4.429e+00              43.046          -6.570e+01             148.960           4.000e+01     
  43.000          90.000           -4.532e+00          -4.532e+00              41.460          -6.443e+01             159.845           4.000e+01     
  44.000          90.000           -4.627e+00          -4.627e+00              39.887          -6.314e+01             168.169           4.000e+01     
  45.000          90.000           -4.715e+00          -4.715e+00              38.337          -6.192e+01             174.607           4.000e+01     
  46.000          90.000           -4.794e+00          -4.794e+00              36.820          -6.079e+01             179.702           4.000e+01     
  47.000          90.000           -4.867e+00          -4.867e+00              35.346          -5.977e+01             183.838           4.000e+01     
  48.000          90.000           -4.932e+00          -4.932e+00              33.923          -5.883e+01             187.278           4.000e+01     
  49.000          90.000           -4.991e+00          -4.991e+00              32.560          -5.798e+01             190.202           4.000e+01     
  50.000          90.000           -5.044e+00          -5.044e+00              31.264          -5.720e+01             192.735           4.000e+01     
  51.000          90.000           -5.092e+00          -5.093e+00              30.042          -5.649e+01             194.965           4.000e+01     
  52.000          90.000           -5.137e+00          -5.137e+00              28.899          -5.584e+01             196.957           4.000e+01     
  53.000          90.000           -5.178e+00          -5.178e+00              27.841          -5.524e+01             198.758           4.000e+01     
  54.000          90.000           -5.217e+00          -5.217e+00              26.872          -5.469e+01             200.403           4.000e+01     
  55.000          90.000           -5.254e+00          -5.254e+00              25.995          -5.417e+01             201.919           4.000e+01     
  56.000          90.000           -5.290e+00          -5.290e+00              25.212          -5.370e+01             203.326           4.000e+01     
  57.000          90.000           -5.327e+00          -5.327e+00              24.526          -5.326e+01             204.641           4.000e+01     
  58.000          90.000           -5.364e+00          -5.364e+00              23.938          -5.285e+01             205.877           4.000e+01     
  59.000          90.000           -5.403e+00          -5.403e+00              23.449          -5.247e+01             207.045           4.000e+01     
  60.000          90.000           -5.443e+00          -5.443e+00              23.060          -5.211e+01             208.152           4.000e+01     
  61.000          90.000           -5.486e+00          -5.486e+00              22.771          -5.178e+01             209.206           4.000e+01     
  62.000          90.000           -5.532e+00          -5.532e+00              22.582          -5.148e+01             210.212           4.000e+01     
  63.000          90.000           -5.581e+00          -5.581e+00              22.493          -5.119e+01             211.175           4.000e+01     
  64.000          90.000           -5.633e+00          -5.633e+00              22.504          -5.093e+01             212.099           4.000e+01     
  65.000          90.000           -5.689e+00          -5.689e+00              22.613          -5.068e+01             212.987           4.000e+01     
  66.000          90.000           -5.749e+00          -5.749e+00              22.824          -5.045e+01             213.843           4.000e+01     
  67.000          90.000           -5.813e+00          -5.813e+00              23.131          -5.024e+01             214.668           4.000e+01     
  68.000          90.000           -5.880e+00          -5.881e+00              23.536          -5.004e+01             215.464           4.000e+01     
  69.000          90.000           -5.952e+00          -5.952e+00              24.039          -4.986e+01             216.233           4.000e+01     
  70.000          90.000           -6.026e+00          -6.026e+00              24.638          -4.970e+01             216.977           4.000e+01     
  71.000          90.000           -6.104e+00          -6.104e+00              25.334          -4.955e+01             217.698           4.000e+01     
  72.000          90.000           -6.185e+00          -6.185e+00              26.125          -4.941e+01             218.396           4.000e+01     
  73.000          90.000           -6.269e+00          -6.269e+00              27.012          -4.928e+01             219.072           4.000e+01     
  74.000          90.000           -6.355e+00          -6.355e+00              27.992          -4.917e+01             219.727           4.000e+01     
  75.000          90.000           -6.443e+00          -6.443e+00              29.066          -4.907e+01             220.362           4.000e+01     
  76.000          90.000           -6.532e+00          -6.532e+00              30.231          -4.898e+01             220.978           4.000e+01     
  77.000          90.000           -6.622e+00          -6.622e+00              31.487          -4.890e+01             221.576           4.000e+01     
  78.000          90.000           -6.712e+00          -6.712e+00              32.832          -4.883e+01             222.155           4.000e+01     
  79.000          90.000           -6.801e+00          -6.802e+00              34.264          -4.877e+01             222.718           4.000e+01     
  80.000          90.000           -6.890e+00          -6.890e+00              35.780          -4.873e+01             223.263           4.000e+01     
  81.000          90.000           -6.977e+00          -6.977e+00              37.377          -4.869e+01             223.792           4.000e+01     
  82.000          90.000           -7.062e+00          -7.062e+00              39.053          -4.867e+01             224.306           4.000e+01     
  83.000          90.000           -7.144e+00          -7.144e+00              40.804          -4.865e+01             224.804           4.000e+01     
  84.000          90.000           -7.222e+00          -7.223e+00              42.626          -4.865e+01             225.287           4.000e+01     
  85.000          90.000           -7.297e+00          -7.297e+00              44.513          -4.865e+01             225.756           4.000e+01     
  86.000          90.000           -7.367e+00          -7.367e+00              46.461          -4.867e+01             226.211           4.000e+01     
  87.000          90.000           -7.432e+00          -7.432e+00              48.465          -4.869e+01             226.654           4.000e+01     
  88.000          90.000           -7.492e+00          -7.492e+00              50.519          -4.873e+01             227.083           4.000e+01     
  89.000          90.000           -7.547e+00          -7.547e+00              52.618          -4.877e+01             227.501           4.000e+01     
  90.000          90.000           -7.596e+00          -7.596e+00              54.754          -4.883e+01             227.908           4.000e+01     
  91.000          90.000           -7.639e+00          -7.640e+00              56.922          -4.889e+01             228.304           4.000e+01     
  92.000          90.000           -7.678e+00          -7.678e+00              59.116          -4.897e+01             228.690           4.000e+01     
  93.000          90.000           -7.711e+00          -7.711e+00              61.331          -4.905e+01             229.068           4.000e+01     
  94.000          90.000           -7.739e+00          -7.739e+00              63.559          -4.915e+01             229.438           4.000e+01     
  95.000          90.000           -7.763e+00          -7.763e+00              65.797          -4.926e+01             229.802           4.000e+01     
  96.000          90.000           -7.783e+00          -7.784e+00              68.040          -4.938e+01             230.160           4.000e+01     
  97.000          90.000           -7.801e+00          -7.801e+00              70.284          -4.951e+01             230.515           4.000e+01     
  98.000          90.000           -7.816e+00          -7.816e+00              72.525          -4.965e+01             230.867           4.000e+01     
  99.000          90.000           -7.829e+00          -7.829e+00              74.761          -4.980e+01             231.219           4.000e+01     
 100.000          90.000           -7.842e+00          -7.842e+00              76.990          -4.997e+01             231.572           4.000e+01     
 101.000          90.000           -7.855e+00          -7.856e+00              79.211          -5.015e+01             231.930           4.000e+01     
 102.000          90.000           -7.870e+00          -7.870e+00              81.425          -5.034e+01             232.294           4.000e+01     
 103.000          90.000           -7.886e+00          -7.887e+00              83.631          -5.055e+01             232.668           4.000e+01     
 104.000          90.000           -7.906e+00          -7.907e+00              85.831          -5.077e+01             233.055           4.000e+01     
 105.000          90.000           -7.930e+00          -7.931e+00              88.029          -5.101e+01             233.459           4.000e+01     
 106.000          90.000           -7.960e+00          -7.960e+00              90.226          -5.126e+01             233.885           4.000e+01     
 107.000          90.000           -7.995e+00          -7.995e+00              92.429          -5.153e+01             234.339           4.000e+01     
 108.000          90.000           -8.037e+00          -8.038e+00              94.641          -5.182e+01             234.827           4.000e+01     
 109.000          90.000           -8.088e+00          -8.088e+00              96.870          -5.212e+01             235.355           4.000e+01     
 110.000          90.000           -8.146e+00          -8.147e+00              99.123          -5.245e+01             235.934           4.000e+01     
 111.000          90.000           -8.215e+00          -8.215e+00             101.408          -5.279e+01             236.574           4.000e+01     
 112.000          90.000           -8.293e+00          -8.293e+00             103.735          -5.316e+01             237.287           4.000e+01     
 113.000          90.000           -8.382e+00          -8.382e+00             106.114          -5.355e+01             238.088           4.000e+01     
 114.000          90.000           -8.482e+00          -8.482e+00             108.558          -5.397e+01             238.995           4.000e+01     
 115.000          90.000           -8.592e+00          -8.592e+00             111.082          -5.441e+01             240.029           4.000e+01     
 116.000          90.000           -8.714e+00          -8.714e+00             113.699          -5.488e+01             241.219           4.000e+01     
 117.000          90.000           -8.848e+00          -8.848e+00             116.427          -5.538e+01             242.597           4.000e+01     
 118.000          90.000           -8.991e+00          -8.991e+00             119.285          -5.591e+01             244.203           4.000e+01     
 119.000          90.000           -9.144e+00          -9.144e+00             122.293          -5.647e+01             246.087           4.000e+01     
 120.000          90.000           -9.305e+00          -9.305e+00             125.474          -5.706e+01             248.308           4.000e+01     
 121.000          90.000           -9.471e+00          -9.471e+00             128.849          -5.767e+01             250.942           4.000e+01     
 122.000          90.000           -9.639e+00          -9.639e+00             132.444          -5.832e+01             254.076           4.000e+01     
 123.000          90.000           -9.805e+00          -9.805e+00             136.279          -5.897e+01             257.813           4.000e+01     
 124.000          90.000           -9.964e+00          -9.964e+00             140.375          -5.962e+01             262.261           4.000e+01     
 125.000          90.000           -1.011e+01          -1.011e+01             144.747          -6.025e+01             267.523           4.000e+01     
 126.000          90.000           -1.023e+01          -1.023e+01             149.400          -6.082e+01             273.666           4.000e+01     
 127.000          90.000           -1.032e+01          -1.032e+01             154.331          -6.128e+01             280.675           4.000e+01     
 128.000          90.000           -1.037e+01          -1.037e+01             159.517          -6.160e+01             288.408           4.000e+01     
 129.000          90.000           -1.037e+01          -1.037e+01             164.920          -6.172e+01             296.566           4.000e+01     
 130.000          90.000           -1.031e+01          -1.031e+01             170.483          -6.163e+01             304.740           4.000e+01     
 131.000          90.000           -1.018e+01          -1.018e+01             176.131          -6.135e+01             312.506           4.000e+01     
 132.000          90.000           -9.992e+00          -9.992e+00             181.780          -6.091e+01             319.539           4.000e+01     
 133.000          90.000           -9.735e+00          -9.735e+00             187.344          -6.035e+01             325.665           4.000e+01     
 134.000          90.000           -9.415e+00          -9.415e+00             192.740          -5.973e+01             330.848           4.000e+01     
 135.000          90.000           -9.040e+00          -9.040e+00             197.900          -5.907e+01             335.140           4.000e+01     
 136.000          90.000           -8.619e+00          -8.619e+00             202.774          -5.841e+01             338.641           4.000e+01     
 137.000          90.000           -8.162e+00          -8.162e+00             207.328          -5.777e+01             341.459           4.000e+01     
 138.000          90.000           -7.678e+00          -7.678e+00             211.549          -5.714e+01             343.699           4.000e+01     
 139.000          90.000           -7.176e+00          -7.176e+00             215.434          -5.654e+01             345.449           4.000e+01     
 140.000          90.000           -6.664e+00          -6.664e+00             218.993          -5.598e+01             346.787           4.000e+01     
 141.000          90.000           -6.149e+00          -6.149e+00             222.242          -5.544e+01             347.775           4.000e+01     
 142.000          90.000           -5.636e+00          -5.636e+00             225.201          -5.494e+01             348.463           4.000e+01     
 143.000          90.000           -5.129e+00          -5.129e+00             227.892          -5.446e+01             348.893           4.000e+01     
 144.000          90.000           -4.631e+00          -4.631e+00             230.338          -5.402e+01             349.097           4.000e+01     
 145.000          90.000           -4.145e+00          -4.145e+00             232.560          -5.360e+01             349.103           4.000e+01     
 146.000          90.000           -3.672e+00          -3.672e+00             234.578          -5.321e+01             348.932           4.000e+01     
 147.000          90.000           -3.214e+00          -3.214e+00             236.411          -5.284e+01             348.601           4.000e+01     
 148.000          90.000           -2.771e+00          -2.771e+00             238.075          -5.249e+01             348.124           4.000e+01     
 149.000          90.000           -2.344e+00          -2.344e+00             239.586          -5.217e+01             347.514           4.000e+01     
 150.000          90.000           -1.934e+00          -1.934e+00             240.958          -5.187e+01             346.779           4.000e+01     
 151.000          90.000           -1.540e+00          -1.540e+00             242.202          -5.159e+01             345.926           4.000e+01     
 152.000          90.000           -1.162e+00          -1.162e+00             243.328          -5.132e+01             344.962           4.000e+01     
 153.000          90.000           -8.017e-01          -8.017e-01             244.345          -5.107e+01             343.892           4.000e+01     
 154.000          90.000           -4.571e-01          -4.572e-01             245.263          -5.084e+01             342.718           4.000e+01     
 155.000          90.000           -1.288e-01          -1.289e-01             246.089          -5.062e+01             341.444           4.000e+01     
 156.000          90.000            1.835e-01           1.834e-01             246.828          -5.042e+01             340.072           4.000e+01     
 157.000          90.000            4.800e-01           4.799e-01             247.486          -5.022e+01             338.604           4.000e+01     
 158.000          90.000            7.609e-01           7.609e-01             248.068          -5.004e+01             337.040           4.000e+01     
 159.000          90.000            1.027e+00           1.026e+00             248.578          -4.988e+01             335.381           4.000e+01     
 160.000          90.000            1.277e+00           1.277e+00             249.019          -4.972e+01             333.629           4.000e+01     
 161.000          90.000            1.513e+00           1.513e+00             249.394          -4.956e+01             331.782           4.000e+01     
 162.000          90.000            1.734e+00           1.734e+00             249.707          -4.942e+01             329.843           4.000e+01     
 163.000          90.000            1.940e+00           1.940e+00             249.959          -4.928e+01             327.811           4.000e+01     
 164.000          90.000            2.133e+00           2.133e+00             250.152          -4.915e+01             325.688           4.000e+01     
 165.000          90.000            2.311e+00           2.311e+00             250.289          -4.902e+01             323.474           4.000e+01     
 166.000          90.000            2.476e+00           2.476e+00             250.369          -4.889e+01             321.171           4.000e+01     
 167.000          90.000            2.628e+00           2.628e+00             250.394          -4.877e+01             318.782           4.000e+01     
 168.000          90.000            2.766e+00           2.766e+00             250.365          -4.864e+01             316.308           4.000e+01     
 169.000          90.000            2.890e+00           2.890e+00             250.283          -4.852e+01             313.754           4.000e+01     
 170.000          90.000            3.002e+00           3.002e+00             250.146          -4.839e+01             311.125           4.000e+01     
 171.000          90.000            3.102e+00           3.102e+00             249.956          -4.826e+01             308.425           4.000e+01     
 172.000          90.000            3.189e+00           3.189e+00             249.713          -4.812e+01             305.660           4.000e+01     
 173.000          90.000            3.263e+00           3.263e+00             249.415          -4.797e+01             302.839           4.000e+01     
 174.000          90.000            3.326e+00           3.326e+00             249.063          -4.782e+01             299.970           4.000e+01     
 175.000          90.000            3.377e+00           3.377e+00             248.655          -4.766e+01             297.060           4.000e+01     
 176.000          90.000            3.416e+00           3.416e+00             248.191          -4.749e+01             294.120           4.000e+01     
 177.000          90.000            3.444e+00           3.444e+00             247.669          -4.732e+01             291.160           4.000e+01     
 178.000          90.000            3.461e+00           3.461e+00             247.090          -4.713e+01             288.190           4.000e+01     
 179.000          90.000            3.468e+00           3.468e+00             246.450          -4.693e+01             285.221           4.000e+01     
 180.000          90.000            3.464e+00           3.464e+00             245.749          -4.673e+01             282.262           4.000e+01     
 179.000         270.000            3.451e+00           3.451e+00              64.986          -4.651e+01              99.323           4.000e+01     
 178.000         270.000            3.428e+00           3.428e+00              64.159          -4.629e+01              96.414           4.000e+01     
 177.000         270.000            3.396e+00           3.396e+00              63.265          -4.606e+01              93.544           4.000e+01     
 176.000         270.000            3.356e+00           3.355e+00              62.305          -4.582e+01              90.718           4.000e+01     
 175.000         270.000            3.307e+00           3.307e+00              61.275          -4.557e+01              87.945           4.000e+01     
 174.000         270.000            3.251e+00           3.251e+00              60.175          -4.532e+01              85.230           4.000e+01     
 173.000         270.000            3.189e+00           3.189e+00              59.003          -4.506e+01              82.576           4.000e+01     
 172.000         270.000            3.120e+00           3.120e+00              57.758          -4.480e+01              79.988           4.000e+01     
 171.000         270.000            3.046e+00           3.046e+00              56.438          -4.454e+01              77.469           4.000e+01     
 170.000         270.000            2.968e+00           2.967e+00              55.044          -4.428e+01              75.019           4.000e+01     
 169.000         270.000            2.885e+00           2.885e+00              53.574          -4.401e+01              72.640           4.000e+01     
 168.000         270.000            2.801e+00           2.801e+00              52.029          -4.375e+01              70.332           4.000e+01     
 167.000         270.000            2.714e+00           2.714e+00              50.410          -4.349e+01              68.094           4.000e+01     
 166.000         270.000            2.627e+00           2.627e+00              48.717          -4.322e+01              65.926           4.000e+01     
 165.000         270.000            2.540e+00           2.540e+00              46.952          -4.296e+01              63.827           4.000e+01     
 164.000         270.000            2.454e+00           2.454e+00              45.119          -4.271e+01              61.793           4.000e+01     
 163.000         270.000            2.371e+00           2.371e+00              43.221          -4.246e+01              59.825           4.000e+01     
 162.000         270.000            2.291e+00           2.290e+00              41.261          -4.221e+01              57.919           4.000e+01     
 161.000         270.000            2.215e+00           2.215e+00              39.245          -4.197e+01              56.074           4.000e+01     
 160.000         270.000            2.144e+00           2.144e+00              37.180          -4.173e+01              54.286           4.000e+01     
 159.000         270.000            2.080e+00           2.080e+00              35.072          -4.149e+01              52.555           4.000e+01     
 158.000         270.000            2.022e+00           2.022e+00              32.928          -4.127e+01              50.876           4.000e+01     
 157.000         270.000            1.971e+00           1.971e+00              30.757          -4.105e+01              49.249           4.000e+01     
 156.000         270.000            1.928e+00           1.928e+00              28.567          -4.083e+01              47.671           4.000e+01     
 155.000         270.000            1.893e+00           1.893e+00              26.367          -4.062e+01              46.139           4.000e+01     
 154.000         270.000            1.865e+00           1.865e+00              24.167          -4.042e+01              44.652           4.000e+01     
 153.000         270.000            1.846e+00           1.846e+00              21.974          -4.022e+01              43.207           4.000e+01     
 152.000         270.000            1.834e+00           1.833e+00              19.800          -4.003e+01              41.803           4.000e+01     
 151.000         270.000            1.829e+00           1.828e+00              17.649          -3.984e+01              40.437           4.000e+01     
 150.000         270.000            1.830e+00           1.830e+00              15.530          -3.967e+01              39.108           4.000e+01     
 149.000         270.000            1.837e+00           1.837e+00              13.451          -3.949e+01              37.814           4.000e+01     
 148.000         270.000            1.849e+00           1.849e+00              11.417          -3.933e+01              36.553           4.000e+01     
 147.000         270.000            1.866e+00           1.865e+00               9.433          -3.917e+01              35.325           4.000e+01     
 146.000         270.000            1.885e+00           1.885e+00               7.504          -3.902e+01              34.127           4.000e+01     
 145.000         270.000            1.907e+00           1.907e+00               5.634          -3.887e+01              32.958           4.000e+01     
 144.000         270.000            1.930e+00           1.929e+00               3.825          -3.873e+01              31.817           4.000e+01     
 143.000         270.000            1.953e+00           1.953e+00               2.078          -3.859e+01              30.703           4.000e+01     
 142.000         270.000            1.976e+00           1.975e+00               0.396          -3.846e+01              29.614           4.000e+01     
 141.000         270.000            1.997e+00           1.997e+00             358.777          -3.834e+01              28.550           4.000e+01     
 140.000         270.000            2.016e+00           2.015e+00             357.224          -3.822e+01              27.510           4.000e+01     
 139.000         270.000            2.031e+00           2.031e+00             355.734          -3.811e+01              26.493           4.000e+01     
 138.000         270.000            2.043e+00           2.043e+00             354.306          -3.800e+01              25.498           4.000e+01     
 137.000         270.000            2.050e+00           2.050e+00             352.941          -3.790e+01              24.524           4.000e+01     
 136.000         270.000            2.052e+00           2.051e+00             351.635          -3.780e+01              23.570           4.000e+01     
 135.000         270.000            2.048e+00           2.047e+00             350.387          -3.771e+01              22.637           4.000e+01     
 134.000         270.000            2.037e+00           2.036e+00             349.196          -3.762e+01              21.723           4.000e+01     
 133.000         270.000            2.019e+00           2.018e+00             348.059          -3.754e+01              20.827           4.000e+01     
 132.000         270.000            1.994e+00           1.993e+00             346.974          -3.746e+01              19.950           4.000e+01     
 131.000         270.000            1.960e+00           1.960e+00             345.939          -3.739e+01              19.091           4.000e+01     
 130.000         270.000            1.919e+00           1.918e+00             344.952          -3.732e+01              18.249           4.000e+01     
 129.000         270.000            1.868e+00           1.868e+00             344.011          -3.726e+01              17.425           4.000e+01     
 128.000         270.000            1.809e+00           1.808e+00             343.114          -3.720e+01              16.617           4.000e+01     
 127.000         270.000            1.739e+00           1.739e+00             342.259          -3.714e+01              15.826           4.000e+01     
 126.000         270.000            1.660e+00           1.660e+00             341.444          -3.709e+01              15.051           4.000e+01     
 125.000         270.000            1.571e+00           1.571e+00             340.667          -3.704e+01              14.292           4.000e+01     
 124.000         270.000            1.471e+00           1.471e+00             339.926          -3.699e+01              13.549           4.000e+01     
 123.000         270.000            1.361e+00           1.360e+00             339.220          -3.695e+01              12.822           4.000e+01     
 122.000         270.000            1.239e+00           1.238e+00             338.548          -3.691e+01              12.110           4.000e+01     
 121.000         270.000            1.105e+00           1.104e+00             337.907          -3.687e+01              11.414           4.000e+01     
 120.000         270.000            9.595e-01           9.588e-01             337.296          -3.684e+01              10.733           4.000e+01     
 119.000         270.000            8.013e-01           8.006e-01             336.715          -3.681e+01              10.067           4.000e+01     
 118.000         270.000            6.302e-01           6.294e-01             336.161          -3.678e+01               9.417           4.000e+01     
 117.000         270.000            4.456e-01           4.448e-01             335.635          -3.675e+01               8.781           4.000e+01     
 116.000         270.000            2.470e-01           2.461e-01             335.134          -3.673e+01               8.161           4.000e+01     
 115.000         270.000            3.377e-02           3.285e-02             334.658          -3.671e+01               7.557           4.000e+01     
 114.000         270.000           -1.949e-01          -1.959e-01             334.208          -3.669e+01               6.968           4.000e+01     
 113.000         270.000           -4.396e-01          -4.406e-01             333.780          -3.667e+01               6.394           4.000e+01     
 112.000         270.000           -7.012e-01          -7.023e-01             333.376          -3.666e+01               5.835           4.000e+01     
 111.000         270.000           -9.808e-01          -9.820e-01             332.994          -3.665e+01               5.292           4.000e+01     
 110.000         270.000           -1.280e+00          -1.281e+00             332.636          -3.664e+01               4.764           4.000e+01     
 109.000         270.000           -1.599e+00          -1.600e+00             332.300          -3.663e+01               4.251           4.000e+01     
 108.000         270.000           -1.939e+00          -1.941e+00             331.987          -3.662e+01               3.755           4.000e+01     
 107.000         270.000           -2.304e+00          -2.305e+00             331.698          -3.661e+01               3.274           3.993e+01     
 106.000         270.000           -2.694e+00          -2.695e+00             331.434          -3.661e+01               2.809           3.959e+01     
 105.000         270.000           -3.111e+00          -3.113e+00             331.195          -3.661e+01               2.360           3.922e+01     
 104.000         270.000           -3.559e+00          -3.561e+00             330.983          -3.661e+01               1.927           3.882e+01     
 103.000         270.000           -4.041e+00          -4.043e+00             330.800          -3.661e+01               1.510           3.840e+01     
 102.000         270.000           -4.560e+00          -4.563e+00             330.650          -3.661e+01               1.109           3.795e+01     
 101.000         270.000           -5.122e+00          -5.125e+00             330.536          -3.661e+01               0.725           3.746e+01     
 100.000         270.000           -5.731e+00          -5.735e+00             330.465          -3.661e+01               0.356           3.693e+01     
  99.000         270.000           -6.396e+00          -6.400e+00             330.443          -3.662e+01               0.005           3.636e+01     
  98.000         270.000           -7.124e+00          -7.129e+00             330.481          -3.662e+01             359.670           3.574e+01     
  97.000         270.000           -7.929e+00          -7.934e+00             330.595          -3.663e+01             359.351           3.506e+01     
  96.000         270.000           -8.823e+00          -8.830e+00             330.805          -3.664e+01             359.049           3.431e+01     
  95.000         270.000           -9.829e+00          -9.838e+00             331.145          -3.664e+01             358.764           3.350e+01     
  94.000         270.000           -1.097e+01          -1.099e+01             331.667          -3.665e+01             358.496           3.259e+01     
  93.000         270.000           -1.230e+01          -1.232e+01             332.459          -3.666e+01             358.245           3.160e+01     
  92.000         270.000           -1.387e+01          -1.389e+01             333.675          -3.667e+01             358.010           3.052e+01     
  91.000         270.000           -1.578e+01          -1.582e+01             335.629          -3.668e+01             357.793           2.939e+01     
  90.000         270.000           -1.822e+01          -1.828e+01             339.036          -3.670e+01             357.592           2.847e+01     
  89.000         270.000           -2.150e+01          -2.164e+01             345.939          -3.671e+01             357.408           2.936e+01     
  88.000         270.000           -2.614e+01          -2.654e+01               4.448          -3.672e+01             357.241           2.900e+01     
  87.000         270.000           -2.933e+01          -3.020e+01              63.557          -3.674e+01             357.092           7.662e+00     
  86.000         270.000           -2.484e+01          -2.513e+01             110.360          -3.675e+01             356.959           1.247e+01     
  85.000         270.000           -2.058e+01          -2.068e+01             124.315          -3.677e+01             356.843           1.817e+01     
  84.000         270.000           -1.755e+01          -1.760e+01             130.017          -3.679e+01             356.743           2.199e+01     
  83.000         270.000           -1.527e+01          -1.530e+01             132.997          -3.680e+01             356.661           2.475e+01     
  82.000         270.000           -1.346e+01          -1.348e+01             134.785          -3.682e+01             356.595           2.689e+01     
  81.000         270.000           -1.196e+01          -1.198e+01             135.952          -3.684e+01             356.546           2.861e+01     
  80.000         270.000           -1.069e+01          -1.070e+01             136.756          -3.686e+01             356.513           3.006e+01     
  79.000         270.000           -9.586e+00          -9.594e+00             137.333          -3.689e+01             356.497           3.129e+01     
  78.000         270.000           -8.614e+00          -8.620e+00             137.758          -3.691e+01             356.497           3.237e+01     
  77.000         270.000           -7.747e+00          -7.752e+00             138.079          -3.693e+01             356.514           3.332e+01     
  76.000         270.000           -6.967e+00          -6.971e+00             138.325          -3.696e+01             356.546           3.417e+01     
  75.000         270.000           -6.259e+00          -6.262e+00             138.516          -3.699e+01             356.595           3.493e+01     
  74.000         270.000           -5.613e+00          -5.616e+00             138.667          -3.702e+01             356.659           3.562e+01     
  73.000         270.000           -5.020e+00          -5.023e+00             138.788          -3.705e+01             356.740           3.625e+01     
  72.000         270.000           -4.475e+00          -4.477e+00             138.886          -3.708e+01             356.836           3.683e+01     
  71.000         270.000           -3.970e+00          -3.972e+00             138.967          -3.711e+01             356.947           3.736e+01     
  70.000         270.000           -3.503e+00          -3.504e+00             139.037          -3.715e+01             357.074           3.785e+01     
  69.000         270.000           -3.068e+00          -3.070e+00             139.098          -3.719e+01             357.216           3.831e+01     
  68.000         270.000           -2.664e+00          -2.666e+00             139.153          -3.723e+01             357.374           3.873e+01     
  67.000         270.000           -2.288e+00          -2.289e+00             139.205          -3.727e+01             357.546           3.913e+01     
  66.000         270.000           -1.937e+00          -1.938e+00             139.255          -3.732e+01             357.733           3.950e+01     
  65.000         270.000           -1.609e+00          -1.610e+00             139.307          -3.736e+01             357.935           3.985e+01     
  64.000         270.000           -1.304e+00          -1.305e+00             139.361          -3.741e+01             358.151           4.000e+01     
  63.000         270.000           -1.020e+00          -1.021e+00             139.418          -3.746e+01             358.382           4.000e+01     
  62.000         270.000           -7.546e-01          -7.555e-01             139.481          -3.752e+01             358.628           4.000e+01     
  61.000         270.000           -5.081e-01          -5.090e-01             139.549          -3.758e+01             358.887           4.000e+01     
  60.000         270.000           -2.794e-01          -2.802e-01             139.625          -3.764e+01             359.161           4.000e+01     
  59.000         270.000           -6.750e-02          -6.825e-02             139.710          -3.771e+01             359.449           4.000e+01     
  58.000         270.000            1.281e-01           1.274e-01             139.804          -3.778e+01             359.751           4.000e+01     
  57.000         270.000            3.081e-01           3.075e-01             139.908          -3.785e+01               0.067           4.000e+01     
  56.000         270.000            4.729e-01           4.723e-01             140.025          -3.792e+01               0.397           4.000e+01     
  55.000         270.000            6.230e-01           6.224e-01             140.154          -3.801e+01               0.741           4.000e+01     
  54.000         270.000            7.587e-01           7.581e-01             140.297          -3.809e+01               1.099           4.000e+01     
  53.000         270.000            8.803e-01           8.798e-01             140.455          -3.818e+01               1.470           4.000e+01     
  52.000         270.000            9.881e-01           9.876e-01             140.630          -3.828e+01               1.856           4.000e+01     
  51.000         270.000            1.082e+00           1.082e+00             140.823          -3.838e+01               2.256           4.000e+01     
  50.000         270.000            1.163e+00           1.163e+00             141.034          -3.848e+01               2.670           4.000e+01     
  49.000         270.000            1.231e+00           1.230e+00             141.266          -3.859e+01               3.098           4.000e+01     
  48.000         270.000            1.285e+00           1.285e+00             141.521          -3.871e+01               3.541           4.000e+01     
  47.000         270.000            1.327e+00           1.326e+00             141.799          -3.883e+01               3.999           4.000e+01     
  46.000         270.000            1.355e+00           1.355e+00             142.102          -3.896e+01               4.471           4.000e+01     
  45.000         270.000            1.371e+00           1.370e+00             142.434          -3.909e+01               4.959           4.000e+01     
  44.000         270.000            1.373e+00           1.373e+00             142.794          -3.923e+01               5.462           4.000e+01     
  43.000         270.000            1.363e+00           1.363e+00             143.187          -3.938e+01               5.981           4.000e+01     
  42.000         270.000            1.340e+00           1.340e+00             143.614          -3.954e+01               6.516           4.000e+01     
  41.000         270.000            1.304e+00           1.303e+00             144.078          -3.970e+01               7.068           4.000e+01     
  40.000         270.000            1.255e+00           1.254e+00             144.582          -3.987e+01               7.637           4.000e+01     
  39.000         270.000            1.193e+00           1.193e+00             145.129          -4.005e+01               8.225           4.000e+01     
  38.000         270.000            1.118e+00           1.118e+00             145.723          -4.024e+01               8.831           4.000e+01     
  37.000         270.000            1.030e+00           1.030e+00             146.367          -4.044e+01               9.457           4.000e+01     
  36.000         270.000            9.293e-01           9.290e-01             147.066          -4.065e+01              10.103           4.000e+01     
  35.000         270.000            8.155e-01           8.152e-01             147.823          -4.087e+01              10.771           4.000e+01     
  34.000         270.000            6.889e-01           6.886e-01             148.645          -4.109e+01              11.461           4.000e+01     
  33.000         270.000            5.495e-01           5.492e-01             149.535          -4.133e+01              12.175           4.000e+01     
  32.000         270.000            3.975e-01           3.973e-01             150.501          -4.158e+01              12.915           4.000e+01     
  31.000         270.000            2.332e-01           2.329e-01             151.549          -4.184e+01              13.683           4.000e+01     
  30.000         270.000            5.680e-02           5.654e-02             152.685          -4.212e+01              14.479           4.000e+01     
  29.000         270.000           -1.312e-01          -1.315e-01             153.917          -4.240e+01              15.307           4.000e+01     
  28.000         270.000           -3.302e-01          -3.305e-01             155.252          -4.270e+01              16.169           4.000e+01     
  27.000         270.000           -5.394e-01          -5.396e-01             156.698          -4.302e+01              17.067           4.000e+01     
  26.000         270.000           -7.581e-01          -7.583e-01             158.266          -4.335e+01              18.005           4.000e+01     
  25.000         270.000           -9.850e-01          -9.852e-01             159.964          -4.369e+01              18.987           4.000e+01     
  24.000         270.000           -1.219e+00          -1.219e+00             161.800          -4.405e+01              20.016           4.000e+01     
  23.000         270.000           -1.457e+00          -1.458e+00             163.784          -4.443e+01              21.099           4.000e+01     
  22.000         270.000           -1.699e+00          -1.699e+00             165.924          -4.483e+01              22.240           4.000e+01     
  21.000         270.000           -1.941e+00          -1.941e+00             168.226          -4.524e+01              23.445           4.000e+01     
  20.000         270.000           -2.181e+00          -2.181e+00             170.696          -4.568e+01              24.724           4.000e+01     
  19.000         270.000           -2.415e+00          -2.415e+00             173.338          -4.614e+01              26.084           4.000e+01     
  18.000         270.000           -2.640e+00          -2.640e+00             176.150          -4.662e+01              27.536           4.000e+01     
  17.000         270.000           -2.851e+00          -2.851e+00             179.128          -4.712e+01              29.094           4.000e+01     
  16.000         270.000           -3.046e+00          -3.046e+00             182.263          -4.765e+01              30.771           4.000e+01     
  15.000         270.000           -3.219e+00          -3.219e+00             185.539          -4.820e+01              32.587           4.000e+01     
  14.000         270.000           -3.368e+00          -3.368e+00             188.936          -4.878e+01              34.562           4.000e+01     
  13.000         270.000           -3.488e+00          -3.488e+00             192.426          -4.939e+01              36.722           4.000e+01     
  12.000         270.000           -3.578e+00          -3.578e+00             195.979          -5.004e+01              39.100           4.000e+01     
  11.000         270.000           -3.636e+00          -3.636e+00             199.559          -5.071e+01              41.732           4.000e+01     
  10.000         270.000           -3.662e+00          -3.662e+00             203.129          -5.141e+01              44.666           4.000e+01     
   9.000         270.000           -3.655e+00          -3.655e+00             206.653          -5.214e+01              47.958           4.000e+01     
   8.000         270.000           -3.619e+00          -3.619e+00             210.096          -5.290e+01              51.672           4.000e+01     
   7.000         270.000           -3.555e+00          -3.555e+00             213.427          -5.368e+01              55.888           4.000e+01     
   6.000         270.000           -3.468e+00          -3.468e+00             216.620          -5.448e+01              60.692           4.000e+01     
   5.000         270.000           -3.360e+00          -3.360e+00             219.655          -5.527e+01              66.172           4.000e+01     
   4.000         270.000           -3.237e+00          -3.237e+00             222.518          -5.604e+01              72.411           4.000e+01     
   3.000         270.000           -3.101e+00          -3.101e+00             225.200          -5.676e+01              79.455           4.000e+01     
   2.000         270.000           -2.958e+00          -2.958e+00             227.696          -5.739e+01              87.284           4.000e+01     
   1.000         270.000           -2.810e+00          -2.810e+00             230.007          -5.790e+01              95.777           4.000e+01     
