Theta [deg.]  Phi   [deg.]  Abs(Grlz)[dBi   ]   Abs(Theta)[dBi   ]  Phase(Theta)[deg.]  Abs(Phi  )[dBi   ]  Phase(Phi  )[deg.]  Ax.Ratio[dB    ]    
------------------------------------------------------------------------------------------------------------------------------------------------------
   0.000          90.000           -9.700e-01          -9.702e-01             226.596          -4.517e+01             252.942           4.000e+01     
   1.000          90.000           -1.227e+00          -1.228e+00             226.066          -4.522e+01             253.929           4.000e+01     
   2.000          90.000           -1.497e+00          -1.497e+00             225.498          -4.528e+01             254.928           4.000e+01     
   3.000          90.000           -1.777e+00          -1.778e+00             224.886          -4.535e+01             255.938           4.000e+01     
   4.000          90.000           -2.070e+00          -2.070e+00             224.227          -4.541e+01             256.960           4.000e+01     
   5.000          90.000           -2.375e+00          -2.375e+00             223.517          -4.547e+01             257.993           4.000e+01     
   6.000          90.000           -2.693e+00          -2.693e+00             222.749          -4.554e+01             259.037           4.000e+01     
   7.000          90.000           -3.023e+00          -3.023e+00             221.917          -4.561e+01             260.093           4.000e+01     
   8.000          90.000           -3.366e+00          -3.366e+00             221.015          -4.568e+01             261.161           4.000e+01     
   9.000          90.000           -3.721e+00          -3.722e+00             220.034          -4.575e+01             262.239           4.000e+01     
  10.000          90.000           -4.090e+00          -4.090e+00             218.967          -4.583e+01             263.329           4.000e+01     
  11.000          90.000           -4.471e+00          -4.472e+00             217.803          -4.590e+01             264.430           4.000e+01     
  12.000          90.000           -4.866e+00          -4.866e+00             216.531          -4.598e+01             265.542           4.000e+01     
  13.000          90.000           -5.272e+00          -5.272e+00             215.140          -4.606e+01             266.665           4.000e+01     
  14.000          90.000           -5.690e+00          -5.691e+00             213.616          -4.614e+01             267.798           4.000e+01     
  15.000          90.000           -6.119e+00          -6.120e+00             211.944          -4.622e+01             268.942           4.000e+01     
  16.000          90.000           -6.558e+00          -6.559e+00             210.109          -4.630e+01             270.096           4.000e+01     
  17.000          90.000           -7.005e+00          -7.006e+00             208.092          -4.638e+01             271.260           4.000e+01     
  18.000          90.000           -7.458e+00          -7.459e+00             205.877          -4.646e+01             272.434           3.975e+01     
  19.000          90.000           -7.914e+00          -7.915e+00             203.444          -4.654e+01             273.617           3.916e+01     
  20.000          90.000           -8.369e+00          -8.370e+00             200.777          -4.663e+01             274.808           3.860e+01     
  21.000          90.000           -8.819e+00          -8.820e+00             197.858          -4.671e+01             276.008           3.808e+01     
  22.000          90.000           -9.259e+00          -9.259e+00             194.677          -4.680e+01             277.216           3.761e+01     
  23.000          90.000           -9.681e+00          -9.682e+00             191.226          -4.688e+01             278.432           3.721e+01     
  24.000          90.000           -1.008e+01          -1.008e+01             187.507          -4.696e+01             279.655           3.689e+01     
  25.000          90.000           -1.044e+01          -1.044e+01             183.534          -4.705e+01             280.884           3.668e+01     
  26.000          90.000           -1.077e+01          -1.077e+01             179.334          -4.713e+01             282.119           3.658e+01     
  27.000          90.000           -1.104e+01          -1.104e+01             174.947          -4.721e+01             283.359           3.663e+01     
  28.000          90.000           -1.126e+01          -1.126e+01             170.430          -4.730e+01             284.604           3.683e+01     
  29.000          90.000           -1.142e+01          -1.142e+01             165.848          -4.738e+01             285.852           3.720e+01     
  30.000          90.000           -1.153e+01          -1.153e+01             161.275          -4.746e+01             287.104           3.776e+01     
  31.000          90.000           -1.157e+01          -1.157e+01             156.784          -4.754e+01             288.358           3.849e+01     
  32.000          90.000           -1.156e+01          -1.156e+01             152.442          -4.762e+01             289.613           3.942e+01     
  33.000          90.000           -1.149e+01          -1.150e+01             148.304          -4.770e+01             290.869           4.000e+01     
  34.000          90.000           -1.139e+01          -1.139e+01             144.414          -4.777e+01             292.125           4.000e+01     
  35.000          90.000           -1.126e+01          -1.126e+01             140.797          -4.785e+01             293.380           4.000e+01     
  36.000          90.000           -1.110e+01          -1.110e+01             137.468          -4.793e+01             294.633           4.000e+01     
  37.000          90.000           -1.092e+01          -1.092e+01             134.430          -4.800e+01             295.883           4.000e+01     
  38.000          90.000           -1.073e+01          -1.073e+01             131.676          -4.807e+01             297.129           4.000e+01     
  39.000          90.000           -1.053e+01          -1.053e+01             129.195          -4.814e+01             298.370           4.000e+01     
  40.000          90.000           -1.034e+01          -1.034e+01             126.971          -4.821e+01             299.605           4.000e+01     
  41.000          90.000           -1.014e+01          -1.014e+01             124.987          -4.828e+01             300.834           4.000e+01     
  42.000          90.000           -9.956e+00          -9.957e+00             123.225          -4.834e+01             302.054           4.000e+01     
  43.000          90.000           -9.776e+00          -9.776e+00             121.668          -4.841e+01             303.266           4.000e+01     
  44.000          90.000           -9.605e+00          -9.605e+00             120.298          -4.847e+01             304.467           4.000e+01     
  45.000          90.000           -9.444e+00          -9.445e+00             119.100          -4.853e+01             305.658           4.000e+01     
  46.000          90.000           -9.295e+00          -9.295e+00             118.060          -4.859e+01             306.837           4.000e+01     
  47.000          90.000           -9.157e+00          -9.157e+00             117.166          -4.864e+01             308.003           4.000e+01     
  48.000          90.000           -9.031e+00          -9.032e+00             116.405          -4.870e+01             309.155           4.000e+01     
  49.000          90.000           -8.918e+00          -8.918e+00             115.768          -4.875e+01             310.292           4.000e+01     
  50.000          90.000           -8.817e+00          -8.817e+00             115.246          -4.880e+01             311.414           4.000e+01     
  51.000          90.000           -8.727e+00          -8.728e+00             114.830          -4.885e+01             312.519           4.000e+01     
  52.000          90.000           -8.650e+00          -8.651e+00             114.515          -4.889e+01             313.607           4.000e+01     
  53.000          90.000           -8.585e+00          -8.585e+00             114.294          -4.894e+01             314.676           4.000e+01     
  54.000          90.000           -8.531e+00          -8.532e+00             114.161          -4.898e+01             315.726           4.000e+01     
  55.000          90.000           -8.488e+00          -8.489e+00             114.114          -4.902e+01             316.756           4.000e+01     
  56.000          90.000           -8.457e+00          -8.457e+00             114.147          -4.906e+01             317.765           4.000e+01     
  57.000          90.000           -8.436e+00          -8.436e+00             114.258          -4.909e+01             318.752           4.000e+01     
  58.000          90.000           -8.425e+00          -8.425e+00             114.444          -4.913e+01             319.718           4.000e+01     
  59.000          90.000           -8.423e+00          -8.424e+00             114.703          -4.916e+01             320.660           4.000e+01     
  60.000          90.000           -8.432e+00          -8.432e+00             115.033          -4.919e+01             321.579           4.000e+01     
  61.000          90.000           -8.449e+00          -8.449e+00             115.434          -4.922e+01             322.473           4.000e+01     
  62.000          90.000           -8.475e+00          -8.475e+00             115.903          -4.925e+01             323.343           4.000e+01     
  63.000          90.000           -8.509e+00          -8.510e+00             116.441          -4.928e+01             324.187           4.000e+01     
  64.000          90.000           -8.551e+00          -8.552e+00             117.047          -4.930e+01             325.006           4.000e+01     
  65.000          90.000           -8.601e+00          -8.601e+00             117.721          -4.932e+01             325.798           4.000e+01     
  66.000          90.000           -8.657e+00          -8.658e+00             118.462          -4.934e+01             326.563           4.000e+01     
  67.000          90.000           -8.720e+00          -8.720e+00             119.273          -4.936e+01             327.302           4.000e+01     
  68.000          90.000           -8.789e+00          -8.789e+00             120.151          -4.938e+01             328.012           4.000e+01     
  69.000          90.000           -8.862e+00          -8.863e+00             121.099          -4.940e+01             328.695           4.000e+01     
  70.000          90.000           -8.941e+00          -8.941e+00             122.117          -4.941e+01             329.349           4.000e+01     
  71.000          90.000           -9.024e+00          -9.024e+00             123.205          -4.942e+01             329.975           4.000e+01     
  72.000          90.000           -9.110e+00          -9.110e+00             124.365          -4.944e+01             330.572           4.000e+01     
  73.000          90.000           -9.199e+00          -9.199e+00             125.595          -4.945e+01             331.140           4.000e+01     
  74.000          90.000           -9.290e+00          -9.290e+00             126.898          -4.945e+01             331.679           4.000e+01     
  75.000          90.000           -9.382e+00          -9.382e+00             128.272          -4.946e+01             332.188           4.000e+01     
  76.000          90.000           -9.474e+00          -9.474e+00             129.718          -4.947e+01             332.668           4.000e+01     
  77.000          90.000           -9.566e+00          -9.566e+00             131.236          -4.947e+01             333.118           4.000e+01     
  78.000          90.000           -9.656e+00          -9.656e+00             132.824          -4.948e+01             333.537           4.000e+01     
  79.000          90.000           -9.744e+00          -9.744e+00             134.481          -4.948e+01             333.927           4.000e+01     
  80.000          90.000           -9.828e+00          -9.829e+00             136.206          -4.948e+01             334.287           4.000e+01     
  81.000          90.000           -9.908e+00          -9.909e+00             137.995          -4.948e+01             334.616           4.000e+01     
  82.000          90.000           -9.983e+00          -9.984e+00             139.846          -4.948e+01             334.915           4.000e+01     
  83.000          90.000           -1.005e+01          -1.005e+01             141.754          -4.947e+01             335.184           4.000e+01     
  84.000          90.000           -1.011e+01          -1.011e+01             143.716          -4.947e+01             335.422           4.000e+01     
  85.000          90.000           -1.017e+01          -1.017e+01             145.724          -4.946e+01             335.631           4.000e+01     
  86.000          90.000           -1.021e+01          -1.021e+01             147.774          -4.946e+01             335.808           4.000e+01     
  87.000          90.000           -1.025e+01          -1.025e+01             149.858          -4.945e+01             335.956           4.000e+01     
  88.000          90.000           -1.027e+01          -1.027e+01             151.969          -4.944e+01             336.073           4.000e+01     
  89.000          90.000           -1.028e+01          -1.029e+01             154.099          -4.943e+01             336.160           4.000e+01     
  90.000          90.000           -1.029e+01          -1.029e+01             156.240          -4.942e+01             336.217           4.000e+01     
  91.000          90.000           -1.028e+01          -1.028e+01             158.383          -4.941e+01             336.244           4.000e+01     
  92.000          90.000           -1.026e+01          -1.026e+01             160.520          -4.939e+01             336.241           4.000e+01     
  93.000          90.000           -1.023e+01          -1.023e+01             162.643          -4.938e+01             336.209           4.000e+01     
  94.000          90.000           -1.019e+01          -1.019e+01             164.742          -4.936e+01             336.147           4.000e+01     
  95.000          90.000           -1.014e+01          -1.014e+01             166.811          -4.934e+01             336.055           4.000e+01     
  96.000          90.000           -1.009e+01          -1.009e+01             168.843          -4.932e+01             335.934           4.000e+01     
  97.000          90.000           -1.002e+01          -1.002e+01             170.830          -4.930e+01             335.783           4.000e+01     
  98.000          90.000           -9.942e+00          -9.943e+00             172.768          -4.928e+01             335.604           4.000e+01     
  99.000          90.000           -9.860e+00          -9.860e+00             174.650          -4.926e+01             335.396           4.000e+01     
 100.000          90.000           -9.771e+00          -9.772e+00             176.473          -4.924e+01             335.160           4.000e+01     
 101.000          90.000           -9.678e+00          -9.678e+00             178.233          -4.921e+01             334.895           4.000e+01     
 102.000          90.000           -9.580e+00          -9.580e+00             179.928          -4.919e+01             334.602           4.000e+01     
 103.000          90.000           -9.478e+00          -9.479e+00             181.555          -4.916e+01             334.282           4.000e+01     
 104.000          90.000           -9.375e+00          -9.375e+00             183.112          -4.913e+01             333.934           4.000e+01     
 105.000          90.000           -9.270e+00          -9.270e+00             184.600          -4.910e+01             333.559           4.000e+01     
 106.000          90.000           -9.165e+00          -9.165e+00             186.016          -4.907e+01             333.157           4.000e+01     
 107.000          90.000           -9.059e+00          -9.060e+00             187.362          -4.904e+01             332.729           4.000e+01     
 108.000          90.000           -8.956e+00          -8.956e+00             188.637          -4.900e+01             332.274           4.000e+01     
 109.000          90.000           -8.853e+00          -8.854e+00             189.843          -4.897e+01             331.794           4.000e+01     
 110.000          90.000           -8.754e+00          -8.754e+00             190.979          -4.893e+01             331.289           4.000e+01     
 111.000          90.000           -8.658e+00          -8.658e+00             192.048          -4.889e+01             330.758           4.000e+01     
 112.000          90.000           -8.566e+00          -8.566e+00             193.049          -4.885e+01             330.203           4.000e+01     
 113.000          90.000           -8.478e+00          -8.478e+00             193.984          -4.881e+01             329.623           4.000e+01     
 114.000          90.000           -8.395e+00          -8.396e+00             194.854          -4.877e+01             329.020           4.000e+01     
 115.000          90.000           -8.318e+00          -8.319e+00             195.660          -4.873e+01             328.394           4.000e+01     
 116.000          90.000           -8.248e+00          -8.248e+00             196.403          -4.869e+01             327.745           4.000e+01     
 117.000          90.000           -8.183e+00          -8.184e+00             197.084          -4.864e+01             327.074           4.000e+01     
 118.000          90.000           -8.126e+00          -8.127e+00             197.704          -4.859e+01             326.381           4.000e+01     
 119.000          90.000           -8.077e+00          -8.077e+00             198.263          -4.855e+01             325.667           4.000e+01     
 120.000          90.000           -8.035e+00          -8.036e+00             198.761          -4.850e+01             324.932           4.000e+01     
 121.000          90.000           -8.002e+00          -8.002e+00             199.199          -4.845e+01             324.178           4.000e+01     
 122.000          90.000           -7.977e+00          -7.978e+00             199.577          -4.839e+01             323.403           4.000e+01     
 123.000          90.000           -7.962e+00          -7.962e+00             199.895          -4.834e+01             322.610           4.000e+01     
 124.000          90.000           -7.956e+00          -7.957e+00             200.152          -4.829e+01             321.798           4.000e+01     
 125.000          90.000           -7.961e+00          -7.961e+00             200.347          -4.823e+01             320.969           4.000e+01     
 126.000          90.000           -7.975e+00          -7.976e+00             200.478          -4.817e+01             320.122           4.000e+01     
 127.000          90.000           -8.001e+00          -8.001e+00             200.546          -4.812e+01             319.259           4.000e+01     
 128.000          90.000           -8.038e+00          -8.038e+00             200.546          -4.806e+01             318.379           4.000e+01     
 129.000          90.000           -8.086e+00          -8.087e+00             200.477          -4.800e+01             317.485           4.000e+01     
 130.000          90.000           -8.147e+00          -8.147e+00             200.337          -4.794e+01             316.576           4.000e+01     
 131.000          90.000           -8.220e+00          -8.221e+00             200.120          -4.787e+01             315.653           4.000e+01     
 132.000          90.000           -8.306e+00          -8.307e+00             199.823          -4.781e+01             314.716           4.000e+01     
 133.000          90.000           -8.406e+00          -8.406e+00             199.442          -4.775e+01             313.767           4.000e+01     
 134.000          90.000           -8.520e+00          -8.520e+00             198.969          -4.768e+01             312.805           3.994e+01     
 135.000          90.000           -8.647e+00          -8.648e+00             198.397          -4.762e+01             311.833           3.972e+01     
 136.000          90.000           -8.790e+00          -8.791e+00             197.720          -4.755e+01             310.849           3.949e+01     
 137.000          90.000           -8.947e+00          -8.948e+00             196.927          -4.748e+01             309.856           3.925e+01     
 138.000          90.000           -9.120e+00          -9.121e+00             196.007          -4.741e+01             308.852           3.900e+01     
 139.000          90.000           -9.309e+00          -9.310e+00             194.948          -4.734e+01             307.840           3.875e+01     
 140.000          90.000           -9.513e+00          -9.514e+00             193.734          -4.728e+01             306.820           3.849e+01     
 141.000          90.000           -9.732e+00          -9.733e+00             192.348          -4.721e+01             305.792           3.822e+01     
 142.000          90.000           -9.967e+00          -9.967e+00             190.772          -4.713e+01             304.757           3.795e+01     
 143.000          90.000           -1.021e+01          -1.022e+01             188.984          -4.706e+01             303.715           3.768e+01     
 144.000          90.000           -1.047e+01          -1.048e+01             186.958          -4.699e+01             302.668           3.742e+01     
 145.000          90.000           -1.075e+01          -1.075e+01             184.668          -4.692e+01             301.615           3.717e+01     
 146.000          90.000           -1.102e+01          -1.102e+01             182.084          -4.685e+01             300.558           3.695e+01     
 147.000          90.000           -1.130e+01          -1.130e+01             179.177          -4.678e+01             299.496           3.675e+01     
 148.000          90.000           -1.158e+01          -1.158e+01             175.918          -4.670e+01             298.431           3.661e+01     
 149.000          90.000           -1.184e+01          -1.184e+01             172.281          -4.663e+01             297.363           3.653e+01     
 150.000          90.000           -1.209e+01          -1.209e+01             168.250          -4.656e+01             296.292           3.655e+01     
 151.000          90.000           -1.230e+01          -1.230e+01             163.821          -4.649e+01             295.220           3.669e+01     
 152.000          90.000           -1.246e+01          -1.246e+01             159.011          -4.642e+01             294.145           3.699e+01     
 153.000          90.000           -1.257e+01          -1.257e+01             153.861          -4.635e+01             293.069           3.748e+01     
 154.000          90.000           -1.260e+01          -1.260e+01             148.443          -4.627e+01             291.993           3.820e+01     
 155.000          90.000           -1.256e+01          -1.256e+01             142.854          -4.620e+01             290.917           3.918e+01     
 156.000          90.000           -1.242e+01          -1.243e+01             137.208          -4.613e+01             289.840           4.000e+01     
 157.000          90.000           -1.221e+01          -1.221e+01             131.626          -4.606e+01             288.764           4.000e+01     
 158.000          90.000           -1.191e+01          -1.191e+01             126.223          -4.600e+01             287.689           4.000e+01     
 159.000          90.000           -1.155e+01          -1.155e+01             121.088          -4.593e+01             286.616           4.000e+01     
 160.000          90.000           -1.113e+01          -1.113e+01             116.286          -4.586e+01             285.544           4.000e+01     
 161.000          90.000           -1.066e+01          -1.066e+01             111.855          -4.579e+01             284.473           4.000e+01     
 162.000          90.000           -1.017e+01          -1.017e+01             107.804          -4.573e+01             283.405           4.000e+01     
 163.000          90.000           -9.655e+00          -9.656e+00             104.129          -4.566e+01             282.340           4.000e+01     
 164.000          90.000           -9.132e+00          -9.133e+00             100.808          -4.560e+01             281.278           4.000e+01     
 165.000          90.000           -8.608e+00          -8.609e+00              97.816          -4.554e+01             280.218           4.000e+01     
 166.000          90.000           -8.088e+00          -8.089e+00              95.124          -4.548e+01             279.162           4.000e+01     
 167.000          90.000           -7.575e+00          -7.576e+00              92.700          -4.542e+01             278.109           4.000e+01     
 168.000          90.000           -7.074e+00          -7.075e+00              90.516          -4.536e+01             277.060           4.000e+01     
 169.000          90.000           -6.586e+00          -6.586e+00              88.544          -4.530e+01             276.015           4.000e+01     
 170.000          90.000           -6.112e+00          -6.113e+00              86.761          -4.525e+01             274.975           4.000e+01     
 171.000          90.000           -5.654e+00          -5.655e+00              85.144          -4.519e+01             273.938           4.000e+01     
 172.000          90.000           -5.212e+00          -5.212e+00              83.674          -4.514e+01             272.906           4.000e+01     
 173.000          90.000           -4.786e+00          -4.786e+00              82.334          -4.509e+01             271.879           4.000e+01     
 174.000          90.000           -4.376e+00          -4.376e+00              81.110          -4.504e+01             270.856           4.000e+01     
 175.000          90.000           -3.981e+00          -3.982e+00              79.987          -4.500e+01             269.838           4.000e+01     
 176.000          90.000           -3.603e+00          -3.603e+00              78.955          -4.495e+01             268.825           4.000e+01     
 177.000          90.000           -3.240e+00          -3.240e+00              78.004          -4.491e+01             267.818           4.000e+01     
 178.000          90.000           -2.892e+00          -2.892e+00              77.124          -4.487e+01             266.815           4.000e+01     
 179.000          90.000           -2.558e+00          -2.558e+00              76.310          -4.483e+01             265.818           4.000e+01     
 180.000          90.000           -2.239e+00          -2.239e+00              75.553          -4.479e+01             264.826           4.000e+01     
 179.000         270.000           -1.934e+00          -1.934e+00             254.848          -4.476e+01              83.840           4.000e+01     
 178.000         270.000           -1.642e+00          -1.642e+00             254.189          -4.472e+01              82.859           4.000e+01     
 177.000         270.000           -1.363e+00          -1.363e+00             253.572          -4.469e+01              81.883           4.000e+01     
 176.000         270.000           -1.097e+00          -1.097e+00             252.994          -4.466e+01              80.913           4.000e+01     
 175.000         270.000           -8.429e-01          -8.430e-01             252.450          -4.464e+01              79.949           4.000e+01     
 174.000         270.000           -6.011e-01          -6.013e-01             251.936          -4.461e+01              78.990           4.000e+01     
 173.000         270.000           -3.711e-01          -3.713e-01             251.452          -4.459e+01              78.037           4.000e+01     
 172.000         270.000           -1.526e-01          -1.527e-01             250.992          -4.457e+01              77.089           4.000e+01     
 171.000         270.000            5.485e-02           5.470e-02             250.557          -4.455e+01              76.148           4.000e+01     
 170.000         270.000            2.514e-01           2.512e-01             250.142          -4.454e+01              75.212           4.000e+01     
 169.000         270.000            4.373e-01           4.372e-01             249.747          -4.452e+01              74.281           4.000e+01     
 168.000         270.000            6.129e-01           6.127e-01             249.370          -4.451e+01              73.357           4.000e+01     
 167.000         270.000            7.783e-01           7.781e-01             249.010          -4.450e+01              72.438           4.000e+01     
 166.000         270.000            9.337e-01           9.336e-01             248.664          -4.450e+01              71.525           4.000e+01     
 165.000         270.000            1.079e+00           1.079e+00             248.331          -4.449e+01              70.618           4.000e+01     
 164.000         270.000            1.216e+00           1.215e+00             248.012          -4.449e+01              69.716           4.000e+01     
 163.000         270.000            1.342e+00           1.342e+00             247.703          -4.449e+01              68.821           4.000e+01     
 162.000         270.000            1.460e+00           1.460e+00             247.406          -4.449e+01              67.931           4.000e+01     
 161.000         270.000            1.569e+00           1.568e+00             247.117          -4.449e+01              67.047           4.000e+01     
 160.000         270.000            1.668e+00           1.668e+00             246.838          -4.450e+01              66.169           4.000e+01     
 159.000         270.000            1.759e+00           1.759e+00             246.567          -4.451e+01              65.296           4.000e+01     
 158.000         270.000            1.841e+00           1.841e+00             246.303          -4.452e+01              64.430           4.000e+01     
 157.000         270.000            1.915e+00           1.915e+00             246.045          -4.453e+01              63.569           4.000e+01     
 156.000         270.000            1.980e+00           1.980e+00             245.794          -4.454e+01              62.715           4.000e+01     
 155.000         270.000            2.038e+00           2.037e+00             245.549          -4.456e+01              61.866           4.000e+01     
 154.000         270.000            2.086e+00           2.086e+00             245.309          -4.458e+01              61.023           4.000e+01     
 153.000         270.000            2.127e+00           2.127e+00             245.073          -4.460e+01              60.187           4.000e+01     
 152.000         270.000            2.160e+00           2.160e+00             244.841          -4.462e+01              59.356           4.000e+01     
 151.000         270.000            2.185e+00           2.185e+00             244.614          -4.464e+01              58.532           4.000e+01     
 150.000         270.000            2.202e+00           2.202e+00             244.389          -4.467e+01              57.713           4.000e+01     
 149.000         270.000            2.211e+00           2.211e+00             244.168          -4.470e+01              56.901           4.000e+01     
 148.000         270.000            2.213e+00           2.213e+00             243.949          -4.472e+01              56.095           4.000e+01     
 147.000         270.000            2.206e+00           2.206e+00             243.733          -4.475e+01              55.296           4.000e+01     
 146.000         270.000            2.192e+00           2.192e+00             243.519          -4.479e+01              54.503           4.000e+01     
 145.000         270.000            2.171e+00           2.171e+00             243.306          -4.482e+01              53.717           4.000e+01     
 144.000         270.000            2.142e+00           2.142e+00             243.095          -4.485e+01              52.937           4.000e+01     
 143.000         270.000            2.105e+00           2.105e+00             242.885          -4.489e+01              52.164           4.000e+01     
 142.000         270.000            2.061e+00           2.060e+00             242.676          -4.493e+01              51.398           4.000e+01     
 141.000         270.000            2.009e+00           2.009e+00             242.467          -4.496e+01              50.639           4.000e+01     
 140.000         270.000            1.949e+00           1.949e+00             242.259          -4.500e+01              49.887           4.000e+01     
 139.000         270.000            1.882e+00           1.882e+00             242.051          -4.504e+01              49.143           4.000e+01     
 138.000         270.000            1.807e+00           1.807e+00             241.842          -4.508e+01              48.405           4.000e+01     
 137.000         270.000            1.725e+00           1.725e+00             241.633          -4.513e+01              47.676           4.000e+01     
 136.000         270.000            1.635e+00           1.635e+00             241.424          -4.517e+01              46.955           4.000e+01     
 135.000         270.000            1.537e+00           1.537e+00             241.213          -4.521e+01              46.241           4.000e+01     
 134.000         270.000            1.431e+00           1.431e+00             241.001          -4.526e+01              45.535           4.000e+01     
 133.000         270.000            1.317e+00           1.317e+00             240.788          -4.530e+01              44.838           4.000e+01     
 132.000         270.000            1.196e+00           1.196e+00             240.573          -4.535e+01              44.150           4.000e+01     
 131.000         270.000            1.066e+00           1.066e+00             240.356          -4.539e+01              43.470           4.000e+01     
 130.000         270.000            9.277e-01           9.276e-01             240.136          -4.544e+01              42.799           4.000e+01     
 129.000         270.000            7.811e-01           7.810e-01             239.913          -4.549e+01              42.138           4.000e+01     
 128.000         270.000            6.259e-01           6.258e-01             239.688          -4.553e+01              41.486           4.000e+01     
 127.000         270.000            4.619e-01           4.618e-01             239.458          -4.558e+01              40.844           4.000e+01     
 126.000         270.000            2.889e-01           2.888e-01             239.225          -4.562e+01              40.212           4.000e+01     
 125.000         270.000            1.066e-01           1.065e-01             238.988          -4.567e+01              39.591           4.000e+01     
 124.000         270.000           -8.517e-02          -8.529e-02             238.746          -4.571e+01              38.980           4.000e+01     
 123.000         270.000           -2.868e-01          -2.869e-01             238.498          -4.576e+01              38.380           4.000e+01     
 122.000         270.000           -4.986e-01          -4.988e-01             238.244          -4.580e+01              37.792           4.000e+01     
 121.000         270.000           -7.210e-01          -7.212e-01             237.984          -4.585e+01              37.215           4.000e+01     
 120.000         270.000           -9.544e-01          -9.546e-01             237.716          -4.589e+01              36.650           4.000e+01     
 119.000         270.000           -1.199e+00          -1.199e+00             237.440          -4.594e+01              36.097           4.000e+01     
 118.000         270.000           -1.456e+00          -1.456e+00             237.155          -4.598e+01              35.557           4.000e+01     
 117.000         270.000           -1.726e+00          -1.726e+00             236.859          -4.602e+01              35.029           4.000e+01     
 116.000         270.000           -2.009e+00          -2.009e+00             236.553          -4.606e+01              34.515           4.000e+01     
 115.000         270.000           -2.305e+00          -2.306e+00             236.233          -4.610e+01              34.014           4.000e+01     
 114.000         270.000           -2.617e+00          -2.617e+00             235.898          -4.614e+01              33.527           4.000e+01     
 113.000         270.000           -2.945e+00          -2.945e+00             235.548          -4.617e+01              33.054           4.000e+01     
 112.000         270.000           -3.290e+00          -3.290e+00             235.178          -4.621e+01              32.596           4.000e+01     
 111.000         270.000           -3.653e+00          -3.653e+00             234.788          -4.624e+01              32.153           4.000e+01     
 110.000         270.000           -4.036e+00          -4.036e+00             234.373          -4.628e+01              31.724           4.000e+01     
 109.000         270.000           -4.440e+00          -4.440e+00             233.929          -4.631e+01              31.311           4.000e+01     
 108.000         270.000           -4.867e+00          -4.868e+00             233.454          -4.634e+01              30.913           4.000e+01     
 107.000         270.000           -5.321e+00          -5.321e+00             232.939          -4.637e+01              30.532           4.000e+01     
 106.000         270.000           -5.802e+00          -5.802e+00             232.380          -4.639e+01              30.166           4.000e+01     
 105.000         270.000           -6.315e+00          -6.315e+00             231.767          -4.642e+01              29.818           4.000e+01     
 104.000         270.000           -6.862e+00          -6.863e+00             231.089          -4.644e+01              29.485           4.000e+01     
 103.000         270.000           -7.449e+00          -7.450e+00             230.333          -4.646e+01              29.170           4.000e+01     
 102.000         270.000           -8.081e+00          -8.082e+00             229.480          -4.648e+01              28.872           4.000e+01     
 101.000         270.000           -8.764e+00          -8.764e+00             228.507          -4.650e+01              28.592           4.000e+01     
 100.000         270.000           -9.505e+00          -9.506e+00             227.381          -4.651e+01              28.328           4.000e+01     
  99.000         270.000           -1.032e+01          -1.032e+01             226.056          -4.653e+01              28.083           4.000e+01     
  98.000         270.000           -1.121e+01          -1.121e+01             224.469          -4.654e+01              27.855           4.000e+01     
  97.000         270.000           -1.220e+01          -1.220e+01             222.525          -4.655e+01              27.646           4.000e+01     
  96.000         270.000           -1.330e+01          -1.331e+01             220.082          -4.656e+01              27.454           4.000e+01     
  95.000         270.000           -1.455e+01          -1.456e+01             216.910          -4.656e+01              27.281           4.000e+01     
  94.000         270.000           -1.598e+01          -1.598e+01             212.634          -4.657e+01              27.126           4.000e+01     
  93.000         270.000           -1.760e+01          -1.761e+01             206.601          -4.657e+01              26.989           4.000e+01     
  92.000         270.000           -1.943e+01          -1.944e+01             197.652          -4.657e+01              26.870           4.000e+01     
  91.000         270.000           -2.134e+01          -2.135e+01             183.867          -4.656e+01              26.770           3.343e+01     
  90.000         270.000           -2.283e+01          -2.284e+01             163.283          -4.656e+01              26.688           2.699e+01     
  89.000         270.000           -2.300e+01          -2.302e+01             138.095          -4.655e+01              26.624           2.416e+01     
  88.000         270.000           -2.173e+01          -2.174e+01             116.078          -4.654e+01              26.579           2.480e+01     
  87.000         270.000           -1.985e+01          -1.986e+01             100.950          -4.653e+01              26.552           2.700e+01     
  86.000         270.000           -1.799e+01          -1.800e+01              91.154          -4.652e+01              26.542           2.941e+01     
  85.000         270.000           -1.632e+01          -1.633e+01              84.620          -4.650e+01              26.551           3.160e+01     
  84.000         270.000           -1.486e+01          -1.487e+01              80.042          -4.649e+01              26.577           3.352e+01     
  83.000         270.000           -1.358e+01          -1.359e+01              76.681          -4.647e+01              26.621           3.519e+01     
  82.000         270.000           -1.245e+01          -1.245e+01              74.115          -4.645e+01              26.683           3.665e+01     
  81.000         270.000           -1.144e+01          -1.144e+01              72.090          -4.642e+01              26.762           3.794e+01     
  80.000         270.000           -1.053e+01          -1.053e+01              70.450          -4.640e+01              26.858           3.910e+01     
  79.000         270.000           -9.710e+00          -9.711e+00              69.091          -4.637e+01              26.970           4.000e+01     
  78.000         270.000           -8.957e+00          -8.958e+00              67.943          -4.635e+01              27.100           4.000e+01     
  77.000         270.000           -8.265e+00          -8.266e+00              66.959          -4.632e+01              27.246           4.000e+01     
  76.000         270.000           -7.626e+00          -7.626e+00              66.103          -4.629e+01              27.408           4.000e+01     
  75.000         270.000           -7.032e+00          -7.033e+00              65.349          -4.625e+01              27.586           4.000e+01     
  74.000         270.000           -6.479e+00          -6.479e+00              64.679          -4.622e+01              27.779           4.000e+01     
  73.000         270.000           -5.961e+00          -5.962e+00              64.078          -4.618e+01              27.988           4.000e+01     
  72.000         270.000           -5.475e+00          -5.476e+00              63.534          -4.615e+01              28.213           4.000e+01     
  71.000         270.000           -5.018e+00          -5.018e+00              63.038          -4.611e+01              28.452           4.000e+01     
  70.000         270.000           -4.587e+00          -4.587e+00              62.583          -4.607e+01              28.705           4.000e+01     
  69.000         270.000           -4.179e+00          -4.179e+00              62.164          -4.603e+01              28.973           4.000e+01     
  68.000         270.000           -3.793e+00          -3.793e+00              61.774          -4.599e+01              29.256           4.000e+01     
  67.000         270.000           -3.426e+00          -3.427e+00              61.411          -4.595e+01              29.551           4.000e+01     
  66.000         270.000           -3.078e+00          -3.079e+00              61.072          -4.590e+01              29.861           4.000e+01     
  65.000         270.000           -2.747e+00          -2.748e+00              60.753          -4.586e+01              30.183           4.000e+01     
  64.000         270.000           -2.432e+00          -2.433e+00              60.452          -4.582e+01              30.519           4.000e+01     
  63.000         270.000           -2.132e+00          -2.132e+00              60.167          -4.577e+01              30.867           4.000e+01     
  62.000         270.000           -1.846e+00          -1.846e+00              59.896          -4.573e+01              31.228           4.000e+01     
  61.000         270.000           -1.573e+00          -1.573e+00              59.638          -4.568e+01              31.601           4.000e+01     
  60.000         270.000           -1.312e+00          -1.312e+00              59.392          -4.563e+01              31.986           4.000e+01     
  59.000         270.000           -1.063e+00          -1.063e+00              59.157          -4.559e+01              32.382           4.000e+01     
  58.000         270.000           -8.257e-01          -8.259e-01              58.931          -4.554e+01              32.790           4.000e+01     
  57.000         270.000           -5.989e-01          -5.991e-01              58.713          -4.549e+01              33.210           4.000e+01     
  56.000         270.000           -3.825e-01          -3.826e-01              58.503          -4.545e+01              33.640           4.000e+01     
  55.000         270.000           -1.760e-01          -1.761e-01              58.301          -4.540e+01              34.081           4.000e+01     
  54.000         270.000            2.096e-02           2.083e-02              58.105          -4.535e+01              34.533           4.000e+01     
  53.000         270.000            2.087e-01           2.085e-01              57.915          -4.531e+01              34.996           4.000e+01     
  52.000         270.000            3.874e-01           3.873e-01              57.730          -4.526e+01              35.468           4.000e+01     
  51.000         270.000            5.574e-01           5.573e-01              57.551          -4.522e+01              35.951           4.000e+01     
  50.000         270.000            7.190e-01           7.189e-01              57.376          -4.517e+01              36.444           4.000e+01     
  49.000         270.000            8.723e-01           8.722e-01              57.204          -4.513e+01              36.946           4.000e+01     
  48.000         270.000            1.018e+00           1.017e+00              57.037          -4.509e+01              37.458           4.000e+01     
  47.000         270.000            1.155e+00           1.155e+00              56.873          -4.505e+01              37.980           4.000e+01     
  46.000         270.000            1.284e+00           1.284e+00              56.712          -4.501e+01              38.511           4.000e+01     
  45.000         270.000            1.406e+00           1.406e+00              56.554          -4.497e+01              39.052           4.000e+01     
  44.000         270.000            1.520e+00           1.520e+00              56.398          -4.493e+01              39.602           4.000e+01     
  43.000         270.000            1.627e+00           1.627e+00              56.245          -4.489e+01              40.160           4.000e+01     
  42.000         270.000            1.727e+00           1.727e+00              56.093          -4.485e+01              40.728           4.000e+01     
  41.000         270.000            1.819e+00           1.819e+00              55.943          -4.482e+01              41.305           4.000e+01     
  40.000         270.000            1.904e+00           1.904e+00              55.794          -4.478e+01              41.891           4.000e+01     
  39.000         270.000            1.982e+00           1.981e+00              55.646          -4.475e+01              42.486           4.000e+01     
  38.000         270.000            2.052e+00           2.052e+00              55.499          -4.472e+01              43.090           4.000e+01     
  37.000         270.000            2.115e+00           2.115e+00              55.352          -4.469e+01              43.703           4.000e+01     
  36.000         270.000            2.172e+00           2.172e+00              55.206          -4.467e+01              44.324           4.000e+01     
  35.000         270.000            2.221e+00           2.221e+00              55.060          -4.464e+01              44.954           4.000e+01     
  34.000         270.000            2.263e+00           2.263e+00              54.913          -4.462e+01              45.593           4.000e+01     
  33.000         270.000            2.298e+00           2.298e+00              54.766          -4.459e+01              46.241           4.000e+01     
  32.000         270.000            2.326e+00           2.326e+00              54.618          -4.457e+01              46.898           4.000e+01     
  31.000         270.000            2.346e+00           2.346e+00              54.470          -4.456e+01              47.564           4.000e+01     
  30.000         270.000            2.360e+00           2.360e+00              54.319          -4.454e+01              48.238           4.000e+01     
  29.000         270.000            2.366e+00           2.366e+00              54.167          -4.453e+01              48.922           4.000e+01     
  28.000         270.000            2.365e+00           2.365e+00              54.013          -4.452e+01              49.614           4.000e+01     
  27.000         270.000            2.357e+00           2.357e+00              53.857          -4.451e+01              50.315           4.000e+01     
  26.000         270.000            2.341e+00           2.341e+00              53.698          -4.450e+01              51.025           4.000e+01     
  25.000         270.000            2.318e+00           2.318e+00              53.536          -4.449e+01              51.745           4.000e+01     
  24.000         270.000            2.287e+00           2.287e+00              53.370          -4.449e+01              52.474           4.000e+01     
  23.000         270.000            2.249e+00           2.249e+00              53.201          -4.449e+01              53.211           4.000e+01     
  22.000         270.000            2.203e+00           2.203e+00              53.027          -4.449e+01              53.959           4.000e+01     
  21.000         270.000            2.150e+00           2.150e+00              52.849          -4.450e+01              54.715           4.000e+01     
  20.000         270.000            2.089e+00           2.089e+00              52.665          -4.451e+01              55.481           4.000e+01     
  19.000         270.000            2.019e+00           2.019e+00              52.475          -4.452e+01              56.257           4.000e+01     
  18.000         270.000            1.942e+00           1.942e+00              52.279          -4.453e+01              57.042           4.000e+01     
  17.000         270.000            1.857e+00           1.857e+00              52.076          -4.454e+01              57.837           4.000e+01     
  16.000         270.000            1.764e+00           1.763e+00              51.865          -4.456e+01              58.642           4.000e+01     
  15.000         270.000            1.662e+00           1.662e+00              51.646          -4.458e+01              59.457           4.000e+01     
  14.000         270.000            1.551e+00           1.551e+00              51.417          -4.460e+01              60.282           4.000e+01     
  13.000         270.000            1.433e+00           1.432e+00              51.179          -4.463e+01              61.117           4.000e+01     
  12.000         270.000            1.305e+00           1.305e+00              50.929          -4.465e+01              61.962           4.000e+01     
  11.000         270.000            1.168e+00           1.168e+00              50.668          -4.468e+01              62.818           4.000e+01     
  10.000         270.000            1.023e+00           1.023e+00              50.393          -4.471e+01              63.684           4.000e+01     
   9.000         270.000            8.681e-01           8.680e-01              50.104          -4.475e+01              64.561           4.000e+01     
   8.000         270.000            7.040e-01           7.038e-01              49.799          -4.479e+01              65.448           4.000e+01     
   7.000         270.000            5.303e-01           5.301e-01              49.478          -4.482e+01              66.346           4.000e+01     
   6.000         270.000            3.468e-01           3.467e-01              49.138          -4.487e+01              67.255           4.000e+01     
   5.000         270.000            1.534e-01           1.533e-01              48.777          -4.491e+01              68.175           4.000e+01     
   4.000         270.000           -5.009e-02          -5.023e-02              48.395          -4.496e+01              69.106           4.000e+01     
   3.000         270.000           -2.640e-01          -2.641e-01              47.988          -4.501e+01              70.048           4.000e+01     
   2.000         270.000           -4.884e-01          -4.886e-01              47.554          -4.506e+01              71.001           4.000e+01     
   1.000         270.000           -7.237e-01          -7.239e-01              47.091          -4.511e+01              71.966           4.000e+01     
