Theta [deg.]  Phi   [deg.]  Abs(Grlz)[dBi   ]   Abs(Theta)[dBi   ]  Phase(Theta)[deg.]  Abs(Phi  )[dBi   ]  Phase(Phi  )[deg.]  Ax.Ratio[dB    ]    
------------------------------------------------------------------------------------------------------------------------------------------------------
   0.000          90.000           -4.241e+00          -1.199e+01             346.976          -5.039e+00             201.144           1.315e+01     
   1.000          90.000           -4.258e+00          -1.196e+01             345.981          -5.066e+00             200.985           1.290e+01     
   2.000          90.000           -4.278e+00          -1.193e+01             344.965          -5.096e+00             200.789           1.266e+01     
   3.000          90.000           -4.300e+00          -1.190e+01             343.922          -5.130e+00             200.556           1.243e+01     
   4.000          90.000           -4.325e+00          -1.186e+01             342.852          -5.166e+00             200.285           1.220e+01     
   5.000          90.000           -4.351e+00          -1.183e+01             341.752          -5.207e+00             199.976           1.197e+01     
   6.000          90.000           -4.380e+00          -1.179e+01             340.620          -5.251e+00             199.630           1.174e+01     
   7.000          90.000           -4.410e+00          -1.174e+01             339.456          -5.298e+00             199.245           1.150e+01     
   8.000          90.000           -4.442e+00          -1.169e+01             338.259          -5.348e+00             198.824           1.127e+01     
   9.000          90.000           -4.474e+00          -1.163e+01             337.031          -5.402e+00             198.364           1.103e+01     
  10.000          90.000           -4.507e+00          -1.156e+01             335.771          -5.459e+00             197.867           1.079e+01     
  11.000          90.000           -4.539e+00          -1.149e+01             334.483          -5.519e+00             197.334           1.054e+01     
  12.000          90.000           -4.572e+00          -1.140e+01             333.169          -5.583e+00             196.763           1.029e+01     
  13.000          90.000           -4.604e+00          -1.130e+01             331.832          -5.650e+00             196.156           1.003e+01     
  14.000          90.000           -4.634e+00          -1.119e+01             330.476          -5.719e+00             195.513           9.775e+00     
  15.000          90.000           -4.663e+00          -1.107e+01             329.105          -5.792e+00             194.836           9.513e+00     
  16.000          90.000           -4.689e+00          -1.093e+01             327.725          -5.867e+00             194.124           9.248e+00     
  17.000          90.000           -4.713e+00          -1.078e+01             326.341          -5.945e+00             193.379           8.982e+00     
  18.000          90.000           -4.733e+00          -1.062e+01             324.958          -6.026e+00             192.602           8.717e+00     
  19.000          90.000           -4.749e+00          -1.045e+01             323.582          -6.110e+00             191.795           8.454e+00     
  20.000          90.000           -4.760e+00          -1.027e+01             322.218          -6.195e+00             190.958           8.195e+00     
  21.000          90.000           -4.766e+00          -1.007e+01             320.872          -6.284e+00             190.094           7.942e+00     
  22.000          90.000           -4.766e+00          -9.860e+00             319.549          -6.374e+00             189.205           7.698e+00     
  23.000          90.000           -4.759e+00          -9.640e+00             318.253          -6.466e+00             188.292           7.466e+00     
  24.000          90.000           -4.746e+00          -9.411e+00             316.987          -6.560e+00             187.360           7.248e+00     
  25.000          90.000           -4.725e+00          -9.172e+00             315.757          -6.657e+00             186.408           7.049e+00     
  26.000          90.000           -4.696e+00          -8.926e+00             314.566          -6.755e+00             185.441           6.871e+00     
  27.000          90.000           -4.659e+00          -8.673e+00             313.415          -6.855e+00             184.462           6.716e+00     
  28.000          90.000           -4.614e+00          -8.414e+00             312.306          -6.957e+00             183.475           6.589e+00     
  29.000          90.000           -4.561e+00          -8.150e+00             311.241          -7.060e+00             182.483           6.491e+00     
  30.000          90.000           -4.499e+00          -7.882e+00             310.221          -7.166e+00             181.489           6.425e+00     
  31.000          90.000           -4.428e+00          -7.611e+00             309.246          -7.273e+00             180.499           6.391e+00     
  32.000          90.000           -4.350e+00          -7.339e+00             308.315          -7.382e+00             179.517           6.391e+00     
  33.000          90.000           -4.264e+00          -7.066e+00             307.428          -7.493e+00             178.548           6.423e+00     
  34.000          90.000           -4.171e+00          -6.794e+00             306.585          -7.607e+00             177.596           6.488e+00     
  35.000          90.000           -4.072e+00          -6.523e+00             305.784          -7.723e+00             176.667           6.583e+00     
  36.000          90.000           -3.966e+00          -6.255e+00             305.024          -7.842e+00             175.767           6.705e+00     
  37.000          90.000           -3.855e+00          -5.989e+00             304.304          -7.963e+00             174.900           6.853e+00     
  38.000          90.000           -3.739e+00          -5.728e+00             303.622          -8.088e+00             174.074           7.022e+00     
  39.000          90.000           -3.620e+00          -5.471e+00             302.976          -8.217e+00             173.294           7.211e+00     
  40.000          90.000           -3.498e+00          -5.220e+00             302.365          -8.349e+00             172.566           7.414e+00     
  41.000          90.000           -3.375e+00          -4.976e+00             301.788          -8.486e+00             171.898           7.629e+00     
  42.000          90.000           -3.251e+00          -4.738e+00             301.242          -8.627e+00             171.296           7.853e+00     
  43.000          90.000           -3.126e+00          -4.508e+00             300.726          -8.773e+00             170.767           8.083e+00     
  44.000          90.000           -3.003e+00          -4.286e+00             300.238          -8.925e+00             170.319           8.315e+00     
  45.000          90.000           -2.882e+00          -4.073e+00             299.776          -9.083e+00             169.959           8.547e+00     
  46.000          90.000           -2.764e+00          -3.870e+00             299.340          -9.246e+00             169.696           8.777e+00     
  47.000          90.000           -2.650e+00          -3.677e+00             298.928          -9.416e+00             169.538           9.002e+00     
  48.000          90.000           -2.540e+00          -3.494e+00             298.538          -9.593e+00             169.494           9.219e+00     
  49.000          90.000           -2.437e+00          -3.323e+00             298.169          -9.776e+00             169.573           9.427e+00     
  50.000          90.000           -2.339e+00          -3.163e+00             297.820          -9.965e+00             169.786           9.624e+00     
  51.000          90.000           -2.249e+00          -3.015e+00             297.490          -1.016e+01             170.142           9.807e+00     
  52.000          90.000           -2.167e+00          -2.880e+00             297.178          -1.036e+01             170.652           9.975e+00     
  53.000          90.000           -2.093e+00          -2.759e+00             296.882          -1.057e+01             171.326           1.013e+01     
  54.000          90.000           -2.029e+00          -2.651e+00             296.602          -1.078e+01             172.176           1.026e+01     
  55.000          90.000           -1.976e+00          -2.558e+00             296.337          -1.099e+01             173.212           1.037e+01     
  56.000          90.000           -1.933e+00          -2.480e+00             296.086          -1.120e+01             174.443           1.047e+01     
  57.000          90.000           -1.901e+00          -2.417e+00             295.849          -1.141e+01             175.879           1.054e+01     
  58.000          90.000           -1.882e+00          -2.370e+00             295.624          -1.162e+01             177.526           1.059e+01     
  59.000          90.000           -1.876e+00          -2.340e+00             295.411          -1.182e+01             179.388           1.061e+01     
  60.000          90.000           -1.884e+00          -2.328e+00             295.210          -1.201e+01             181.465           1.061e+01     
  61.000          90.000           -1.906e+00          -2.334e+00             295.020          -1.218e+01             183.754           1.059e+01     
  62.000          90.000           -1.943e+00          -2.359e+00             294.841          -1.233e+01             186.243           1.053e+01     
  63.000          90.000           -1.995e+00          -2.404e+00             294.672          -1.246e+01             188.917           1.046e+01     
  64.000          90.000           -2.064e+00          -2.470e+00             294.513          -1.256e+01             191.750           1.035e+01     
  65.000          90.000           -2.150e+00          -2.558e+00             294.363          -1.263e+01             194.711           1.022e+01     
  66.000          90.000           -2.254e+00          -2.668e+00             294.222          -1.267e+01             197.765           1.007e+01     
  67.000          90.000           -2.377e+00          -2.803e+00             294.091          -1.267e+01             200.870           9.883e+00     
  68.000          90.000           -2.519e+00          -2.964e+00             293.968          -1.264e+01             203.985           9.672e+00     
  69.000          90.000           -2.681e+00          -3.152e+00             293.854          -1.257e+01             207.067           9.435e+00     
  70.000          90.000           -2.865e+00          -3.368e+00             293.749          -1.247e+01             210.077           9.171e+00     
  71.000          90.000           -3.070e+00          -3.616e+00             293.652          -1.235e+01             212.980           8.880e+00     
  72.000          90.000           -3.298e+00          -3.898e+00             293.564          -1.220e+01             215.749           8.563e+00     
  73.000          90.000           -3.550e+00          -4.215e+00             293.484          -1.203e+01             218.362           8.221e+00     
  74.000          90.000           -3.827e+00          -4.572e+00             293.413          -1.185e+01             220.804           7.854e+00     
  75.000          90.000           -4.128e+00          -4.973e+00             293.351          -1.166e+01             223.067           7.465e+00     
  76.000          90.000           -4.456e+00          -5.421e+00             293.299          -1.146e+01             225.147           7.056e+00     
  77.000          90.000           -4.810e+00          -5.924e+00             293.257          -1.127e+01             227.045           6.634e+00     
  78.000          90.000           -5.190e+00          -6.486e+00             293.226          -1.107e+01             228.765           6.207e+00     
  79.000          90.000           -5.596e+00          -7.119e+00             293.206          -1.089e+01             230.313           5.792e+00     
  80.000          90.000           -6.026e+00          -7.832e+00             293.201          -1.071e+01             231.695           5.416e+00     
  81.000          90.000           -6.478e+00          -8.640e+00             293.212          -1.054e+01             232.920           5.123e+00     
  82.000          90.000           -6.947e+00          -9.565e+00             293.243          -1.039e+01             233.996           4.979e+00     
  83.000          90.000           -7.427e+00          -1.063e+01             293.300          -1.025e+01             234.929           5.075e+00     
  84.000          90.000           -7.907e+00          -1.188e+01             293.393          -1.013e+01             235.728           5.507e+00     
  85.000          90.000           -8.374e+00          -1.338e+01             293.539          -1.002e+01             236.399           6.364e+00     
  86.000          90.000           -8.810e+00          -1.523e+01             293.774          -9.934e+00             236.947           7.738e+00     
  87.000          90.000           -9.191e+00          -1.762e+01             294.178          -9.864e+00             237.377           9.783e+00     
  88.000          90.000           -9.492e+00          -2.097e+01             294.984          -9.813e+00             237.693           1.286e+01     
  89.000          90.000           -9.691e+00          -2.655e+01             297.265          -9.781e+00             237.897           1.812e+01     
  90.000          90.000           -9.767e+00          -4.475e+01             335.342          -9.768e+00             237.992           3.506e+01     
  91.000          90.000           -9.714e+00          -2.827e+01             106.625          -9.775e+00             237.977           2.104e+01     
  92.000          90.000           -9.537e+00          -2.183e+01             109.713          -9.801e+00             237.854           1.433e+01     
  93.000          90.000           -9.253e+00          -1.819e+01             110.693          -9.846e+00             237.620           1.078e+01     
  94.000          90.000           -8.885e+00          -1.566e+01             111.187          -9.910e+00             237.274           8.499e+00     
  95.000          90.000           -8.458e+00          -1.372e+01             111.497          -9.993e+00             236.811           6.974e+00     
  96.000          90.000           -7.996e+00          -1.216e+01             111.718          -1.009e+01             236.229           5.999e+00     
  97.000          90.000           -7.517e+00          -1.087e+01             111.893          -1.021e+01             235.521           5.463e+00     
  98.000          90.000           -7.037e+00          -9.767e+00             112.040          -1.035e+01             234.682           5.276e+00     
  99.000          90.000           -6.566e+00          -8.817e+00             112.171          -1.050e+01             233.704           5.343e+00     
 100.000          90.000           -6.111e+00          -7.987e+00             112.293          -1.066e+01             232.581           5.578e+00     
 101.000          90.000           -5.677e+00          -7.256e+00             112.410          -1.084e+01             231.305           5.910e+00     
 102.000          90.000           -5.267e+00          -6.609e+00             112.525          -1.102e+01             229.867           6.294e+00     
 103.000          90.000           -4.883e+00          -6.033e+00             112.639          -1.122e+01             228.260           6.698e+00     
 104.000          90.000           -4.525e+00          -5.520e+00             112.755          -1.141e+01             226.478           7.105e+00     
 105.000          90.000           -4.193e+00          -5.061e+00             112.873          -1.161e+01             224.515           7.502e+00     
 106.000          90.000           -3.887e+00          -4.651e+00             112.995          -1.181e+01             222.369           7.884e+00     
 107.000          90.000           -3.607e+00          -4.286e+00             113.121          -1.200e+01             220.041           8.246e+00     
 108.000          90.000           -3.351e+00          -3.960e+00             113.251          -1.218e+01             217.537           8.585e+00     
 109.000          90.000           -3.119e+00          -3.672e+00             113.386          -1.234e+01             214.869           8.900e+00     
 110.000          90.000           -2.910e+00          -3.417e+00             113.527          -1.248e+01             212.054           9.190e+00     
 111.000          90.000           -2.723e+00          -3.194e+00             113.674          -1.260e+01             209.117           9.454e+00     
 112.000          90.000           -2.557e+00          -3.000e+00             113.828          -1.268e+01             206.090           9.693e+00     
 113.000          90.000           -2.411e+00          -2.834e+00             113.988          -1.274e+01             203.009           9.905e+00     
 114.000          90.000           -2.286e+00          -2.694e+00             114.155          -1.276e+01             199.916           1.009e+01     
 115.000          90.000           -2.178e+00          -2.578e+00             114.330          -1.274e+01             196.853           1.025e+01     
 116.000          90.000           -2.089e+00          -2.485e+00             114.513          -1.269e+01             193.863           1.038e+01     
 117.000          90.000           -2.017e+00          -2.415e+00             114.705          -1.260e+01             190.984           1.049e+01     
 118.000          90.000           -1.962e+00          -2.365e+00             114.905          -1.249e+01             188.249           1.057e+01     
 119.000          90.000           -1.922e+00          -2.335e+00             115.115          -1.235e+01             185.688           1.063e+01     
 120.000          90.000           -1.898e+00          -2.324e+00             115.335          -1.219e+01             183.321           1.066e+01     
 121.000          90.000           -1.887e+00          -2.332e+00             115.565          -1.201e+01             181.160           1.066e+01     
 122.000          90.000           -1.891e+00          -2.357e+00             115.807          -1.181e+01             179.214           1.064e+01     
 123.000          90.000           -1.907e+00          -2.399e+00             116.059          -1.161e+01             177.483           1.060e+01     
 124.000          90.000           -1.936e+00          -2.457e+00             116.324          -1.140e+01             175.967           1.053e+01     
 125.000          90.000           -1.977e+00          -2.531e+00             116.602          -1.119e+01             174.658           1.044e+01     
 126.000          90.000           -2.028e+00          -2.620e+00             116.894          -1.098e+01             173.549           1.033e+01     
 127.000          90.000           -2.090e+00          -2.723e+00             117.200          -1.076e+01             172.632           1.020e+01     
 128.000          90.000           -2.161e+00          -2.840e+00             117.521          -1.056e+01             171.894           1.006e+01     
 129.000          90.000           -2.241e+00          -2.970e+00             117.859          -1.035e+01             171.326           9.891e+00     
 130.000          90.000           -2.329e+00          -3.113e+00             118.214          -1.015e+01             170.916           9.711e+00     
 131.000          90.000           -2.424e+00          -3.268e+00             118.587          -9.957e+00             170.655           9.517e+00     
 132.000          90.000           -2.526e+00          -3.435e+00             118.979          -9.769e+00             170.530           9.311e+00     
 133.000          90.000           -2.634e+00          -3.612e+00             119.392          -9.587e+00             170.533           9.095e+00     
 134.000          90.000           -2.746e+00          -3.800e+00             119.827          -9.411e+00             170.653           8.872e+00     
 135.000          90.000           -2.863e+00          -3.999e+00             120.285          -9.242e+00             170.881           8.643e+00     
 136.000          90.000           -2.982e+00          -4.206e+00             120.767          -9.079e+00             171.209           8.410e+00     
 137.000          90.000           -3.103e+00          -4.423e+00             121.275          -8.921e+00             171.627           8.177e+00     
 138.000          90.000           -3.226e+00          -4.647e+00             121.810          -8.769e+00             172.128           7.946e+00     
 139.000          90.000           -3.349e+00          -4.879e+00             122.373          -8.622e+00             172.704           7.720e+00     
 140.000          90.000           -3.471e+00          -5.118e+00             122.967          -8.480e+00             173.348           7.501e+00     
 141.000          90.000           -3.592e+00          -5.363e+00             123.593          -8.342e+00             174.053           7.293e+00     
 142.000          90.000           -3.710e+00          -5.614e+00             124.252          -8.208e+00             174.811           7.099e+00     
 143.000          90.000           -3.825e+00          -5.870e+00             124.945          -8.078e+00             175.617           6.923e+00     
 144.000          90.000           -3.935e+00          -6.129e+00             125.674          -7.952e+00             176.463           6.767e+00     
 145.000          90.000           -4.040e+00          -6.391e+00             126.441          -7.828e+00             177.345           6.635e+00     
 146.000          90.000           -4.140e+00          -6.656e+00             127.247          -7.707e+00             178.255           6.529e+00     
 147.000          90.000           -4.232e+00          -6.922e+00             128.092          -7.589e+00             179.190           6.452e+00     
 148.000          90.000           -4.318e+00          -7.189e+00             128.977          -7.473e+00             180.142           6.405e+00     
 149.000          90.000           -4.397e+00          -7.455e+00             129.904          -7.360e+00             181.107           6.391e+00     
 150.000          90.000           -4.467e+00          -7.719e+00             130.872          -7.248e+00             182.081           6.410e+00     
 151.000          90.000           -4.529e+00          -7.981e+00             131.881          -7.139e+00             183.059           6.460e+00     
 152.000          90.000           -4.583e+00          -8.239e+00             132.930          -7.032e+00             184.036           6.542e+00     
 153.000          90.000           -4.629e+00          -8.493e+00             134.020          -6.926e+00             185.009           6.653e+00     
 154.000          90.000           -4.667e+00          -8.741e+00             135.148          -6.823e+00             185.974           6.791e+00     
 155.000          90.000           -4.696e+00          -8.983e+00             136.312          -6.722e+00             186.927           6.953e+00     
 156.000          90.000           -4.718e+00          -9.217e+00             137.510          -6.622e+00             187.865           7.137e+00     
 157.000          90.000           -4.733e+00          -9.442e+00             138.741          -6.525e+00             188.784           7.340e+00     
 158.000          90.000           -4.741e+00          -9.659e+00             139.998          -6.430e+00             189.685           7.558e+00     
 159.000          90.000           -4.742e+00          -9.865e+00             141.279          -6.337e+00             190.563           7.788e+00     
 160.000          90.000           -4.737e+00          -1.006e+01             142.579          -6.247e+00             191.415           8.028e+00     
 161.000          90.000           -4.728e+00          -1.024e+01             143.894          -6.158e+00             192.241           8.275e+00     
 162.000          90.000           -4.713e+00          -1.042e+01             145.220          -6.073e+00             193.038           8.527e+00     
 163.000          90.000           -4.694e+00          -1.058e+01             146.550          -5.990e+00             193.806           8.782e+00     
 164.000          90.000           -4.672e+00          -1.073e+01             147.880          -5.910e+00             194.541           9.037e+00     
 165.000          90.000           -4.647e+00          -1.087e+01             149.204          -5.833e+00             195.245           9.292e+00     
 166.000          90.000           -4.620e+00          -1.099e+01             150.519          -5.759e+00             195.914           9.546e+00     
 167.000          90.000           -4.591e+00          -1.111e+01             151.819          -5.687e+00             196.550           9.797e+00     
 168.000          90.000           -4.560e+00          -1.121e+01             153.101          -5.619e+00             197.150           1.004e+01     
 169.000          90.000           -4.529e+00          -1.130e+01             154.362          -5.555e+00             197.714           1.029e+01     
 170.000          90.000           -4.498e+00          -1.139e+01             155.597          -5.493e+00             198.242           1.053e+01     
 171.000          90.000           -4.467e+00          -1.146e+01             156.805          -5.435e+00             198.734           1.076e+01     
 172.000          90.000           -4.436e+00          -1.153e+01             157.983          -5.380e+00             199.189           1.100e+01     
 173.000          90.000           -4.406e+00          -1.159e+01             159.132          -5.328e+00             199.607           1.123e+01     
 174.000          90.000           -4.377e+00          -1.164e+01             160.251          -5.280e+00             199.987           1.145e+01     
 175.000          90.000           -4.350e+00          -1.169e+01             161.339          -5.236e+00             200.331           1.168e+01     
 176.000          90.000           -4.325e+00          -1.174e+01             162.398          -5.195e+00             200.637           1.190e+01     
 177.000          90.000           -4.302e+00          -1.178e+01             163.428          -5.157e+00             200.906           1.213e+01     
 178.000          90.000           -4.281e+00          -1.182e+01             164.433          -5.123e+00             201.139           1.236e+01     
 179.000          90.000           -4.263e+00          -1.186e+01             165.413          -5.092e+00             201.334           1.259e+01     
 180.000          90.000           -4.247e+00          -1.190e+01             166.373          -5.065e+00             201.493           1.283e+01     
 179.000         270.000           -4.235e+00          -1.194e+01             347.315          -5.041e+00              21.615           1.308e+01     
 178.000         270.000           -4.225e+00          -1.199e+01             348.243          -5.020e+00              21.702           1.334e+01     
 177.000         270.000           -4.219e+00          -1.204e+01             349.162          -5.003e+00              21.753           1.361e+01     
 176.000         270.000           -4.216e+00          -1.209e+01             350.075          -4.989e+00              21.768           1.389e+01     
 175.000         270.000           -4.217e+00          -1.216e+01             350.987          -4.978e+00              21.750           1.420e+01     
 174.000         270.000           -4.221e+00          -1.222e+01             351.904          -4.970e+00              21.697           1.452e+01     
 173.000         270.000           -4.229e+00          -1.230e+01             352.832          -4.965e+00              21.611           1.488e+01     
 172.000         270.000           -4.240e+00          -1.238e+01             353.776          -4.963e+00              21.492           1.526e+01     
 171.000         270.000           -4.256e+00          -1.248e+01             354.744          -4.964e+00              21.342           1.568e+01     
 170.000         270.000           -4.275e+00          -1.259e+01             355.742          -4.968e+00              21.160           1.614e+01     
 169.000         270.000           -4.298e+00          -1.271e+01             356.780          -4.974e+00              20.949           1.666e+01     
 168.000         270.000           -4.325e+00          -1.284e+01             357.867          -4.984e+00              20.709           1.723e+01     
 167.000         270.000           -4.356e+00          -1.299e+01             359.013          -4.995e+00              20.441           1.788e+01     
 166.000         270.000           -4.390e+00          -1.315e+01               0.229          -5.009e+00              20.147           1.862e+01     
 165.000         270.000           -4.428e+00          -1.334e+01               1.529          -5.026e+00              19.827           1.947e+01     
 164.000         270.000           -4.470e+00          -1.354e+01               2.929          -5.045e+00              19.485           2.047e+01     
 163.000         270.000           -4.516e+00          -1.376e+01               4.447          -5.066e+00              19.120           2.166e+01     
 162.000         270.000           -4.564e+00          -1.400e+01               6.103          -5.090e+00              18.736           2.312e+01     
 161.000         270.000           -4.617e+00          -1.426e+01               7.922          -5.115e+00              18.333           2.498e+01     
 160.000         270.000           -4.672e+00          -1.455e+01               9.933          -5.143e+00              17.914           2.748e+01     
 159.000         270.000           -4.730e+00          -1.485e+01              12.169          -5.174e+00              17.482           3.123e+01     
 158.000         270.000           -4.790e+00          -1.518e+01              14.671          -5.206e+00              17.037           3.849e+01     
 157.000         270.000           -4.853e+00          -1.553e+01              17.484          -5.241e+00              16.583           4.000e+01     
 156.000         270.000           -4.917e+00          -1.590e+01              20.665          -5.278e+00              16.124           3.337e+01     
 155.000         270.000           -4.983e+00          -1.628e+01              24.266          -5.318e+00              15.659           2.811e+01     
 154.000         270.000           -5.050e+00          -1.666e+01              28.354          -5.360e+00              15.193           2.475e+01     
 153.000         270.000           -5.117e+00          -1.704e+01              32.990          -5.406e+00              14.729           2.223e+01     
 152.000         270.000           -5.184e+00          -1.739e+01              38.225          -5.454e+00              14.269           2.022e+01     
 151.000         270.000           -5.250e+00          -1.769e+01              44.085          -5.505e+00              13.817           1.853e+01     
 150.000         270.000           -5.314e+00          -1.792e+01              50.548          -5.559e+00              13.375           1.706e+01     
 149.000         270.000           -5.376e+00          -1.806e+01              57.530          -5.617e+00              12.948           1.577e+01     
 148.000         270.000           -5.435e+00          -1.807e+01              64.874          -5.679e+00              12.538           1.461e+01     
 147.000         270.000           -5.490e+00          -1.795e+01              72.360          -5.745e+00              12.149           1.357e+01     
 146.000         270.000           -5.541e+00          -1.768e+01              79.739          -5.815e+00              11.785           1.261e+01     
 145.000         270.000           -5.586e+00          -1.729e+01              86.785          -5.890e+00              11.450           1.173e+01     
 144.000         270.000           -5.626e+00          -1.680e+01              93.327          -5.970e+00              11.146           1.093e+01     
 143.000         270.000           -5.658e+00          -1.624e+01              99.268          -6.056e+00              10.879           1.019e+01     
 142.000         270.000           -5.683e+00          -1.562e+01             104.579          -6.148e+00              10.653           9.503e+00     
 141.000         270.000           -5.701e+00          -1.499e+01             109.277          -6.245e+00              10.471           8.875e+00     
 140.000         270.000           -5.710e+00          -1.434e+01             113.410          -6.350e+00              10.339           8.302e+00     
 139.000         270.000           -5.711e+00          -1.370e+01             117.037          -6.462e+00              10.260           7.781e+00     
 138.000         270.000           -5.704e+00          -1.308e+01             120.223          -6.582e+00              10.241           7.312e+00     
 137.000         270.000           -5.688e+00          -1.248e+01             123.026          -6.709e+00              10.286           6.896e+00     
 136.000         270.000           -5.664e+00          -1.190e+01             125.499          -6.845e+00              10.400           6.532e+00     
 135.000         270.000           -5.633e+00          -1.135e+01             127.690          -6.990e+00              10.591           6.221e+00     
 134.000         270.000           -5.595e+00          -1.082e+01             129.637          -7.143e+00              10.863           5.961e+00     
 133.000         270.000           -5.550e+00          -1.033e+01             131.376          -7.306e+00              11.225           5.751e+00     
 132.000         270.000           -5.501e+00          -9.868e+00             132.935          -7.479e+00              11.683           5.589e+00     
 131.000         270.000           -5.447e+00          -9.433e+00             134.337          -7.661e+00              12.246           5.471e+00     
 130.000         270.000           -5.390e+00          -9.026e+00             135.603          -7.853e+00              12.922           5.392e+00     
 129.000         270.000           -5.331e+00          -8.649e+00             136.750          -8.054e+00              13.720           5.347e+00     
 128.000         270.000           -5.271e+00          -8.298e+00             137.794          -8.265e+00              14.650           5.331e+00     
 127.000         270.000           -5.212e+00          -7.976e+00             138.745          -8.484e+00              15.723           5.336e+00     
 126.000         270.000           -5.155e+00          -7.680e+00             139.615          -8.711e+00              16.949           5.356e+00     
 125.000         270.000           -5.100e+00          -7.411e+00             140.412          -8.945e+00              18.340           5.387e+00     
 124.000         270.000           -5.050e+00          -7.169e+00             141.145          -9.183e+00              19.907           5.421e+00     
 123.000         270.000           -5.005e+00          -6.953e+00             141.819          -9.425e+00              21.661           5.454e+00     
 122.000         270.000           -4.967e+00          -6.763e+00             142.441          -9.668e+00              23.611           5.482e+00     
 121.000         270.000           -4.936e+00          -6.600e+00             143.016          -9.908e+00              25.767           5.502e+00     
 120.000         270.000           -4.914e+00          -6.463e+00             143.548          -1.014e+01              28.133           5.509e+00     
 119.000         270.000           -4.902e+00          -6.353e+00             144.040          -1.037e+01              30.713           5.502e+00     
 118.000         270.000           -4.900e+00          -6.269e+00             144.496          -1.058e+01              33.501           5.479e+00     
 117.000         270.000           -4.909e+00          -6.213e+00             144.920          -1.077e+01              36.493           5.438e+00     
 116.000         270.000           -4.930e+00          -6.184e+00             145.312          -1.094e+01              39.666           5.378e+00     
 115.000         270.000           -4.965e+00          -6.184e+00             145.676          -1.108e+01              42.998           5.298e+00     
 114.000         270.000           -5.013e+00          -6.213e+00             146.014          -1.118e+01              46.455           5.200e+00     
 113.000         270.000           -5.075e+00          -6.273e+00             146.327          -1.125e+01              50.000           5.082e+00     
 112.000         270.000           -5.151e+00          -6.363e+00             146.617          -1.129e+01              53.586           4.946e+00     
 111.000         270.000           -5.243e+00          -6.487e+00             146.885          -1.128e+01              57.166           4.795e+00     
 110.000         270.000           -5.350e+00          -6.644e+00             147.132          -1.124e+01              60.694           4.630e+00     
 109.000         270.000           -5.473e+00          -6.838e+00             147.359          -1.116e+01              64.125           4.457e+00     
 108.000         270.000           -5.611e+00          -7.070e+00             147.567          -1.106e+01              67.421           4.281e+00     
 107.000         270.000           -5.765e+00          -7.343e+00             147.757          -1.093e+01              70.550           4.110e+00     
 106.000         270.000           -5.935e+00          -7.660e+00             147.928          -1.078e+01              73.490           3.958e+00     
 105.000         270.000           -6.119e+00          -8.026e+00             148.083          -1.061e+01              76.225           3.839e+00     
 104.000         270.000           -6.317e+00          -8.444e+00             148.219          -1.044e+01              78.747           3.776e+00     
 103.000         270.000           -6.527e+00          -8.921e+00             148.338          -1.026e+01              81.051           3.793e+00     
 102.000         270.000           -6.749e+00          -9.464e+00             148.439          -1.008e+01              83.140           3.918e+00     
 101.000         270.000           -6.979e+00          -1.008e+01             148.521          -9.899e+00              85.019           4.173e+00     
 100.000         270.000           -7.216e+00          -1.079e+01             148.582          -9.729e+00              86.695           4.579e+00     
  99.000         270.000           -7.455e+00          -1.160e+01             148.621          -9.569e+00              88.175           5.150e+00     
  98.000         270.000           -7.692e+00          -1.253e+01             148.633          -9.421e+00              89.469           5.903e+00     
  97.000         270.000           -7.923e+00          -1.362e+01             148.612          -9.288e+00              90.584           6.858e+00     
  96.000         270.000           -8.141e+00          -1.490e+01             148.549          -9.170e+00              91.529           8.052e+00     
  95.000         270.000           -8.341e+00          -1.646e+01             148.423          -9.068e+00              92.312           9.549e+00     
  94.000         270.000           -8.515e+00          -1.840e+01             148.194          -8.985e+00              92.937           1.147e+01     
  93.000         270.000           -8.657e+00          -2.097e+01             147.767          -8.920e+00              93.412           1.404e+01     
  92.000         270.000           -8.761e+00          -2.468e+01             146.839          -8.874e+00              93.739           1.783e+01     
  91.000         270.000           -8.823e+00          -3.135e+01             143.703          -8.847e+00              93.922           2.486e+01     
  90.000         270.000           -8.839e+00          -4.545e+01               0.665          -8.840e+00              93.961           3.663e+01     
  89.000         270.000           -8.810e+00          -2.883e+01             333.893          -8.853e+00              93.859           2.125e+01     
  88.000         270.000           -8.735e+00          -2.342e+01             331.836          -8.885e+00              93.613           1.603e+01     
  87.000         270.000           -8.619e+00          -2.013e+01             331.059          -8.937e+00              93.222           1.284e+01     
  86.000         270.000           -8.466e+00          -1.778e+01             330.628          -9.007e+00              92.681           1.056e+01     
  85.000         270.000           -8.283e+00          -1.596e+01             330.335          -9.096e+00              91.988           8.818e+00     
  84.000         270.000           -8.076e+00          -1.449e+01             330.108          -9.202e+00              91.136           7.441e+00     
  83.000         270.000           -7.852e+00          -1.326e+01             329.913          -9.325e+00              90.117           6.336e+00     
  82.000         270.000           -7.617e+00          -1.222e+01             329.735          -9.463e+00              88.926           5.455e+00     
  81.000         270.000           -7.376e+00          -1.133e+01             329.564          -9.615e+00              87.553           4.768e+00     
  80.000         270.000           -7.135e+00          -1.055e+01             329.394          -9.777e+00              85.989           4.260e+00     
  79.000         270.000           -6.897e+00          -9.866e+00             329.222          -9.949e+00              84.227           3.918e+00     
  78.000         270.000           -6.666e+00          -9.268e+00             329.043          -1.013e+01              82.257           3.726e+00     
  77.000         270.000           -6.444e+00          -8.743e+00             328.857          -1.031e+01              80.075           3.661e+00     
  76.000         270.000           -6.234e+00          -8.281e+00             328.662          -1.048e+01              77.675           3.696e+00     
  75.000         270.000           -6.037e+00          -7.876e+00             328.456          -1.066e+01              75.058           3.804e+00     
  74.000         270.000           -5.854e+00          -7.522e+00             328.238          -1.082e+01              72.228           3.958e+00     
  73.000         270.000           -5.686e+00          -7.215e+00             328.007          -1.096e+01              69.197           4.138e+00     
  72.000         270.000           -5.533e+00          -6.951e+00             327.761          -1.108e+01              65.982           4.329e+00     
  71.000         270.000           -5.395e+00          -6.728e+00             327.499          -1.118e+01              62.611           4.521e+00     
  70.000         270.000           -5.274e+00          -6.542e+00             327.221          -1.124e+01              59.117           4.706e+00     
  69.000         270.000           -5.168e+00          -6.392e+00             326.924          -1.127e+01              55.541           4.879e+00     
  68.000         270.000           -5.077e+00          -6.275e+00             326.608          -1.126e+01              51.928           5.036e+00     
  67.000         270.000           -5.001e+00          -6.190e+00             326.271          -1.121e+01              48.328           5.175e+00     
  66.000         270.000           -4.940e+00          -6.137e+00             325.911          -1.112e+01              44.786           5.295e+00     
  65.000         270.000           -4.892e+00          -6.113e+00             325.527          -1.100e+01              41.347           5.394e+00     
  64.000         270.000           -4.858e+00          -6.118e+00             325.116          -1.085e+01              38.048           5.472e+00     
  63.000         270.000           -4.837e+00          -6.151e+00             324.676          -1.067e+01              34.918           5.531e+00     
  62.000         270.000           -4.828e+00          -6.211e+00             324.206          -1.047e+01              31.978           5.569e+00     
  61.000         270.000           -4.830e+00          -6.299e+00             323.701          -1.025e+01              29.246           5.589e+00     
  60.000         270.000           -4.842e+00          -6.413e+00             323.160          -1.002e+01              26.727           5.591e+00     
  59.000         270.000           -4.864e+00          -6.553e+00             322.577          -9.781e+00              24.421           5.579e+00     
  58.000         270.000           -4.894e+00          -6.720e+00             321.951          -9.538e+00              22.326           5.554e+00     
  57.000         270.000           -4.931e+00          -6.912e+00             321.274          -9.294e+00              20.433           5.519e+00     
  56.000         270.000           -4.975e+00          -7.130e+00             320.544          -9.051e+00              18.735           5.479e+00     
  55.000         270.000           -5.024e+00          -7.375e+00             319.752          -8.813e+00              17.220           5.437e+00     
  54.000         270.000           -5.077e+00          -7.645e+00             318.893          -8.581e+00              15.878           5.399e+00     
  53.000         270.000           -5.133e+00          -7.942e+00             317.958          -8.355e+00              14.697           5.370e+00     
  52.000         270.000           -5.191e+00          -8.265e+00             316.938          -8.139e+00              13.666           5.356e+00     
  51.000         270.000           -5.249e+00          -8.615e+00             315.822          -7.931e+00              12.774           5.363e+00     
  50.000         270.000           -5.307e+00          -8.993e+00             314.598          -7.733e+00              12.012           5.397e+00     
  49.000         270.000           -5.362e+00          -9.397e+00             313.249          -7.544e+00              11.368           5.465e+00     
  48.000         270.000           -5.414e+00          -9.829e+00             311.759          -7.365e+00              10.835           5.572e+00     
  47.000         270.000           -5.463e+00          -1.029e+01             310.107          -7.196e+00              10.404           5.723e+00     
  46.000         270.000           -5.506e+00          -1.078e+01             308.269          -7.037e+00              10.068           5.921e+00     
  45.000         270.000           -5.543e+00          -1.129e+01             306.216          -6.887e+00               9.819           6.169e+00     
  44.000         270.000           -5.573e+00          -1.183e+01             303.915          -6.746e+00               9.650           6.469e+00     
  43.000         270.000           -5.596e+00          -1.240e+01             301.326          -6.614e+00               9.555           6.820e+00     
  42.000         270.000           -5.611e+00          -1.298e+01             298.407          -6.490e+00               9.529           7.223e+00     
  41.000         270.000           -5.618e+00          -1.359e+01             295.106          -6.374e+00               9.566           7.677e+00     
  40.000         270.000           -5.617e+00          -1.420e+01             291.372          -6.266e+00               9.661           8.183e+00     
  39.000         270.000           -5.608e+00          -1.481e+01             287.151          -6.164e+00               9.809           8.740e+00     
  38.000         270.000           -5.592e+00          -1.541e+01             282.396          -6.070e+00              10.006           9.350e+00     
  37.000         270.000           -5.567e+00          -1.598e+01             277.077          -5.982e+00              10.246           1.001e+01     
  36.000         270.000           -5.536e+00          -1.649e+01             271.194          -5.899e+00              10.527           1.073e+01     
  35.000         270.000           -5.498e+00          -1.694e+01             264.796          -5.822e+00              10.843           1.151e+01     
  34.000         270.000           -5.455e+00          -1.728e+01             257.987          -5.750e+00              11.192           1.236e+01     
  33.000         270.000           -5.406e+00          -1.750e+01             250.929          -5.683e+00              11.568           1.328e+01     
  32.000         270.000           -5.353e+00          -1.760e+01             243.827          -5.620e+00              11.969           1.429e+01     
  31.000         270.000           -5.296e+00          -1.758e+01             236.890          -5.561e+00              12.390           1.539e+01     
  30.000         270.000           -5.237e+00          -1.746e+01             230.300          -5.506e+00              12.829           1.662e+01     
  29.000         270.000           -5.175e+00          -1.724e+01             224.185          -5.454e+00              13.282           1.800e+01     
  28.000         270.000           -5.112e+00          -1.696e+01             218.616          -5.405e+00              13.745           1.957e+01     
  27.000         270.000           -5.048e+00          -1.665e+01             213.608          -5.359e+00              14.216           2.142e+01     
  26.000         270.000           -4.984e+00          -1.630e+01             209.143          -5.316e+00              14.691           2.367e+01     
  25.000         270.000           -4.920e+00          -1.596e+01             205.178          -5.276e+00              15.167           2.657e+01     
  24.000         270.000           -4.857e+00          -1.561e+01             201.660          -5.238e+00              15.642           3.071e+01     
  23.000         270.000           -4.795e+00          -1.527e+01             198.534          -5.203e+00              16.111           3.836e+01     
  22.000         270.000           -4.735e+00          -1.495e+01             195.752          -5.170e+00              16.574           4.000e+01     
  21.000         270.000           -4.678e+00          -1.465e+01             193.266          -5.139e+00              17.028           3.409e+01     
  20.000         270.000           -4.622e+00          -1.436e+01             191.032          -5.110e+00              17.470           2.922e+01     
  19.000         270.000           -4.570e+00          -1.410e+01             189.015          -5.083e+00              17.897           2.625e+01     
  18.000         270.000           -4.520e+00          -1.386e+01             187.183          -5.058e+00              18.308           2.413e+01     
  17.000         270.000           -4.474e+00          -1.363e+01             185.510          -5.036e+00              18.701           2.251e+01     
  16.000         270.000           -4.431e+00          -1.343e+01             183.972          -5.016e+00              19.073           2.120e+01     
  15.000         270.000           -4.392e+00          -1.325e+01             182.550          -4.998e+00              19.423           2.012e+01     
  14.000         270.000           -4.356e+00          -1.308e+01             181.226          -4.982e+00              19.749           1.920e+01     
  13.000         270.000           -4.324e+00          -1.293e+01             179.984          -4.968e+00              20.050           1.842e+01     
  12.000         270.000           -4.295e+00          -1.279e+01             178.813          -4.957e+00              20.323           1.773e+01     
  11.000         270.000           -4.271e+00          -1.267e+01             177.701          -4.949e+00              20.569           1.712e+01     
  10.000         270.000           -4.250e+00          -1.256e+01             176.636          -4.942e+00              20.786           1.658e+01     
   9.000         270.000           -4.233e+00          -1.247e+01             175.611          -4.939e+00              20.972           1.610e+01     
   8.000         270.000           -4.220e+00          -1.239e+01             174.616          -4.938e+00              21.127           1.566e+01     
   7.000         270.000           -4.210e+00          -1.231e+01             173.644          -4.940e+00              21.249           1.526e+01     
   6.000         270.000           -4.204e+00          -1.225e+01             172.689          -4.945e+00              21.339           1.489e+01     
   5.000         270.000           -4.202e+00          -1.219e+01             171.744          -4.953e+00              21.394           1.455e+01     
   4.000         270.000           -4.203e+00          -1.214e+01             170.802          -4.964e+00              21.415           1.424e+01     
   3.000         270.000           -4.208e+00          -1.210e+01             169.860          -4.978e+00              21.401           1.395e+01     
   2.000         270.000           -4.215e+00          -1.206e+01             168.911          -4.995e+00              21.352           1.367e+01     
   1.000         270.000           -4.227e+00          -1.202e+01             167.951          -5.015e+00              21.266           1.340e+01     
