Theta [deg.]  Phi   [deg.]  Abs(Grlz)[dBi   ]   Abs(Theta)[dBi   ]  Phase(Theta)[deg.]  Abs(Phi  )[dBi   ]  Phase(Phi  )[deg.]  Ax.Ratio[dB    ]    
------------------------------------------------------------------------------------------------------------------------------------------------------
   0.000          90.000            8.306e-01          -2.742e+00              70.632          -1.682e+00             244.607           2.564e+01     
   1.000          90.000            8.675e-01          -2.689e+00              73.085          -1.658e+00             243.767           2.184e+01     
   2.000          90.000            9.051e-01          -2.619e+00              75.444          -1.646e+00             242.837           1.919e+01     
   3.000          90.000            9.430e-01          -2.536e+00              77.696          -1.644e+00             241.818           1.716e+01     
   4.000          90.000            9.805e-01          -2.442e+00              79.834          -1.654e+00             240.710           1.551e+01     
   5.000          90.000            1.017e+00          -2.339e+00              81.851          -1.674e+00             239.511           1.412e+01     
   6.000          90.000            1.051e+00          -2.229e+00              83.742          -1.705e+00             238.222           1.292e+01     
   7.000          90.000            1.083e+00          -2.115e+00              85.506          -1.747e+00             236.839           1.186e+01     
   8.000          90.000            1.111e+00          -2.000e+00              87.142          -1.800e+00             235.363           1.092e+01     
   9.000          90.000            1.135e+00          -1.886e+00              88.652          -1.864e+00             233.790           1.006e+01     
  10.000          90.000            1.154e+00          -1.776e+00              90.038          -1.939e+00             232.118           9.282e+00     
  11.000          90.000            1.166e+00          -1.670e+00              91.304          -2.026e+00             230.344           8.564e+00     
  12.000          90.000            1.171e+00          -1.573e+00              92.453          -2.124e+00             228.465           7.899e+00     
  13.000          90.000            1.167e+00          -1.484e+00              93.491          -2.235e+00             226.475           7.278e+00     
  14.000          90.000            1.153e+00          -1.408e+00              94.423          -2.357e+00             224.372           6.697e+00     
  15.000          90.000            1.129e+00          -1.345e+00              95.253          -2.492e+00             222.149           6.150e+00     
  16.000          90.000            1.093e+00          -1.298e+00              95.985          -2.640e+00             219.800           5.636e+00     
  17.000          90.000            1.043e+00          -1.269e+00              96.626          -2.799e+00             217.319           5.150e+00     
  18.000          90.000            9.789e-01          -1.259e+00              97.178          -2.972e+00             214.699           4.694e+00     
  19.000          90.000            8.983e-01          -1.271e+00              97.647          -3.156e+00             211.932           4.265e+00     
  20.000          90.000            8.001e-01          -1.307e+00              98.035          -3.352e+00             209.010           3.868e+00     
  21.000          90.000            6.826e-01          -1.369e+00              98.346          -3.560e+00             205.925           3.505e+00     
  22.000          90.000            5.440e-01          -1.460e+00              98.583          -3.778e+00             202.667           3.183e+00     
  23.000          90.000            3.826e-01          -1.583e+00              98.748          -4.006e+00             199.229           2.913e+00     
  24.000          90.000            1.965e-01          -1.741e+00              98.841          -4.242e+00             195.603           2.709e+00     
  25.000          90.000           -1.651e-02          -1.937e+00              98.864          -4.485e+00             191.781           2.587e+00     
  26.000          90.000           -2.585e-01          -2.176e+00              98.817          -4.733e+00             187.758           2.562e+00     
  27.000          90.000           -5.319e-01          -2.462e+00              98.697          -4.984e+00             183.531           2.644e+00     
  28.000          90.000           -8.390e-01          -2.800e+00              98.501          -5.235e+00             179.099           2.834e+00     
  29.000          90.000           -1.183e+00          -3.198e+00              98.226          -5.485e+00             174.464           3.125e+00     
  30.000          90.000           -1.565e+00          -3.664e+00              97.862          -5.731e+00             169.633           3.511e+00     
  31.000          90.000           -1.989e+00          -4.206e+00              97.398          -5.971e+00             164.615           3.985e+00     
  32.000          90.000           -2.457e+00          -4.839e+00              96.817          -6.203e+00             159.424           4.548e+00     
  33.000          90.000           -2.970e+00          -5.577e+00              96.095          -6.426e+00             154.076           5.206e+00     
  34.000          90.000           -3.530e+00          -6.443e+00              95.191          -6.640e+00             148.589           5.974e+00     
  35.000          90.000           -4.134e+00          -7.466e+00              94.043          -6.844e+00             142.982           6.872e+00     
  36.000          90.000           -4.778e+00          -8.690e+00              92.546          -7.041e+00             137.272           7.932e+00     
  37.000          90.000           -5.451e+00          -1.018e+01              90.509          -7.233e+00             131.470           9.191e+00     
  38.000          90.000           -6.133e+00          -1.204e+01              87.554          -7.422e+00             125.585           1.069e+01     
  39.000          90.000           -6.793e+00          -1.444e+01              82.815          -7.612e+00             119.616           1.244e+01     
  40.000          90.000           -7.385e+00          -1.772e+01              73.865          -7.807e+00             113.554           1.434e+01     
  41.000          90.000           -7.848e+00          -2.225e+01              51.858          -8.008e+00             107.380           1.602e+01     
  42.000          90.000           -8.123e+00          -2.469e+01             356.201          -8.220e+00             101.064           1.678e+01     
  43.000          90.000           -8.172e+00          -2.037e+01             314.565          -8.442e+00              94.569           1.610e+01     
  44.000          90.000           -7.994e+00          -1.639e+01             299.551          -8.673e+00              87.846           1.435e+01     
  45.000          90.000           -7.629e+00          -1.355e+01             292.531          -8.910e+00              80.846           1.230e+01     
  46.000          90.000           -7.137e+00          -1.145e+01             288.338          -9.146e+00              73.516           1.044e+01     
  47.000          90.000           -6.581e+00          -9.825e+00             285.397          -9.369e+00              65.813           8.893e+00     
  48.000          90.000           -6.009e+00          -8.535e+00             283.089          -9.564e+00              57.718           7.662e+00     
  49.000          90.000           -5.457e+00          -7.499e+00             281.122          -9.713e+00              49.243           6.701e+00     
  50.000          90.000           -4.945e+00          -6.666e+00             279.333          -9.797e+00              40.452           5.960e+00     
  51.000          90.000           -4.487e+00          -6.001e+00             277.627          -9.798e+00              31.465           5.398e+00     
  52.000          90.000           -4.089e+00          -5.482e+00             275.933          -9.705e+00              22.449           4.977e+00     
  53.000          90.000           -3.756e+00          -5.095e+00             274.197          -9.519e+00              13.599           4.669e+00     
  54.000          90.000           -3.488e+00          -4.827e+00             272.370          -9.250e+00               5.098           4.444e+00     
  55.000          90.000           -3.285e+00          -4.672e+00             270.405          -8.917e+00             357.092           4.277e+00     
  56.000          90.000           -3.147e+00          -4.625e+00             268.248          -8.545e+00             349.674           4.145e+00     
  57.000          90.000           -3.071e+00          -4.683e+00             265.839          -8.158e+00             342.880           4.027e+00     
  58.000          90.000           -3.057e+00          -4.842e+00             263.104          -7.780e+00             336.705           3.902e+00     
  59.000          90.000           -3.102e+00          -5.102e+00             259.950          -7.430e+00             331.115           3.752e+00     
  60.000          90.000           -3.202e+00          -5.458e+00             256.262          -7.125e+00             326.056           3.562e+00     
  61.000          90.000           -3.353e+00          -5.903e+00             251.893          -6.879e+00             321.471           3.317e+00     
  62.000          90.000           -3.550e+00          -6.423e+00             246.666          -6.703e+00             317.300           3.007e+00     
  63.000          90.000           -3.786e+00          -6.994e+00             240.379          -6.607e+00             313.485           2.629e+00     
  64.000          90.000           -4.048e+00          -7.570e+00             232.838          -6.601e+00             309.971           2.197e+00     
  65.000          90.000           -4.326e+00          -8.086e+00             223.927          -6.697e+00             306.705           1.774e+00     
  66.000          90.000           -4.602e+00          -8.457e+00             213.765          -6.905e+00             303.635           1.552e+00     
  67.000          90.000           -4.858e+00          -8.600e+00             202.775          -7.242e+00             300.705           1.819e+00     
  68.000          90.000           -5.074e+00          -8.474e+00             191.682          -7.727e+00             297.855           2.598e+00     
  69.000          90.000           -5.232e+00          -8.104e+00             181.256          -8.385e+00             295.004           3.719e+00     
  70.000          90.000           -5.318e+00          -7.565e+00             172.031          -9.255e+00             292.039           5.091e+00     
  71.000          90.000           -5.326e+00          -6.947e+00             164.198          -1.039e+01             288.781           6.689e+00     
  72.000          90.000           -5.259e+00          -6.324e+00             157.698          -1.189e+01             284.899           8.527e+00     
  73.000          90.000           -5.128e+00          -5.749e+00             152.353          -1.389e+01             279.686           1.065e+01     
  74.000          90.000           -4.950e+00          -5.253e+00             147.961          -1.666e+01             271.316           1.317e+01     
  75.000          90.000           -4.742e+00          -4.856e+00             144.337          -2.062e+01             253.679           1.629e+01     
  76.000          90.000           -4.523e+00          -4.569e+00             141.328          -2.427e+01             207.242           2.051e+01     
  77.000          90.000           -4.307e+00          -4.400e+00             138.813          -2.103e+01             155.823           2.748e+01     
  78.000          90.000           -4.106e+00          -4.356e+00             136.696          -1.663e+01             135.905           4.000e+01     
  79.000          90.000           -3.928e+00          -4.444e+00             134.906          -1.344e+01             127.247           2.752e+01     
  80.000          90.000           -3.778e+00          -4.673e+00             133.384          -1.108e+01             122.430           2.257e+01     
  81.000          90.000           -3.657e+00          -5.056e+00             132.085          -9.257e+00             119.321           2.003e+01     
  82.000          90.000           -3.565e+00          -5.613e+00             130.971          -7.814e+00             117.129           1.860e+01     
  83.000          90.000           -3.500e+00          -6.371e+00             130.011          -6.654e+00             115.502           1.791e+01     
  84.000          90.000           -3.458e+00          -7.372e+00             129.176          -5.720e+00             114.258           1.782e+01     
  85.000          90.000           -3.433e+00          -8.683e+00             128.432          -4.973e+00             113.296           1.833e+01     
  86.000          90.000           -3.421e+00          -1.042e+01             127.736          -4.388e+00             112.555           1.951e+01     
  87.000          90.000           -3.416e+00          -1.280e+01             126.999          -3.948e+00             111.996           2.159e+01     
  88.000          90.000           -3.413e+00          -1.632e+01             125.974          -3.641e+00             111.596           2.521e+01     
  89.000          90.000           -3.407e+00          -2.265e+01             123.363          -3.459e+00             111.339           3.292e+01     
  90.000          90.000           -3.398e+00          -4.038e+01             347.734          -3.399e+00             111.217           3.856e+01     
  91.000          90.000           -3.384e+00          -2.109e+01             312.026          -3.458e+00             111.224           2.675e+01     
  92.000          90.000           -3.367e+00          -1.554e+01             310.278          -3.639e+00             111.364           2.217e+01     
  93.000          90.000           -3.350e+00          -1.228e+01             309.856          -3.945e+00             111.640           1.953e+01     
  94.000          90.000           -3.339e+00          -1.004e+01             309.868          -4.384e+00             112.064           1.790e+01     
  95.000          90.000           -3.338e+00          -8.383e+00             310.128          -4.968e+00             112.656           1.695e+01     
  96.000          90.000           -3.354e+00          -7.128e+00             310.578          -5.715e+00             113.445           1.656e+01     
  97.000          90.000           -3.392e+00          -6.168e+00             311.203          -6.649e+00             114.483           1.667e+01     
  98.000          90.000           -3.457e+00          -5.442e+00             312.004          -7.810e+00             115.852           1.729e+01     
  99.000          90.000           -3.552e+00          -4.912e+00             312.994          -9.258e+00             117.703           1.852e+01     
 100.000          90.000           -3.681e+00          -4.551e+00             314.195          -1.109e+01             120.329           2.061e+01     
 101.000          90.000           -3.843e+00          -4.342e+00             315.637          -1.348e+01             124.398           2.431e+01     
 102.000          90.000           -4.036e+00          -4.273e+00             317.363          -1.677e+01             131.762           3.318e+01     
 103.000          90.000           -4.254e+00          -4.335e+00             319.430          -2.158e+01             149.536           3.252e+01     
 104.000          90.000           -4.491e+00          -4.522e+00             321.909          -2.595e+01             205.747           2.238e+01     
 105.000          90.000           -4.733e+00          -4.827e+00             324.897          -2.141e+01             258.062           1.735e+01     
 106.000          90.000           -4.964e+00          -5.243e+00             328.519          -1.702e+01             274.675           1.384e+01     
 107.000          90.000           -5.165e+00          -5.759e+00             332.933          -1.410e+01             282.150           1.109e+01     
 108.000          90.000           -5.314e+00          -6.355e+00             338.334          -1.203e+01             286.783           8.806e+00     
 109.000          90.000           -5.395e+00          -6.997e+00             344.935          -1.050e+01             290.269           6.846e+00     
 110.000          90.000           -5.395e+00          -7.632e+00             352.924          -9.346e+00             293.238           5.150e+00     
 111.000          90.000           -5.309e+00          -8.180e+00               2.359          -8.463e+00             295.980           3.698e+00     
 112.000          90.000           -5.145e+00          -8.546e+00              13.025          -7.796e+00             298.653           2.516e+00     
 113.000          90.000           -4.917e+00          -8.652e+00              24.340          -7.306e+00             301.355           1.720e+00     
 114.000          90.000           -4.646e+00          -8.479e+00              35.482          -6.966e+00             304.158           1.526e+00     
 115.000          90.000           -4.354e+00          -8.074e+00              45.706          -6.755e+00             307.119           1.860e+00     
 116.000          90.000           -4.060e+00          -7.526e+00              54.603          -6.658e+00             310.287           2.362e+00     
 117.000          90.000           -3.782e+00          -6.925e+00              62.086          -6.663e+00             313.715           2.847e+00     
 118.000          90.000           -3.533e+00          -6.337e+00              68.297          -6.759e+00             317.451           3.261e+00     
 119.000          90.000           -3.323e+00          -5.803e+00              73.446          -6.937e+00             321.552           3.596e+00     
 120.000          90.000           -3.160e+00          -5.349e+00              77.745          -7.185e+00             326.072           3.856e+00     
 121.000          90.000           -3.051e+00          -4.987e+00              81.374          -7.492e+00             331.073           4.054e+00     
 122.000          90.000           -2.998e+00          -4.722e+00              84.480          -7.844e+00             336.613           4.202e+00     
 123.000          90.000           -3.005e+00          -4.558e+00              87.180          -8.225e+00             342.742           4.316e+00     
 124.000          90.000           -3.075e+00          -4.497e+00              89.566          -8.614e+00             349.497           4.414e+00     
 125.000          90.000           -3.208e+00          -4.540e+00              91.711          -8.989e+00             356.881           4.514e+00     
 126.000          90.000           -3.407e+00          -4.691e+00              93.677          -9.323e+00               4.856           4.635e+00     
 127.000          90.000           -3.672e+00          -4.955e+00              95.516          -9.593e+00              13.326           4.801e+00     
 128.000          90.000           -4.003e+00          -5.337e+00              97.280          -9.779e+00              22.143           5.036e+00     
 129.000          90.000           -4.400e+00          -5.849e+00              99.017          -9.871e+00              31.119           5.368e+00     
 130.000          90.000           -4.859e+00          -6.505e+00             100.787          -9.870e+00              40.059           5.826e+00     
 131.000          90.000           -5.374e+00          -7.326e+00             102.665          -9.787e+00              48.794           6.445e+00     
 132.000          90.000           -5.934e+00          -8.345e+00             104.757          -9.639e+00              57.206           7.262e+00     
 133.000          90.000           -6.517e+00          -9.609e+00             107.238          -9.447e+00              65.234           8.318e+00     
 134.000          90.000           -7.091e+00          -1.120e+01             110.425          -9.228e+00              72.867           9.647e+00     
 135.000          90.000           -7.607e+00          -1.323e+01             114.972          -8.999e+00              80.129           1.124e+01     
 136.000          90.000           -8.004e+00          -1.592e+01             122.479          -8.770e+00              87.063           1.299e+01     
 137.000          90.000           -8.216e+00          -1.955e+01             137.749          -8.548e+00              93.726           1.452e+01     
 138.000          90.000           -8.200e+00          -2.327e+01             175.123          -8.338e+00             100.169           1.525e+01     
 139.000          90.000           -7.950e+00          -2.166e+01             225.909          -8.139e+00             106.441           1.482e+01     
 140.000          90.000           -7.503e+00          -1.758e+01             249.890          -7.951e+00             112.584           1.353e+01     
 141.000          90.000           -6.917e+00          -1.440e+01             260.182          -7.772e+00             118.627           1.192e+01     
 142.000          90.000           -6.256e+00          -1.201e+01             265.665          -7.597e+00             124.591           1.037e+01     
 143.000          90.000           -5.569e+00          -1.016e+01             269.072          -7.423e+00             130.485           9.006e+00     
 144.000          90.000           -4.890e+00          -8.670e+00             271.408          -7.247e+00             136.310           7.839e+00     
 145.000          90.000           -4.239e+00          -7.443e+00             273.115          -7.064e+00             142.059           6.850e+00     
 146.000          90.000           -3.628e+00          -6.417e+00             274.419          -6.872e+00             147.717           6.009e+00     
 147.000          90.000           -3.063e+00          -5.548e+00             275.442          -6.670e+00             153.266           5.291e+00     
 148.000          90.000           -2.544e+00          -4.807e+00             276.258          -6.457e+00             158.684           4.678e+00     
 149.000          90.000           -2.071e+00          -4.173e+00             276.915          -6.233e+00             163.951           4.158e+00     
 150.000          90.000           -1.643e+00          -3.628e+00             277.443          -5.999e+00             169.047           3.725e+00     
 151.000          90.000           -1.257e+00          -3.161e+00             277.860          -5.757e+00             173.957           3.378e+00     
 152.000          90.000           -9.112e-01          -2.761e+00             278.182          -5.510e+00             178.669           3.118e+00     
 153.000          90.000           -6.020e-01          -2.421e+00             278.418          -5.259e+00             183.175           2.952e+00     
 154.000          90.000           -3.271e-01          -2.134e+00             278.573          -5.008e+00             187.471           2.879e+00     
 155.000          90.000           -8.402e-02          -1.894e+00             278.654          -4.759e+00             191.557           2.900e+00     
 156.000          90.000            1.296e-01          -1.697e+00             278.660          -4.514e+00             195.437           3.005e+00     
 157.000          90.000            3.160e-01          -1.538e+00             278.594          -4.275e+00             199.114           3.185e+00     
 158.000          90.000            4.772e-01          -1.415e+00             278.456          -4.044e+00             202.598           3.427e+00     
 159.000          90.000            6.153e-01          -1.323e+00             278.243          -3.822e+00             205.895           3.721e+00     
 160.000          90.000            7.321e-01          -1.260e+00             277.956          -3.611e+00             209.015           4.057e+00     
 161.000          90.000            8.292e-01          -1.224e+00             277.591          -3.411e+00             211.967           4.429e+00     
 162.000          90.000            9.084e-01          -1.212e+00             277.145          -3.223e+00             214.759           4.835e+00     
 163.000          90.000            9.711e-01          -1.221e+00             276.614          -3.048e+00             217.401           5.271e+00     
 164.000          90.000            1.019e+00          -1.251e+00             275.996          -2.885e+00             219.901           5.738e+00     
 165.000          90.000            1.053e+00          -1.298e+00             275.286          -2.735e+00             222.266           6.236e+00     
 166.000          90.000            1.075e+00          -1.361e+00             274.478          -2.597e+00             224.504           6.767e+00     
 167.000          90.000            1.086e+00          -1.438e+00             273.569          -2.472e+00             226.620           7.334e+00     
 168.000          90.000            1.087e+00          -1.527e+00             272.554          -2.359e+00             228.620           7.941e+00     
 169.000          90.000            1.079e+00          -1.626e+00             271.427          -2.259e+00             230.509           8.595e+00     
 170.000          90.000            1.064e+00          -1.733e+00             270.184          -2.170e+00             232.292           9.301e+00     
 171.000          90.000            1.043e+00          -1.846e+00             268.821          -2.093e+00             233.972           1.007e+01     
 172.000          90.000            1.015e+00          -1.962e+00             267.334          -2.028e+00             235.554           1.091e+01     
 173.000          90.000            9.839e-01          -2.079e+00             265.720          -1.974e+00             237.038           1.185e+01     
 174.000          90.000            9.487e-01          -2.196e+00             263.978          -1.931e+00             238.429           1.289e+01     
 175.000          90.000            9.108e-01          -2.309e+00             262.108          -1.900e+00             239.727           1.408e+01     
 176.000          90.000            8.710e-01          -2.416e+00             260.110          -1.879e+00             240.934           1.546e+01     
 177.000          90.000            8.302e-01          -2.514e+00             257.989          -1.870e+00             242.052           1.710e+01     
 178.000          90.000            7.891e-01          -2.601e+00             255.752          -1.872e+00             243.080           1.912e+01     
 179.000          90.000            7.482e-01          -2.675e+00             253.406          -1.885e+00             244.020           2.175e+01     
 180.000          90.000            7.083e-01          -2.734e+00             250.963          -1.909e+00             244.871           2.552e+01     
 179.000         270.000            6.698e-01          -2.775e+00              68.436          -1.945e+00              65.633           3.227e+01     
 178.000         270.000            6.331e-01          -2.798e+00              65.842          -1.993e+00              66.305           4.000e+01     
 177.000         270.000            5.986e-01          -2.801e+00              63.197          -2.054e+00              66.887           2.987e+01     
 176.000         270.000            5.666e-01          -2.784e+00              60.522          -2.128e+00              67.376           2.448e+01     
 175.000         270.000            5.371e-01          -2.748e+00              57.835          -2.215e+00              67.771           2.123e+01     
 174.000         270.000            5.102e-01          -2.692e+00              55.155          -2.317e+00              68.069           1.893e+01     
 173.000         270.000            4.858e-01          -2.618e+00              52.500          -2.433e+00              68.268           1.717e+01     
 172.000         270.000            4.636e-01          -2.527e+00              49.886          -2.566e+00              68.362           1.578e+01     
 171.000         270.000            4.433e-01          -2.423e+00              47.328          -2.716e+00              68.348           1.464e+01     
 170.000         270.000            4.244e-01          -2.307e+00              44.837          -2.884e+00              68.220           1.370e+01     
 169.000         270.000            4.063e-01          -2.182e+00              42.422          -3.071e+00              67.971           1.294e+01     
 168.000         270.000            3.883e-01          -2.051e+00              40.090          -3.280e+00              67.593           1.232e+01     
 167.000         270.000            3.694e-01          -1.917e+00              37.844          -3.510e+00              67.075           1.184e+01     
 166.000         270.000            3.488e-01          -1.783e+00              35.684          -3.765e+00              66.406           1.148e+01     
 165.000         270.000            3.253e-01          -1.651e+00              33.611          -4.045e+00              65.570           1.124e+01     
 164.000         270.000            2.978e-01          -1.525e+00              31.622          -4.352e+00              64.549           1.112e+01     
 163.000         270.000            2.650e-01          -1.407e+00              29.711          -4.689e+00              63.320           1.112e+01     
 162.000         270.000            2.257e-01          -1.301e+00              27.873          -5.057e+00              61.858           1.123e+01     
 161.000         270.000            1.783e-01          -1.207e+00              26.102          -5.458e+00              60.127           1.147e+01     
 160.000         270.000            1.215e-01          -1.130e+00              24.389          -5.893e+00              58.088           1.183e+01     
 159.000         270.000            5.388e-02          -1.071e+00              22.725          -6.363e+00              55.688           1.234e+01     
 158.000         270.000           -2.616e-02          -1.033e+00              21.101          -6.868e+00              52.865           1.300e+01     
 157.000         270.000           -1.200e-01          -1.018e+00              19.507          -7.407e+00              49.544           1.384e+01     
 156.000         270.000           -2.292e-01          -1.028e+00              17.930          -7.974e+00              45.634           1.492e+01     
 155.000         270.000           -3.550e-01          -1.067e+00              16.359          -8.560e+00              41.031           1.630e+01     
 154.000         270.000           -4.988e-01          -1.136e+00              14.780          -9.151e+00              35.624           1.813e+01     
 153.000         270.000           -6.616e-01          -1.237e+00              13.178          -9.722e+00              29.310           2.069e+01     
 152.000         270.000           -8.442e-01          -1.375e+00              11.536          -1.024e+01              22.025           2.469e+01     
 151.000         270.000           -1.047e+00          -1.550e+00               9.833          -1.066e+01              13.786           3.334e+01     
 150.000         270.000           -1.270e+00          -1.768e+00               8.048          -1.093e+01               4.745           3.494e+01     
 149.000         270.000           -1.513e+00          -2.030e+00               6.152          -1.102e+01             355.203           2.442e+01     
 148.000         270.000           -1.774e+00          -2.340e+00               4.113          -1.090e+01             345.573           1.955e+01     
 147.000         270.000           -2.049e+00          -2.701e+00               1.892          -1.061e+01             336.267           1.629e+01     
 146.000         270.000           -2.334e+00          -3.117e+00             359.440          -1.016e+01             327.596           1.381e+01     
 145.000         270.000           -2.623e+00          -3.591e+00             356.693          -9.617e+00             319.721           1.183e+01     
 144.000         270.000           -2.906e+00          -4.126e+00             353.575          -9.016e+00             312.665           1.022e+01     
 143.000         270.000           -3.171e+00          -4.723e+00             349.985          -8.394e+00             306.367           8.960e+00     
 142.000         270.000           -3.405e+00          -5.380e+00             345.800          -7.778e+00             300.722           8.093e+00     
 141.000         270.000           -3.592e+00          -6.091e+00             340.861          -7.181e+00             295.619           7.700e+00     
 140.000         270.000           -3.716e+00          -6.841e+00             334.986          -6.615e+00             290.951           7.868e+00     
 139.000         270.000           -3.765e+00          -7.599e+00             327.977          -6.083e+00             286.625           8.639e+00     
 138.000         270.000           -3.730e+00          -8.317e+00             319.669          -5.586e+00             282.564           1.001e+01     
 137.000         270.000           -3.611e+00          -8.925e+00             310.027          -5.125e+00             278.707           1.198e+01     
 136.000         270.000           -3.415e+00          -9.338e+00             299.267          -4.697e+00             275.004           1.464e+01     
 135.000         270.000           -3.153e+00          -9.492e+00             287.923          -4.301e+00             271.416           1.829e+01     
 134.000         270.000           -2.842e+00          -9.372e+00             276.735          -3.934e+00             267.916           2.388e+01     
 133.000         270.000           -2.500e+00          -9.023e+00             266.371          -3.594e+00             264.485           3.727e+01     
 132.000         270.000           -2.142e+00          -8.527e+00             257.215          -3.276e+00             261.111           3.087e+01     
 131.000         270.000           -1.783e+00          -7.967e+00             249.346          -2.980e+00             257.789           2.401e+01     
 130.000         270.000           -1.436e+00          -7.407e+00             242.648          -2.702e+00             254.517           2.090e+01     
 129.000         270.000           -1.109e+00          -6.892e+00             236.920          -2.441e+00             251.306           1.910e+01     
 128.000         270.000           -8.104e-01          -6.447e+00             231.958          -2.196e+00             248.164           1.797e+01     
 127.000         270.000           -5.447e-01          -6.088e+00             227.574          -1.966e+00             245.104           1.722e+01     
 126.000         270.000           -3.158e-01          -5.822e+00             223.607          -1.751e+00             242.141           1.671e+01     
 125.000         270.000           -1.262e-01          -5.656e+00             219.917          -1.552e+00             239.292           1.634e+01     
 124.000         270.000            2.266e-02          -5.593e+00             216.381          -1.370e+00             236.576           1.603e+01     
 123.000         270.000            1.300e-01          -5.636e+00             212.881          -1.207e+00             234.009           1.574e+01     
 122.000         270.000            1.958e-01          -5.788e+00             209.300          -1.066e+00             231.609           1.541e+01     
 121.000         270.000            2.206e-01          -6.052e+00             205.508          -9.478e-01             229.393           1.503e+01     
 120.000         270.000            2.057e-01          -6.429e+00             201.354          -8.568e-01             227.377           1.455e+01     
 119.000         270.000            1.527e-01          -6.920e+00             196.650          -7.958e-01             225.576           1.399e+01     
 118.000         270.000            6.441e-02          -7.519e+00             191.161          -7.682e-01             224.006           1.334e+01     
 117.000         270.000           -5.601e-02          -8.208e+00             184.586          -7.774e-01             222.683           1.260e+01     
 116.000         270.000           -2.043e-01          -8.949e+00             176.577          -8.267e-01             221.625           1.182e+01     
 115.000         270.000           -3.754e-01          -9.667e+00             166.801          -9.194e-01             220.853           1.101e+01     
 114.000         270.000           -5.633e-01          -1.024e+01             155.145          -1.059e+00             220.391           1.022e+01     
 113.000         270.000           -7.612e-01          -1.052e+01             142.014          -1.247e+00             220.270           9.501e+00     
 112.000         270.000           -9.618e-01          -1.040e+01             128.470          -1.486e+00             220.524           8.922e+00     
 111.000         270.000           -1.158e+00          -9.913e+00             115.824          -1.778e+00             221.200           8.560e+00     
 110.000         270.000           -1.342e+00          -9.178e+00             104.958          -2.123e+00             222.352           8.503e+00     
 109.000         270.000           -1.508e+00          -8.342e+00              96.096          -2.517e+00             224.050           8.841e+00     
 108.000         270.000           -1.653e+00          -7.516e+00              89.035          -2.956e+00             226.371           9.652e+00     
 107.000         270.000           -1.773e+00          -6.764e+00              83.434          -3.429e+00             229.404           1.103e+01     
 106.000         270.000           -1.871e+00          -6.120e+00              78.968          -3.919e+00             233.236           1.313e+01     
 105.000         270.000           -1.949e+00          -5.600e+00              75.373          -4.401e+00             237.936           1.637e+01     
 104.000         270.000           -2.011e+00          -5.209e+00              72.450          -4.841e+00             243.523           2.216e+01     
 103.000         270.000           -2.063e+00          -4.952e+00              70.051          -5.198e+00             249.924           4.000e+01     
 102.000         270.000           -2.112e+00          -4.832e+00              68.067          -5.434e+00             256.942           2.222e+01     
 101.000         270.000           -2.163e+00          -4.852e+00              66.416          -5.519e+00             264.258           1.611e+01     
 100.000         270.000           -2.219e+00          -5.020e+00              65.038          -5.450e+00             271.482           1.259e+01     
  99.000         270.000           -2.285e+00          -5.347e+00              63.888          -5.245e+00             278.250           1.020e+01     
  98.000         270.000           -2.362e+00          -5.848e+00              62.932          -4.944e+00             284.301           8.523e+00     
  97.000         270.000           -2.449e+00          -6.549e+00              62.145          -4.588e+00             289.503           7.479e+00     
  96.000         270.000           -2.543e+00          -7.488e+00              61.507          -4.219e+00             293.831           7.108e+00     
  95.000         270.000           -2.640e+00          -8.725e+00              61.008          -3.869e+00             297.327           7.482e+00     
  94.000         270.000           -2.735e+00          -1.036e+01              60.644          -3.559e+00             300.061           8.636e+00     
  93.000         270.000           -2.822e+00          -1.259e+01              60.427          -3.306e+00             302.107           1.064e+01     
  92.000         270.000           -2.893e+00          -1.582e+01              60.409          -3.120e+00             303.530           1.379e+01     
  91.000         270.000           -2.944e+00          -2.133e+01              60.862          -3.007e+00             304.380           1.931e+01     
  90.000         270.000           -2.970e+00          -4.146e+01              72.270          -2.971e+00             304.685           4.000e+01     
  89.000         270.000           -2.970e+00          -2.318e+01             238.088          -3.012e+00             304.455           2.094e+01     
  88.000         270.000           -2.944e+00          -1.675e+01             239.039          -3.129e+00             303.680           1.457e+01     
  87.000         270.000           -2.895e+00          -1.321e+01             239.521          -3.320e+00             302.331           1.110e+01     
  86.000         270.000           -2.829e+00          -1.083e+01             239.971          -3.579e+00             300.357           8.915e+00     
  85.000         270.000           -2.751e+00          -9.102e+00             240.476          -3.896e+00             297.692           7.615e+00     
  84.000         270.000           -2.668e+00          -7.805e+00             241.071          -4.256e+00             294.259           7.116e+00     
  83.000         270.000           -2.584e+00          -6.825e+00             241.779          -4.637e+00             289.981           7.389e+00     
  82.000         270.000           -2.505e+00          -6.093e+00             242.620          -5.005e+00             284.809           8.365e+00     
  81.000         270.000           -2.433e+00          -5.568e+00             243.620          -5.321e+00             278.762           9.992e+00     
  80.000         270.000           -2.368e+00          -5.224e+00             244.807          -5.540e+00             271.966           1.235e+01     
  79.000         270.000           -2.311e+00          -5.041e+00             246.218          -5.620e+00             264.683           1.580e+01     
  78.000         270.000           -2.257e+00          -5.010e+00             247.899          -5.541e+00             257.285           2.173e+01     
  77.000         270.000           -2.202e+00          -5.121e+00             249.912          -5.307e+00             250.178           4.000e+01     
  76.000         270.000           -2.142e+00          -5.371e+00             252.341          -4.945e+00             243.697           2.244e+01     
  75.000         270.000           -2.071e+00          -5.756e+00             255.295          -4.497e+00             238.048           1.648e+01     
  74.000         270.000           -1.982e+00          -6.272e+00             258.924          -4.005e+00             233.306           1.319e+01     
  73.000         270.000           -1.872e+00          -6.912e+00             263.431          -3.504e+00             229.452           1.107e+01     
  72.000         270.000           -1.738e+00          -7.660e+00             269.080          -3.021e+00             226.413           9.700e+00     
  71.000         270.000           -1.580e+00          -8.483e+00             276.199          -2.572e+00             224.097           8.898e+00     
  70.000         270.000           -1.402e+00          -9.313e+00             285.128          -2.168e+00             222.413           8.572e+00     
  69.000         270.000           -1.206e+00          -1.004e+01             296.063          -1.815e+00             221.280           8.638e+00     
  68.000         270.000           -1.000e+00          -1.051e+01             308.765          -1.515e+00             220.627           9.005e+00     
  67.000         270.000           -7.911e-01          -1.062e+01             322.330          -1.269e+00             220.398           9.585e+00     
  66.000         270.000           -5.859e-01          -1.032e+01             335.444          -1.074e+00             220.546           1.030e+01     
  65.000         270.000           -3.921e-01          -9.742e+00             347.060          -9.283e-01             221.034           1.108e+01     
  64.000         270.000           -2.164e-01          -9.020e+00             356.792          -8.298e-01             221.833           1.187e+01     
  63.000         270.000           -6.464e-02          -8.277e+00               4.764          -7.751e-01             222.917           1.265e+01     
  62.000         270.000            5.828e-02          -7.589e+00              11.312          -7.610e-01             224.264           1.336e+01     
  61.000         270.000            1.483e-01          -6.992e+00              16.785          -7.840e-01             225.858           1.400e+01     
  60.000         270.000            2.023e-01          -6.504e+00              21.480          -8.407e-01             227.682           1.455e+01     
  59.000         270.000            2.178e-01          -6.130e+00              25.634          -9.280e-01             229.721           1.501e+01     
  58.000         270.000            1.930e-01          -5.869e+00              29.433          -1.043e+00             231.958           1.538e+01     
  57.000         270.000            1.270e-01          -5.721e+00              33.028          -1.181e+00             234.379           1.570e+01     
  56.000         270.000            1.925e-02          -5.682e+00              36.549          -1.342e+00             236.967           1.599e+01     
  55.000         270.000           -1.302e-01          -5.750e+00              40.114          -1.522e+00             239.706           1.630e+01     
  54.000         270.000           -3.204e-01          -5.921e+00              43.843          -1.719e+00             242.578           1.668e+01     
  53.000         270.000           -5.498e-01          -6.191e+00              47.861          -1.933e+00             245.567           1.720e+01     
  52.000         270.000           -8.158e-01          -6.556e+00              52.311          -2.163e+00             248.657           1.796e+01     
  51.000         270.000           -1.115e+00          -7.005e+00              57.358          -2.408e+00             251.834           1.912e+01     
  50.000         270.000           -1.441e+00          -7.523e+00              63.195          -2.670e+00             255.084           2.096e+01     
  49.000         270.000           -1.787e+00          -8.081e+00              70.027          -2.949e+00             258.402           2.416e+01     
  48.000         270.000           -2.144e+00          -8.635e+00              78.054          -3.247e+00             261.779           3.134e+01     
  47.000         270.000           -2.498e+00          -9.117e+00              87.378          -3.565e+00             265.216           3.615e+01     
  46.000         270.000           -2.836e+00          -9.441e+00              97.889          -3.907e+00             268.721           2.359e+01     
  45.000         270.000           -3.140e+00          -9.527e+00             109.166          -4.274e+00             272.305           1.814e+01     
  44.000         270.000           -3.394e+00          -9.336e+00             120.511          -4.670e+00             275.991           1.456e+01     
  43.000         270.000           -3.581e+00          -8.889e+00             131.189          -5.096e+00             279.806           1.195e+01     
  42.000         270.000           -3.688e+00          -8.258e+00             140.700          -5.554e+00             283.791           1.004e+01     
  41.000         270.000           -3.712e+00          -7.524e+00             148.862          -6.045e+00             287.995           8.741e+00     
  40.000         270.000           -3.652e+00          -6.758e+00             155.734          -6.568e+00             292.482           8.039e+00     
  39.000         270.000           -3.517e+00          -6.006e+00             161.490          -7.121e+00             297.328           7.936e+00     
  38.000         270.000           -3.322e+00          -5.295e+00             166.329          -7.698e+00             302.622           8.383e+00     
  37.000         270.000           -3.080e+00          -4.639e+00             170.433          -8.287e+00             308.464           9.294e+00     
  36.000         270.000           -2.809e+00          -4.044e+00             173.955          -8.871e+00             314.950           1.059e+01     
  35.000         270.000           -2.521e+00          -3.512e+00             177.019          -9.424e+00             322.161           1.225e+01     
  34.000         270.000           -2.228e+00          -3.041e+00             179.719          -9.909e+00             330.125           1.430e+01     
  33.000         270.000           -1.940e+00          -2.627e+00             182.134          -1.029e+01             338.778           1.689e+01     
  32.000         270.000           -1.662e+00          -2.268e+00             184.322          -1.051e+01             347.929           2.037e+01     
  31.000         270.000           -1.400e+00          -1.961e+00             186.332          -1.057e+01             357.265           2.575e+01     
  30.000         270.000           -1.155e+00          -1.700e+00             188.203          -1.043e+01               6.409           3.991e+01     
  29.000         270.000           -9.299e-01          -1.485e+00             189.966          -1.014e+01              15.012           3.087e+01     
  28.000         270.000           -7.254e-01          -1.311e+00             191.648          -9.718e+00              22.831           2.379e+01     
  27.000         270.000           -5.412e-01          -1.175e+00             193.272          -9.214e+00              29.756           2.016e+01     
  26.000         270.000           -3.769e-01          -1.074e+00             194.856          -8.664e+00              35.781           1.778e+01     
  25.000         270.000           -2.315e-01          -1.007e+00             196.417          -8.098e+00              40.969           1.606e+01     
  24.000         270.000           -1.041e-01          -9.691e-01             197.971          -7.537e+00              45.413           1.474e+01     
  23.000         270.000            6.677e-03          -9.594e-01             199.530          -6.995e+00              49.211           1.371e+01     
  22.000         270.000            1.022e-01          -9.752e-01             201.107          -6.479e+00              52.455           1.290e+01     
  21.000         270.000            1.838e-01          -1.014e+00             202.714          -5.995e+00              55.228           1.227e+01     
  20.000         270.000            2.530e-01          -1.074e+00             204.359          -5.543e+00              57.598           1.179e+01     
  19.000         270.000            3.113e-01          -1.152e+00             206.054          -5.124e+00              59.622           1.144e+01     
  18.000         270.000            3.601e-01          -1.246e+00             207.806          -4.738e+00              61.347           1.123e+01     
  17.000         270.000            4.008e-01          -1.354e+00             209.624          -4.383e+00              62.812           1.113e+01     
  16.000         270.000            4.348e-01          -1.473e+00             211.514          -4.057e+00              64.048           1.114e+01     
  15.000         270.000            4.634e-01          -1.600e+00             213.482          -3.759e+00              65.080           1.128e+01     
  14.000         270.000            4.877e-01          -1.734e+00             215.533          -3.488e+00              65.930           1.152e+01     
  13.000         270.000            5.090e-01          -1.870e+00             217.670          -3.241e+00              66.615           1.189e+01     
  12.000         270.000            5.282e-01          -2.006e+00             219.894          -3.017e+00              67.149           1.237e+01     
  11.000         270.000            5.464e-01          -2.140e+00             222.204          -2.814e+00              67.544           1.299e+01     
  10.000         270.000            5.644e-01          -2.268e+00             224.597          -2.632e+00              67.810           1.376e+01     
   9.000         270.000            5.828e-01          -2.387e+00             227.067          -2.468e+00              67.955           1.469e+01     
   8.000         270.000            6.023e-01          -2.496e+00             229.606          -2.322e+00              67.986           1.582e+01     
   7.000         270.000            6.235e-01          -2.590e+00             232.202          -2.193e+00              67.908           1.722e+01     
   6.000         270.000            6.465e-01          -2.669e+00             234.842          -2.079e+00              67.725           1.897e+01     
   5.000         270.000            6.717e-01          -2.730e+00             237.511          -1.980e+00              67.442           2.125e+01     
   4.000         270.000            6.992e-01          -2.772e+00             240.189          -1.895e+00              67.062           2.447e+01     
   3.000         270.000            7.290e-01          -2.794e+00             242.860          -1.823e+00              66.586           2.981e+01     
   2.000         270.000            7.610e-01          -2.796e+00             245.503          -1.764e+00              66.018           4.000e+01     
   1.000         270.000            7.950e-01          -2.778e+00             248.100          -1.717e+00              65.358           3.248e+01     
