Theta [deg.]  Phi   [deg.]  Abs(Grlz)[dBi   ]   Abs(Theta)[dBi   ]  Phase(Theta)[deg.]  Abs(Phi  )[dBi   ]  Phase(Phi  )[deg.]  Ax.Ratio[dB    ]    
------------------------------------------------------------------------------------------------------------------------------------------------------
   0.000          90.000            2.904e+00          -1.301e+01             267.289           2.791e+00             126.348           1.995e+01     
   1.000          90.000            2.932e+00          -1.316e+01             271.962           2.824e+00             125.877           2.120e+01     
   2.000          90.000            2.959e+00          -1.322e+01             276.752           2.853e+00             125.388           2.263e+01     
   3.000          90.000            2.985e+00          -1.321e+01             281.566           2.879e+00             124.882           2.432e+01     
   4.000          90.000            3.009e+00          -1.312e+01             286.305           2.902e+00             124.358           2.639e+01     
   5.000          90.000            3.033e+00          -1.295e+01             290.880           2.922e+00             123.817           2.909e+01     
   6.000          90.000            3.054e+00          -1.273e+01             295.216           2.938e+00             123.261           3.297e+01     
   7.000          90.000            3.075e+00          -1.244e+01             299.262           2.951e+00             122.688           4.000e+01     
   8.000          90.000            3.093e+00          -1.212e+01             302.984           2.960e+00             122.101           4.000e+01     
   9.000          90.000            3.109e+00          -1.177e+01             306.371           2.966e+00             121.498           3.643e+01     
  10.000          90.000            3.123e+00          -1.139e+01             309.426           2.967e+00             120.881           3.122e+01     
  11.000          90.000            3.134e+00          -1.100e+01             312.161           2.963e+00             120.251           2.800e+01     
  12.000          90.000            3.142e+00          -1.060e+01             314.598           2.955e+00             119.607           2.565e+01     
  13.000          90.000            3.147e+00          -1.020e+01             316.759           2.941e+00             118.950           2.381e+01     
  14.000          90.000            3.148e+00          -9.811e+00             318.669           2.922e+00             118.282           2.229e+01     
  15.000          90.000            3.144e+00          -9.426e+00             320.354           2.896e+00             117.601           2.100e+01     
  16.000          90.000            3.135e+00          -9.052e+00             321.837           2.864e+00             116.909           1.987e+01     
  17.000          90.000            3.121e+00          -8.690e+00             323.139           2.825e+00             116.206           1.887e+01     
  18.000          90.000            3.101e+00          -8.343e+00             324.280           2.778e+00             115.492           1.798e+01     
  19.000          90.000            3.074e+00          -8.012e+00             325.278           2.722e+00             114.768           1.716e+01     
  20.000          90.000            3.041e+00          -7.698e+00             326.149           2.658e+00             114.033           1.641e+01     
  21.000          90.000            2.999e+00          -7.402e+00             326.906           2.584e+00             113.288           1.572e+01     
  22.000          90.000            2.949e+00          -7.124e+00             327.561           2.500e+00             112.533           1.508e+01     
  23.000          90.000            2.890e+00          -6.866e+00             328.126           2.404e+00             111.767           1.448e+01     
  24.000          90.000            2.820e+00          -6.629e+00             328.610           2.297e+00             110.991           1.391e+01     
  25.000          90.000            2.740e+00          -6.413e+00             329.021           2.177e+00             110.204           1.338e+01     
  26.000          90.000            2.648e+00          -6.218e+00             329.367           2.044e+00             109.406           1.288e+01     
  27.000          90.000            2.543e+00          -6.047e+00             329.653           1.897e+00             108.596           1.240e+01     
  28.000          90.000            2.425e+00          -5.900e+00             329.886           1.734e+00             107.773           1.195e+01     
  29.000          90.000            2.292e+00          -5.777e+00             330.071           1.556e+00             106.936           1.152e+01     
  30.000          90.000            2.143e+00          -5.681e+00             330.210           1.360e+00             106.085           1.110e+01     
  31.000          90.000            1.977e+00          -5.612e+00             330.308           1.146e+00             105.217           1.071e+01     
  32.000          90.000            1.793e+00          -5.572e+00             330.368           9.122e-01             104.332           1.033e+01     
  33.000          90.000            1.588e+00          -5.562e+00             330.393           6.583e-01             103.426           9.969e+00     
  34.000          90.000            1.362e+00          -5.586e+00             330.383           3.826e-01             102.498           9.622e+00     
  35.000          90.000            1.113e+00          -5.644e+00             330.342           8.379e-02             101.545           9.291e+00     
  36.000          90.000            8.388e-01          -5.740e+00             330.268          -2.395e-01             100.564           8.974e+00     
  37.000          90.000            5.373e-01          -5.876e+00             330.164          -5.887e-01              99.550           8.671e+00     
  38.000          90.000            2.061e-01          -6.057e+00             330.028          -9.655e-01              98.500           8.383e+00     
  39.000          90.000           -1.575e-01          -6.286e+00             329.859          -1.372e+00              97.408           8.111e+00     
  40.000          90.000           -5.564e-01          -6.568e+00             329.656          -1.809e+00              96.268           7.855e+00     
  41.000          90.000           -9.941e-01          -6.911e+00             329.414          -2.279e+00              95.072           7.618e+00     
  42.000          90.000           -1.475e+00          -7.321e+00             329.128          -2.784e+00              93.811           7.404e+00     
  43.000          90.000           -2.002e+00          -7.808e+00             328.790          -3.326e+00              92.476           7.216e+00     
  44.000          90.000           -2.583e+00          -8.386e+00             328.389          -3.907e+00              91.055           7.063e+00     
  45.000          90.000           -3.222e+00          -9.069e+00             327.906          -4.531e+00              89.531           6.958e+00     
  46.000          90.000           -3.927e+00          -9.880e+00             327.314          -5.199e+00              87.889           6.918e+00     
  47.000          90.000           -4.705e+00          -1.085e+01             326.569          -5.913e+00              86.107           6.976e+00     
  48.000          90.000           -5.565e+00          -1.203e+01             325.595          -6.677e+00              84.160           7.180e+00     
  49.000          90.000           -6.516e+00          -1.348e+01             324.254          -7.492e+00              82.018           7.613e+00     
  50.000          90.000           -7.564e+00          -1.532e+01             322.263          -8.361e+00              79.645           8.420e+00     
  51.000          90.000           -8.709e+00          -1.778e+01             318.942          -9.284e+00              77.000           9.879e+00     
  52.000          90.000           -9.933e+00          -2.130e+01             312.212          -1.026e+01              74.034           1.265e+01     
  53.000          90.000           -1.118e+01          -2.692e+01             292.216          -1.129e+01              70.695           1.933e+01     
  54.000          90.000           -1.230e+01          -3.013e+01             217.277          -1.237e+01              66.927           2.398e+01     
  55.000          90.000           -1.307e+01          -2.342e+01             176.015          -1.349e+01              62.678           1.082e+01     
  56.000          90.000           -1.325e+01          -1.887e+01             165.365          -1.464e+01              57.916           5.063e+00     
  57.000          90.000           -1.279e+01          -1.579e+01             160.840          -1.580e+01              52.644           2.806e+00     
  58.000          90.000           -1.189e+01          -1.351e+01             158.332          -1.695e+01              46.932           4.844e+00     
  59.000          90.000           -1.080e+01          -1.171e+01             156.720          -1.807e+01              40.946           7.725e+00     
  60.000          90.000           -9.711e+00          -1.024e+01             155.582          -1.915e+01              34.966           1.053e+01     
  61.000          90.000           -8.688e+00          -9.007e+00             154.727          -2.019e+01              29.389           1.318e+01     
  62.000          90.000           -7.763e+00          -7.965e+00             154.053          -2.120e+01              24.710           1.564e+01     
  63.000          90.000           -6.944e+00          -7.074e+00             153.504          -2.224e+01              21.514           1.786e+01     
  64.000          90.000           -6.225e+00          -6.310e+00             153.043          -2.334e+01              20.531           1.976e+01     
  65.000          90.000           -5.599e+00          -5.655e+00             152.649          -2.452e+01              22.756           2.121e+01     
  66.000          90.000           -5.059e+00          -5.097e+00             152.306          -2.570e+01              29.570           2.213e+01     
  67.000          90.000           -4.598e+00          -4.626e+00             152.004          -2.655e+01              42.238           2.246e+01     
  68.000          90.000           -4.210e+00          -4.236e+00             151.735          -2.649e+01              59.585           2.226e+01     
  69.000          90.000           -3.889e+00          -3.921e+00             151.494          -2.524e+01              76.514           2.163e+01     
  70.000          90.000           -3.631e+00          -3.678e+00             151.277          -2.330e+01              88.982           2.070e+01     
  71.000          90.000           -3.433e+00          -3.505e+00             151.081          -2.123e+01              96.971           1.961e+01     
  72.000          90.000           -3.291e+00          -3.401e+00             150.903          -1.929e+01             101.900           1.843e+01     
  73.000          90.000           -3.203e+00          -3.366e+00             150.741          -1.755e+01             104.934           1.723e+01     
  74.000          90.000           -3.167e+00          -3.399e+00             150.595          -1.599e+01             106.828           1.605e+01     
  75.000          90.000           -3.181e+00          -3.505e+00             150.463          -1.462e+01             108.007           1.490e+01     
  76.000          90.000           -3.243e+00          -3.684e+00             150.345          -1.340e+01             108.734           1.380e+01     
  77.000          90.000           -3.352e+00          -3.942e+00             150.240          -1.232e+01             109.169           1.275e+01     
  78.000          90.000           -3.505e+00          -4.284e+00             150.148          -1.136e+01             109.414           1.178e+01     
  79.000          90.000           -3.701e+00          -4.718e+00             150.069          -1.050e+01             109.536           1.088e+01     
  80.000          90.000           -3.935e+00          -5.255e+00             150.002          -9.752e+00             109.577           1.009e+01     
  81.000          90.000           -4.205e+00          -5.909e+00             149.951          -9.091e+00             109.567           9.421e+00     
  82.000          90.000           -4.503e+00          -6.701e+00             149.914          -8.513e+00             109.527           8.932e+00     
  83.000          90.000           -4.823e+00          -7.658e+00             149.896          -8.015e+00             109.472           8.689e+00     
  84.000          90.000           -5.153e+00          -8.823e+00             149.900          -7.590e+00             109.411           8.778e+00     
  85.000          90.000           -5.480e+00          -1.026e+01             149.933          -7.236e+00             109.351           9.309e+00     
  86.000          90.000           -5.788e+00          -1.208e+01             150.013          -6.950e+00             109.299           1.041e+01     
  87.000          90.000           -6.058e+00          -1.450e+01             150.177          -6.729e+00             109.256           1.229e+01     
  88.000          90.000           -6.268e+00          -1.796e+01             150.536          -6.573e+00             109.227           1.536e+01     
  89.000          90.000           -6.402e+00          -2.398e+01             151.659          -6.479e+00             109.212           2.100e+01     
  90.000          90.000           -6.447e+00          -5.184e+01             254.998          -6.447e+00             109.213           4.000e+01     
  91.000          90.000           -6.397e+00          -2.380e+01             327.239          -6.477e+00             109.229           2.164e+01     
  92.000          90.000           -6.258e+00          -1.787e+01             328.345          -6.569e+00             109.261           1.570e+01     
  93.000          90.000           -6.044e+00          -1.443e+01             328.739          -6.724e+00             109.307           1.254e+01     
  94.000          90.000           -5.771e+00          -1.204e+01             328.959          -6.942e+00             109.366           1.063e+01     
  95.000          90.000           -5.460e+00          -1.022e+01             329.115          -7.226e+00             109.436           9.501e+00     
  96.000          90.000           -5.131e+00          -8.789e+00             329.244          -7.578e+00             109.512           8.951e+00     
  97.000          90.000           -4.799e+00          -7.627e+00             329.360          -8.000e+00             109.590           8.843e+00     
  98.000          90.000           -4.479e+00          -6.672e+00             329.473          -8.495e+00             109.662           9.069e+00     
  99.000          90.000           -4.180e+00          -5.883e+00             329.587          -9.069e+00             109.718           9.539e+00     
 100.000          90.000           -3.910e+00          -5.229e+00             329.705          -9.727e+00             109.744           1.019e+01     
 101.000          90.000           -3.675e+00          -4.693e+00             329.829          -1.047e+01             109.719           1.097e+01     
 102.000          90.000           -3.479e+00          -4.260e+00             329.960          -1.132e+01             109.612           1.185e+01     
 103.000          90.000           -3.326e+00          -3.918e+00             330.100          -1.227e+01             109.380           1.281e+01     
 104.000          90.000           -3.217e+00          -3.660e+00             330.250          -1.335e+01             108.956           1.383e+01     
 105.000          90.000           -3.155e+00          -3.481e+00             330.411          -1.456e+01             108.239           1.492e+01     
 106.000          90.000           -3.141e+00          -3.376e+00             330.585          -1.592e+01             107.066           1.604e+01     
 107.000          90.000           -3.177e+00          -3.342e+00             330.772          -1.746e+01             105.177           1.720e+01     
 108.000          90.000           -3.265e+00          -3.377e+00             330.976          -1.918e+01             102.150           1.837e+01     
 109.000          90.000           -3.406e+00          -3.481e+00             331.197          -2.109e+01              97.246           1.951e+01     
 110.000          90.000           -3.604e+00          -3.653e+00             331.439          -2.311e+01              89.344           2.055e+01     
 111.000          90.000           -3.862e+00          -3.895e+00             331.704          -2.499e+01              77.117           2.142e+01     
 112.000          90.000           -4.182e+00          -4.209e+00             331.997          -2.620e+01              60.638           2.200e+01     
 113.000          90.000           -4.570e+00          -4.599e+00             332.323          -2.628e+01              43.734           2.215e+01     
 114.000          90.000           -5.029e+00          -5.069e+00             332.688          -2.546e+01              31.253           2.179e+01     
 115.000          90.000           -5.567e+00          -5.626e+00             333.103          -2.429e+01              24.420           2.086e+01     
 116.000          90.000           -6.190e+00          -6.280e+00             333.580          -2.311e+01              22.077           1.942e+01     
 117.000          90.000           -6.905e+00          -7.042e+00             334.139          -2.200e+01              22.891           1.756e+01     
 118.000          90.000           -7.719e+00          -7.930e+00             334.808          -2.095e+01              25.875           1.537e+01     
 119.000          90.000           -8.633e+00          -8.969e+00             335.631          -1.992e+01              30.310           1.296e+01     
 120.000          90.000           -9.642e+00          -1.019e+01             336.679          -1.887e+01              35.622           1.036e+01     
 121.000          90.000           -1.071e+01          -1.166e+01             338.077          -1.780e+01              41.338           7.630e+00     
 122.000          90.000           -1.176e+01          -1.344e+01             340.062          -1.668e+01              47.084           4.889e+00     
 123.000          90.000           -1.262e+01          -1.570e+01             343.151          -1.555e+01              52.593           3.190e+00     
 124.000          90.000           -1.304e+01          -1.871e+01             348.682          -1.441e+01              57.705           5.469e+00     
 125.000          90.000           -1.284e+01          -2.301e+01               1.280          -1.328e+01              62.349           1.112e+01     
 126.000          90.000           -1.208e+01          -2.844e+01              42.085          -1.218e+01              66.515           2.410e+01     
 127.000          90.000           -1.098e+01          -2.595e+01             106.003          -1.112e+01              70.228           1.969e+01     
 128.000          90.000           -9.760e+00          -2.097e+01             127.823          -1.010e+01              73.534           1.293e+01     
 129.000          90.000           -8.559e+00          -1.760e+01             135.828          -9.138e+00              76.481           1.012e+01     
 130.000          90.000           -7.432e+00          -1.520e+01             139.858          -8.228e+00              79.120           8.628e+00     
 131.000          90.000           -6.398e+00          -1.338e+01             142.289          -7.370e+00              81.493           7.797e+00     
 132.000          90.000           -5.458e+00          -1.194e+01             143.927          -6.564e+00              83.641           7.341e+00     
 133.000          90.000           -4.606e+00          -1.077e+01             145.114          -5.809e+00              85.598           7.117e+00     
 134.000          90.000           -3.835e+00          -9.804e+00             146.020          -5.102e+00              87.391           7.043e+00     
 135.000          90.000           -3.136e+00          -8.996e+00             146.736          -4.440e+00              89.047           7.067e+00     
 136.000          90.000           -2.501e+00          -8.314e+00             147.320          -3.823e+00              90.584           7.160e+00     
 137.000          90.000           -1.925e+00          -7.737e+00             147.803          -3.246e+00              92.020           7.302e+00     
 138.000          90.000           -1.400e+00          -7.250e+00             148.209          -2.708e+00              93.369           7.480e+00     
 139.000          90.000           -9.223e-01          -6.840e+00             148.553          -2.207e+00              94.643           7.686e+00     
 140.000          90.000           -4.869e-01          -6.497e+00             148.845          -1.740e+00              95.853           7.915e+00     
 141.000          90.000           -8.996e-02          -6.213e+00             149.092          -1.306e+00              97.007           8.164e+00     
 142.000          90.000            2.718e-01          -5.983e+00             149.298          -9.023e-01              98.112           8.431e+00     
 143.000          90.000            6.015e-01          -5.801e+00             149.467          -5.278e-01              99.175           8.713e+00     
 144.000          90.000            9.017e-01          -5.662e+00             149.601          -1.806e-01             100.200           9.011e+00     
 145.000          90.000            1.175e+00          -5.565e+00             149.700           1.408e-01             101.193           9.323e+00     
 146.000          90.000            1.423e+00          -5.504e+00             149.766           4.379e-01             102.157           9.651e+00     
 147.000          90.000            1.648e+00          -5.479e+00             149.796           7.122e-01             103.096           9.993e+00     
 148.000          90.000            1.851e+00          -5.486e+00             149.791           9.648e-01             104.011           1.035e+01     
 149.000          90.000            2.035e+00          -5.523e+00             149.748           1.197e+00             104.907           1.072e+01     
 150.000          90.000            2.200e+00          -5.589e+00             149.666           1.410e+00             105.784           1.112e+01     
 151.000          90.000            2.349e+00          -5.683e+00             149.541           1.605e+00             106.644           1.153e+01     
 152.000          90.000            2.481e+00          -5.802e+00             149.371           1.783e+00             107.489           1.195e+01     
 153.000          90.000            2.599e+00          -5.946e+00             149.151           1.945e+00             108.320           1.240e+01     
 154.000          90.000            2.703e+00          -6.114e+00             148.877           2.092e+00             109.137           1.288e+01     
 155.000          90.000            2.794e+00          -6.304e+00             148.543           2.224e+00             109.943           1.338e+01     
 156.000          90.000            2.874e+00          -6.516e+00             148.143           2.343e+00             110.737           1.390e+01     
 157.000          90.000            2.943e+00          -6.749e+00             147.670           2.450e+00             111.520           1.446e+01     
 158.000          90.000            3.002e+00          -7.002e+00             147.117           2.545e+00             112.291           1.506e+01     
 159.000          90.000            3.052e+00          -7.274e+00             146.473           2.629e+00             113.053           1.570e+01     
 160.000          90.000            3.093e+00          -7.565e+00             145.729           2.703e+00             113.803           1.638e+01     
 161.000          90.000            3.126e+00          -7.873e+00             144.873           2.767e+00             114.543           1.713e+01     
 162.000          90.000            3.153e+00          -8.198e+00             143.892           2.822e+00             115.273           1.794e+01     
 163.000          90.000            3.173e+00          -8.538e+00             142.769           2.869e+00             115.991           1.883e+01     
 164.000          90.000            3.186e+00          -8.893e+00             141.489           2.909e+00             116.699           1.982e+01     
 165.000          90.000            3.195e+00          -9.260e+00             140.032           2.941e+00             117.395           2.093e+01     
 166.000          90.000            3.198e+00          -9.637e+00             138.378           2.966e+00             118.079           2.221e+01     
 167.000          90.000            3.198e+00          -1.002e+01             136.504           2.986e+00             118.751           2.371e+01     
 168.000          90.000            3.193e+00          -1.041e+01             134.388           2.999e+00             119.411           2.552e+01     
 169.000          90.000            3.185e+00          -1.080e+01             132.005           3.008e+00             120.057           2.783e+01     
 170.000          90.000            3.173e+00          -1.118e+01             129.334           3.011e+00             120.690           3.097e+01     
 171.000          90.000            3.159e+00          -1.155e+01             126.354           3.010e+00             121.309           3.597e+01     
 172.000          90.000            3.143e+00          -1.190e+01             123.054           3.005e+00             121.914           4.000e+01     
 173.000          90.000            3.125e+00          -1.222e+01             119.430           2.996e+00             122.503           4.000e+01     
 174.000          90.000            3.104e+00          -1.250e+01             115.494           2.983e+00             123.077           3.331e+01     
 175.000          90.000            3.082e+00          -1.272e+01             111.274           2.967e+00             123.635           2.930e+01     
 176.000          90.000            3.059e+00          -1.289e+01             106.817           2.947e+00             124.176           2.655e+01     
 177.000          90.000            3.034e+00          -1.299e+01             102.194           2.924e+00             124.700           2.444e+01     
 178.000          90.000            3.008e+00          -1.301e+01              97.486           2.898e+00             125.207           2.273e+01     
 179.000          90.000            2.981e+00          -1.296e+01              92.785           2.869e+00             125.695           2.129e+01     
 180.000          90.000            2.953e+00          -1.283e+01              88.184           2.837e+00             126.166           2.003e+01     
 179.000         270.000            2.925e+00          -1.264e+01             263.761           2.802e+00             306.618           1.892e+01     
 178.000         270.000            2.895e+00          -1.238e+01             259.584           2.764e+00             307.051           1.792e+01     
 177.000         270.000            2.864e+00          -1.208e+01             255.695           2.722e+00             307.465           1.701e+01     
 176.000         270.000            2.832e+00          -1.173e+01             252.120           2.677e+00             307.859           1.617e+01     
 175.000         270.000            2.798e+00          -1.136e+01             248.868           2.628e+00             308.234           1.538e+01     
 174.000         270.000            2.763e+00          -1.096e+01             245.933           2.575e+00             308.590           1.465e+01     
 173.000         270.000            2.727e+00          -1.055e+01             243.301           2.518e+00             308.925           1.396e+01     
 172.000         270.000            2.688e+00          -1.014e+01             240.952           2.456e+00             309.240           1.330e+01     
 171.000         270.000            2.647e+00          -9.724e+00             238.864           2.388e+00             309.535           1.268e+01     
 170.000         270.000            2.604e+00          -9.309e+00             237.013           2.315e+00             309.809           1.208e+01     
 169.000         270.000            2.558e+00          -8.900e+00             235.375           2.236e+00             310.063           1.150e+01     
 168.000         270.000            2.509e+00          -8.499e+00             233.929           2.150e+00             310.296           1.094e+01     
 167.000         270.000            2.456e+00          -8.107e+00             232.655           2.057e+00             310.509           1.040e+01     
 166.000         270.000            2.399e+00          -7.726e+00             231.533           1.955e+00             310.700           9.874e+00     
 165.000         270.000            2.337e+00          -7.357e+00             230.548           1.844e+00             310.869           9.359e+00     
 164.000         270.000            2.270e+00          -7.001e+00             229.685           1.724e+00             311.017           8.855e+00     
 163.000         270.000            2.198e+00          -6.659e+00             228.930           1.592e+00             311.142           8.359e+00     
 162.000         270.000            2.119e+00          -6.330e+00             228.273           1.449e+00             311.243           7.870e+00     
 161.000         270.000            2.033e+00          -6.016e+00             227.703           1.292e+00             311.320           7.387e+00     
 160.000         270.000            1.939e+00          -5.718e+00             227.212           1.122e+00             311.372           6.908e+00     
 159.000         270.000            1.837e+00          -5.434e+00             226.791           9.355e-01             311.397           6.431e+00     
 158.000         270.000            1.726e+00          -5.167e+00             226.435           7.322e-01             311.394           5.956e+00     
 157.000         270.000            1.605e+00          -4.916e+00             226.137           5.101e-01             311.360           5.480e+00     
 156.000         270.000            1.473e+00          -4.682e+00             225.892           2.674e-01             311.292           5.003e+00     
 155.000         270.000            1.329e+00          -4.465e+00             225.697           2.037e-03             311.188           4.524e+00     
 154.000         270.000            1.173e+00          -4.266e+00             225.547          -2.882e-01             311.042           4.041e+00     
 153.000         270.000            1.004e+00          -4.086e+00             225.440          -6.060e-01             310.850           3.553e+00     
 152.000         270.000            8.200e-01          -3.925e+00             225.373          -9.540e-01             310.606           3.061e+00     
 151.000         270.000            6.208e-01          -3.784e+00             225.343          -1.336e+00             310.301           2.568e+00     
 150.000         270.000            4.051e-01          -3.664e+00             225.351          -1.755e+00             309.926           2.082e+00     
 149.000         270.000            1.720e-01          -3.565e+00             225.394          -2.216e+00             309.465           1.624e+00     
 148.000         270.000           -7.959e-02          -3.489e+00             225.471          -2.724e+00             308.904           1.258e+00     
 147.000         270.000           -3.505e-01          -3.437e+00             225.584          -3.286e+00             308.217           1.130e+00     
 146.000         270.000           -6.417e-01          -3.410e+00             225.733          -3.909e+00             307.376           1.366e+00     
 145.000         270.000           -9.540e-01          -3.409e+00             225.917          -4.602e+00             306.338           1.888e+00     
 144.000         270.000           -1.288e+00          -3.435e+00             226.140          -5.376e+00             305.043           2.584e+00     
 143.000         270.000           -1.643e+00          -3.492e+00             226.403          -6.245e+00             303.408           3.414e+00     
 142.000         270.000           -2.020e+00          -3.579e+00             226.709          -7.226e+00             301.306           4.382e+00     
 141.000         270.000           -2.418e+00          -3.700e+00             227.063          -8.339e+00             298.543           5.518e+00     
 140.000         270.000           -2.833e+00          -3.857e+00             227.469          -9.610e+00             294.808           6.877e+00     
 139.000         270.000           -3.264e+00          -4.053e+00             227.936          -1.106e+01             289.589           8.563e+00     
 138.000         270.000           -3.704e+00          -4.290e+00             228.471          -1.269e+01             282.019           1.077e+01     
 137.000         270.000           -4.146e+00          -4.573e+00             229.085          -1.443e+01             270.704           1.392e+01     
 136.000         270.000           -4.578e+00          -4.905e+00             229.794          -1.598e+01             253.983           1.938e+01     
 135.000         270.000           -4.987e+00          -5.292e+00             230.616          -1.668e+01             232.128           4.000e+01     
 134.000         270.000           -5.355e+00          -5.740e+00             231.576          -1.607e+01             210.168           1.976e+01     
 133.000         270.000           -5.661e+00          -6.256e+00             232.710          -1.459e+01             193.253           1.304e+01     
 132.000         270.000           -5.886e+00          -6.848e+00             234.061          -1.290e+01             181.778           8.982e+00     
 131.000         270.000           -6.012e+00          -7.527e+00             235.697          -1.132e+01             174.092           5.986e+00     
 130.000         270.000           -6.031e+00          -8.306e+00             237.710          -9.928e+00             168.785           3.667e+00     
 129.000         270.000           -5.942e+00          -9.199e+00             240.237          -8.719e+00             164.976           2.311e+00     
 128.000         270.000           -5.754e+00          -1.022e+01             243.487          -7.673e+00             162.144           2.880e+00     
 127.000         270.000           -5.484e+00          -1.140e+01             247.787          -6.769e+00             159.972           4.644e+00     
 126.000         270.000           -5.153e+00          -1.274e+01             253.665          -5.985e+00             158.262           6.810e+00     
 125.000         270.000           -4.781e+00          -1.421e+01             261.942          -5.307e+00             156.890           9.295e+00     
 124.000         270.000           -4.388e+00          -1.572e+01             273.812          -4.720e+00             155.766           1.225e+01     
 123.000         270.000           -3.990e+00          -1.696e+01             290.339          -4.215e+00             154.832           1.607e+01     
 122.000         270.000           -3.599e+00          -1.740e+01             310.584          -3.784e+00             154.043           2.193e+01     
 121.000         270.000           -3.224e+00          -1.678e+01             330.355          -3.420e+00             153.369           3.933e+01     
 120.000         270.000           -2.873e+00          -1.546e+01             345.955          -3.119e+00             152.786           2.566e+01     
 119.000         270.000           -2.549e+00          -1.395e+01             357.024          -2.875e+00             152.274           1.919e+01     
 118.000         270.000           -2.257e+00          -1.252e+01               4.749          -2.686e+00             151.820           1.576e+01     
 117.000         270.000           -1.998e+00          -1.124e+01              10.258          -2.549e+00             151.413           1.346e+01     
 116.000         270.000           -1.774e+00          -1.012e+01              14.314          -2.461e+00             151.043           1.175e+01     
 115.000         270.000           -1.586e+00          -9.164e+00              17.394          -2.420e+00             150.701           1.042e+01     
 114.000         270.000           -1.436e+00          -8.345e+00              19.797          -2.425e+00             150.383           9.331e+00     
 113.000         270.000           -1.323e+00          -7.651e+00              21.715          -2.475e+00             150.081           8.427e+00     
 112.000         270.000           -1.249e+00          -7.069e+00              23.276          -2.567e+00             149.792           7.664e+00     
 111.000         270.000           -1.214e+00          -6.589e+00              24.566          -2.702e+00             149.509           7.014e+00     
 110.000         270.000           -1.219e+00          -6.202e+00              25.647          -2.878e+00             149.230           6.458e+00     
 109.000         270.000           -1.265e+00          -5.904e+00              26.562          -3.093e+00             148.951           5.983e+00     
 108.000         270.000           -1.352e+00          -5.690e+00              27.344          -3.347e+00             148.667           5.579e+00     
 107.000         270.000           -1.483e+00          -5.559e+00              28.016          -3.639e+00             148.371           5.236e+00     
 106.000         270.000           -1.658e+00          -5.508e+00              28.597          -3.965e+00             148.068           4.949e+00     
 105.000         270.000           -1.879e+00          -5.538e+00              29.102          -4.326e+00             147.751           4.709e+00     
 104.000         270.000           -2.149e+00          -5.651e+00              29.540          -4.717e+00             147.417           4.509e+00     
 103.000         270.000           -2.468e+00          -5.850e+00              29.920          -5.137e+00             147.064           4.342e+00     
 102.000         270.000           -2.841e+00          -6.140e+00              30.250          -5.580e+00             146.690           4.199e+00     
 101.000         270.000           -3.268e+00          -6.528e+00              30.534          -6.043e+00             146.294           4.075e+00     
 100.000         270.000           -3.754e+00          -7.024e+00              30.776          -6.519e+00             145.878           3.968e+00     
  99.000         270.000           -4.299e+00          -7.642e+00              30.978          -7.000e+00             145.444           3.884e+00     
  98.000         270.000           -4.905e+00          -8.402e+00              31.143          -7.478e+00             144.996           3.845e+00     
  97.000         270.000           -5.572e+00          -9.331e+00              31.269          -7.944e+00             144.543           3.900e+00     
  96.000         270.000           -6.293e+00          -1.047e+01              31.354          -8.385e+00             144.097           4.139e+00     
  95.000         270.000           -7.056e+00          -1.188e+01              31.391          -8.788e+00             143.672           4.701e+00     
  94.000         270.000           -7.834e+00          -1.368e+01              31.365          -9.142e+00             143.285           5.767e+00     
  93.000         270.000           -8.580e+00          -1.607e+01              31.236          -9.433e+00             142.957           7.584e+00     
  92.000         270.000           -9.221e+00          -1.950e+01              30.888          -9.649e+00             142.707           1.063e+01     
  91.000         270.000           -9.665e+00          -2.541e+01              29.735          -9.783e+00             142.551           1.637e+01     
  90.000         270.000           -9.826e+00          -5.267e+01             319.009          -9.826e+00             142.500           4.000e+01     
  89.000         270.000           -9.667e+00          -2.563e+01             214.537          -9.779e+00             142.558           1.631e+01     
  88.000         270.000           -9.225e+00          -1.961e+01             213.275          -9.642e+00             142.721           1.058e+01     
  87.000         270.000           -8.584e+00          -1.614e+01             212.811          -9.422e+00             142.976           7.537e+00     
  86.000         270.000           -7.838e+00          -1.374e+01             212.528          -9.127e+00             143.307           5.712e+00     
  85.000         270.000           -7.061e+00          -1.194e+01             212.304          -8.771e+00             143.694           4.639e+00     
  84.000         270.000           -6.298e+00          -1.052e+01             212.096          -8.365e+00             144.118           4.072e+00     
  83.000         270.000           -5.576e+00          -9.372e+00             211.885          -7.922e+00             144.561           3.832e+00     
  82.000         270.000           -4.910e+00          -8.441e+00             211.662          -7.454e+00             145.008           3.780e+00     
  81.000         270.000           -4.303e+00          -7.680e+00             211.419          -6.975e+00             145.448           3.824e+00     
  80.000         270.000           -3.757e+00          -7.061e+00             211.151          -6.492e+00             145.873           3.914e+00     
  79.000         270.000           -3.271e+00          -6.565e+00             210.853          -6.015e+00             146.279           4.028e+00     
  78.000         270.000           -2.843e+00          -6.177e+00             210.519          -5.552e+00             146.663           4.159e+00     
  77.000         270.000           -2.470e+00          -5.887e+00             210.144          -5.108e+00             147.024           4.310e+00     
  76.000         270.000           -2.150e+00          -5.689e+00             209.722          -4.688e+00             147.364           4.486e+00     
  75.000         270.000           -1.879e+00          -5.577e+00             209.244          -4.296e+00             147.684           4.694e+00     
  74.000         270.000           -1.657e+00          -5.548e+00             208.702          -3.935e+00             147.986           4.943e+00     
  73.000         270.000           -1.481e+00          -5.601e+00             208.083          -3.608e+00             148.273           5.239e+00     
  72.000         270.000           -1.349e+00          -5.734e+00             207.373          -3.317e+00             148.552           5.591e+00     
  71.000         270.000           -1.260e+00          -5.950e+00             206.552          -3.062e+00             148.819           6.004e+00     
  70.000         270.000           -1.213e+00          -6.250e+00             205.596          -2.846e+00             149.080           6.489e+00     
  69.000         270.000           -1.206e+00          -6.639e+00             204.471          -2.670e+00             149.340           7.054e+00     
  68.000         270.000           -1.239e+00          -7.123e+00             203.131          -2.535e+00             149.601           7.714e+00     
  67.000         270.000           -1.311e+00          -7.708e+00             201.514          -2.442e+00             149.869           8.489e+00     
  66.000         270.000           -1.421e+00          -8.405e+00             199.530          -2.392e+00             150.148           9.406e+00     
  65.000         270.000           -1.569e+00          -9.226e+00             197.048          -2.386e+00             150.441           1.051e+01     
  64.000         270.000           -1.754e+00          -1.019e+01             193.868          -2.426e+00             150.755           1.186e+01     
  63.000         270.000           -1.974e+00          -1.130e+01             189.685          -2.513e+00             151.096           1.360e+01     
  62.000         270.000           -2.229e+00          -1.258e+01             184.008          -2.650e+00             151.471           1.594e+01     
  61.000         270.000           -2.518e+00          -1.401e+01             176.068          -2.838e+00             151.889           1.946e+01     
  60.000         270.000           -2.838e+00          -1.548e+01             164.749          -3.080e+00             152.361           2.624e+01     
  59.000         270.000           -3.185e+00          -1.674e+01             148.968          -3.381e+00             152.899           3.703e+01     
  58.000         270.000           -3.555e+00          -1.728e+01             129.300          -3.743e+00             153.522           2.159e+01     
  57.000         270.000           -3.941e+00          -1.679e+01             109.478          -4.172e+00             154.252           1.591e+01     
  56.000         270.000           -4.335e+00          -1.556e+01              93.389          -4.676e+00             155.117           1.215e+01     
  55.000         270.000           -4.724e+00          -1.407e+01              81.800          -5.261e+00             156.159           9.228e+00     
  54.000         270.000           -5.093e+00          -1.261e+01              73.671          -5.938e+00             157.433           6.756e+00     
  53.000         270.000           -5.423e+00          -1.130e+01              67.864          -6.721e+00             159.023           4.583e+00     
  52.000         270.000           -5.694e+00          -1.014e+01              63.594          -7.626e+00             161.043           2.766e+00     
  51.000         270.000           -5.887e+00          -9.131e+00              60.352          -8.675e+00             163.683           2.091e+00     
  50.000         270.000           -5.983e+00          -8.249e+00              57.823          -9.892e+00             167.240           3.438e+00     
  49.000         270.000           -5.974e+00          -7.479e+00              55.802          -1.131e+01             172.216           5.744e+00     
  48.000         270.000           -5.859e+00          -6.808e+00              54.154          -1.293e+01             179.478           8.685e+00     
  47.000         270.000           -5.646e+00          -6.222e+00              52.789          -1.471e+01             190.493           1.261e+01     
  46.000         270.000           -5.352e+00          -5.712e+00              51.641          -1.635e+01             207.232           1.892e+01     
  45.000         270.000           -4.996e+00          -5.268e+00              50.666          -1.715e+01             229.928           4.000e+01     
  44.000         270.000           -4.596e+00          -4.885e+00              49.829          -1.651e+01             253.207           2.015e+01     
  43.000         270.000           -4.172e+00          -4.557e+00              49.104          -1.489e+01             270.952           1.430e+01     
  42.000         270.000           -3.737e+00          -4.277e+00              48.474          -1.306e+01             282.709           1.101e+01     
  41.000         270.000           -3.302e+00          -4.043e+00              47.924          -1.135e+01             290.416           8.738e+00     
  40.000         270.000           -2.875e+00          -3.850e+00              47.442          -9.843e+00             295.648           7.010e+00     
  39.000         270.000           -2.463e+00          -3.696e+00              47.020          -8.534e+00             299.350           5.619e+00     
  38.000         270.000           -2.068e+00          -3.577e+00              46.651          -7.392e+00             302.065           4.458e+00     
  37.000         270.000           -1.693e+00          -3.491e+00              46.329          -6.390e+00             304.117           3.466e+00     
  36.000         270.000           -1.339e+00          -3.437e+00              46.050          -5.505e+00             305.704           2.610e+00     
  35.000         270.000           -1.006e+00          -3.412e+00              45.811          -4.718e+00             306.954           1.881e+00     
  34.000         270.000           -6.945e-01          -3.415e+00              45.610          -4.016e+00             307.952           1.311e+00     
  33.000         270.000           -4.038e-01          -3.444e+00              45.445          -3.385e+00             308.757           1.018e+00     
  32.000         270.000           -1.331e-01          -3.498e+00              45.315          -2.816e+00             309.410           1.127e+00     
  31.000         270.000            1.183e-01          -3.575e+00              45.219          -2.302e+00             309.942           1.506e+00     
  30.000         270.000            3.514e-01          -3.675e+00              45.159          -1.836e+00             310.376           1.979e+00     
  29.000         270.000            5.671e-01          -3.797e+00              45.133          -1.413e+00             310.727           2.479e+00     
  28.000         270.000            7.665e-01          -3.940e+00              45.143          -1.027e+00             311.010           2.981e+00     
  27.000         270.000            9.505e-01          -4.102e+00              45.190          -6.764e-01             311.234           3.480e+00     
  26.000         270.000            1.120e+00          -4.284e+00              45.277          -3.559e-01             311.408           3.974e+00     
  25.000         270.000            1.276e+00          -4.484e+00              45.405          -6.335e-02             311.536           4.463e+00     
  24.000         270.000            1.420e+00          -4.702e+00              45.578           2.040e-01             311.625           4.946e+00     
  23.000         270.000            1.552e+00          -4.938e+00              45.799           4.485e-01             311.679           5.427e+00     
  22.000         270.000            1.673e+00          -5.190e+00              46.073           6.723e-01             311.700           5.905e+00     
  21.000         270.000            1.785e+00          -5.459e+00              46.404           8.771e-01             311.691           6.383e+00     
  20.000         270.000            1.887e+00          -5.744e+00              46.797           1.065e+00             311.655           6.862e+00     
  19.000         270.000            1.981e+00          -6.045e+00              47.261           1.236e+00             311.593           7.343e+00     
  18.000         270.000            2.067e+00          -6.360e+00              47.801           1.394e+00             311.506           7.828e+00     
  17.000         270.000            2.146e+00          -6.691e+00              48.427           1.538e+00             311.395           8.318e+00     
  16.000         270.000            2.219e+00          -7.036e+00              49.149           1.670e+00             311.262           8.814e+00     
  15.000         270.000            2.286e+00          -7.395e+00              49.977           1.792e+00             311.107           9.319e+00     
  14.000         270.000            2.348e+00          -7.767e+00              50.926           1.903e+00             310.931           9.834e+00     
  13.000         270.000            2.405e+00          -8.151e+00              52.010           2.006e+00             310.733           1.036e+01     
  12.000         270.000            2.459e+00          -8.547e+00              53.245           2.100e+00             310.515           1.090e+01     
  11.000         270.000            2.508e+00          -8.954e+00              54.650           2.186e+00             310.277           1.146e+01     
  10.000         270.000            2.554e+00          -9.368e+00              56.246           2.266e+00             310.018           1.204e+01     
   9.000         270.000            2.597e+00          -9.789e+00              58.056           2.339e+00             309.739           1.264e+01     
   8.000         270.000            2.638e+00          -1.021e+01              60.103           2.407e+00             309.440           1.326e+01     
   7.000         270.000            2.677e+00          -1.064e+01              62.413           2.470e+00             309.121           1.391e+01     
   6.000         270.000            2.713e+00          -1.106e+01              65.009           2.527e+00             308.783           1.460e+01     
   5.000         270.000            2.748e+00          -1.146e+01              67.915           2.581e+00             308.425           1.533e+01     
   4.000         270.000            2.782e+00          -1.185e+01              71.148           2.630e+00             308.048           1.611e+01     
   3.000         270.000            2.814e+00          -1.221e+01              74.715           2.675e+00             307.651           1.695e+01     
   2.000         270.000            2.845e+00          -1.253e+01              78.613           2.717e+00             307.236           1.786e+01     
   1.000         270.000            2.875e+00          -1.280e+01              82.818           2.756e+00             306.801           1.885e+01     
