Theta [deg.]  Phi   [deg.]  Abs(Grlz)[dBi   ]   Abs(Theta)[dBi   ]  Phase(Theta)[deg.]  Abs(Phi  )[dBi   ]  Phase(Phi  )[deg.]  Ax.Ratio[dB    ]    
------------------------------------------------------------------------------------------------------------------------------------------------------
   0.000          90.000           -1.140e-01          -1.165e+01             304.266          -4.299e-01              91.175           1.694e+01     
   1.000          90.000           -1.275e-01          -1.165e+01             306.398          -4.447e-01              90.629           1.630e+01     
   2.000          90.000           -1.475e-01          -1.164e+01             308.494          -4.673e-01              90.021           1.570e+01     
   3.000          90.000           -1.738e-01          -1.161e+01             310.542          -4.975e-01              89.352           1.513e+01     
   4.000          90.000           -2.066e-01          -1.158e+01             312.527          -5.352e-01              88.620           1.458e+01     
   5.000          90.000           -2.456e-01          -1.154e+01             314.438          -5.804e-01              87.824           1.407e+01     
   6.000          90.000           -2.910e-01          -1.150e+01             316.264          -6.329e-01              86.963           1.358e+01     
   7.000          90.000           -3.426e-01          -1.145e+01             317.997          -6.926e-01              86.035           1.312e+01     
   8.000          90.000           -4.004e-01          -1.141e+01             319.628          -7.595e-01              85.038           1.268e+01     
   9.000          90.000           -4.644e-01          -1.136e+01             321.152          -8.332e-01              83.969           1.227e+01     
  10.000          90.000           -5.345e-01          -1.131e+01             322.562          -9.136e-01              82.828           1.188e+01     
  11.000          90.000           -6.105e-01          -1.127e+01             323.855          -1.000e+00              81.611           1.152e+01     
  12.000          90.000           -6.925e-01          -1.124e+01             325.027          -1.093e+00              80.315           1.118e+01     
  13.000          90.000           -7.802e-01          -1.121e+01             326.074          -1.192e+00              78.938           1.087e+01     
  14.000          90.000           -8.735e-01          -1.120e+01             326.995          -1.297e+00              77.477           1.059e+01     
  15.000          90.000           -9.721e-01          -1.119e+01             327.786          -1.406e+00              75.929           1.033e+01     
  16.000          90.000           -1.076e+00          -1.121e+01             328.444          -1.519e+00              74.291           1.010e+01     
  17.000          90.000           -1.184e+00          -1.124e+01             328.966          -1.636e+00              72.560           9.904e+00     
  18.000          90.000           -1.297e+00          -1.128e+01             329.346          -1.756e+00              70.734           9.741e+00     
  19.000          90.000           -1.414e+00          -1.135e+01             329.579          -1.878e+00              68.810           9.613e+00     
  20.000          90.000           -1.534e+00          -1.144e+01             329.658          -2.002e+00              66.786           9.524e+00     
  21.000          90.000           -1.656e+00          -1.156e+01             329.571          -2.125e+00              64.660           9.475e+00     
  22.000          90.000           -1.780e+00          -1.170e+01             329.308          -2.247e+00              62.433           9.469e+00     
  23.000          90.000           -1.905e+00          -1.187e+01             328.850          -2.366e+00              60.104           9.508e+00     
  24.000          90.000           -2.030e+00          -1.208e+01             328.178          -2.482e+00              57.676           9.595e+00     
  25.000          90.000           -2.153e+00          -1.232e+01             327.264          -2.593e+00              55.150           9.731e+00     
  26.000          90.000           -2.273e+00          -1.259e+01             326.074          -2.696e+00              52.532           9.917e+00     
  27.000          90.000           -2.388e+00          -1.291e+01             324.564          -2.792e+00              49.828           1.015e+01     
  28.000          90.000           -2.498e+00          -1.327e+01             322.676          -2.878e+00              47.045           1.044e+01     
  29.000          90.000           -2.599e+00          -1.367e+01             320.338          -2.953e+00              44.194           1.077e+01     
  30.000          90.000           -2.691e+00          -1.411e+01             317.458          -3.016e+00              41.286           1.115e+01     
  31.000          90.000           -2.770e+00          -1.458e+01             313.922          -3.066e+00              38.334           1.156e+01     
  32.000          90.000           -2.836e+00          -1.508e+01             309.592          -3.103e+00              35.352           1.201e+01     
  33.000          90.000           -2.887e+00          -1.559e+01             304.313          -3.126e+00              32.356           1.247e+01     
  34.000          90.000           -2.920e+00          -1.607e+01             297.939          -3.136e+00              29.362           1.294e+01     
  35.000          90.000           -2.936e+00          -1.648e+01             290.377          -3.132e+00              26.385           1.340e+01     
  36.000          90.000           -2.932e+00          -1.674e+01             281.675          -3.117e+00              23.442           1.383e+01     
  37.000          90.000           -2.909e+00          -1.680e+01             272.102          -3.090e+00              20.547           1.421e+01     
  38.000          90.000           -2.865e+00          -1.660e+01             262.161          -3.053e+00              17.714           1.452e+01     
  39.000          90.000           -2.803e+00          -1.615e+01             252.472          -3.008e+00              14.954           1.475e+01     
  40.000          90.000           -2.722e+00          -1.549e+01             243.561          -2.958e+00              12.279           1.488e+01     
  41.000          90.000           -2.623e+00          -1.468e+01             235.729          -2.903e+00               9.697           1.491e+01     
  42.000          90.000           -2.509e+00          -1.378e+01             229.042          -2.846e+00               7.214           1.485e+01     
  43.000          90.000           -2.382e+00          -1.286e+01             223.419          -2.789e+00               4.837           1.470e+01     
  44.000          90.000           -2.243e+00          -1.194e+01             218.722          -2.735e+00               2.567           1.447e+01     
  45.000          90.000           -2.095e+00          -1.105e+01             214.791          -2.686e+00               0.408           1.419e+01     
  46.000          90.000           -1.940e+00          -1.020e+01             211.484          -2.642e+00             358.362           1.386e+01     
  47.000          90.000           -1.781e+00          -9.397e+00             208.681          -2.607e+00             356.427           1.352e+01     
  48.000          90.000           -1.621e+00          -8.639e+00             206.288          -2.583e+00             354.605           1.316e+01     
  49.000          90.000           -1.460e+00          -7.929e+00             204.227          -2.570e+00             352.893           1.282e+01     
  50.000          90.000           -1.302e+00          -7.265e+00             202.438          -2.571e+00             351.290           1.248e+01     
  51.000          90.000           -1.148e+00          -6.646e+00             200.873          -2.587e+00             349.796           1.217e+01     
  52.000          90.000           -1.000e+00          -6.070e+00             199.494          -2.619e+00             348.408           1.189e+01     
  53.000          90.000           -8.603e-01          -5.536e+00             198.270          -2.670e+00             347.126           1.164e+01     
  54.000          90.000           -7.300e-01          -5.042e+00             197.178          -2.740e+00             345.947           1.142e+01     
  55.000          90.000           -6.105e-01          -4.587e+00             196.197          -2.831e+00             344.872           1.125e+01     
  56.000          90.000           -5.032e-01          -4.169e+00             195.312          -2.944e+00             343.900           1.112e+01     
  57.000          90.000           -4.095e-01          -3.788e+00             194.510          -3.080e+00             343.032           1.103e+01     
  58.000          90.000           -3.303e-01          -3.442e+00             193.779          -3.241e+00             342.268           1.099e+01     
  59.000          90.000           -2.670e-01          -3.132e+00             193.110          -3.428e+00             341.610           1.100e+01     
  60.000          90.000           -2.205e-01          -2.855e+00             192.497          -3.642e+00             341.062           1.105e+01     
  61.000          90.000           -1.919e-01          -2.613e+00             191.933          -3.885e+00             340.627           1.116e+01     
  62.000          90.000           -1.823e-01          -2.404e+00             191.412          -4.157e+00             340.311           1.131e+01     
  63.000          90.000           -1.927e-01          -2.229e+00             190.930          -4.460e+00             340.120           1.152e+01     
  64.000          90.000           -2.241e-01          -2.088e+00             190.484          -4.796e+00             340.064           1.179e+01     
  65.000          90.000           -2.778e-01          -1.982e+00             190.069          -5.165e+00             340.153           1.212e+01     
  66.000          90.000           -3.549e-01          -1.910e+00             189.683          -5.570e+00             340.401           1.251e+01     
  67.000          90.000           -4.566e-01          -1.873e+00             189.323          -6.011e+00             340.826           1.297e+01     
  68.000          90.000           -5.844e-01          -1.873e+00             188.988          -6.490e+00             341.448           1.352e+01     
  69.000          90.000           -7.396e-01          -1.910e+00             188.676          -7.006e+00             342.294           1.416e+01     
  70.000          90.000           -9.242e-01          -1.986e+00             188.384          -7.562e+00             343.392           1.491e+01     
  71.000          90.000           -1.140e+00          -2.102e+00             188.112          -8.156e+00             344.780           1.580e+01     
  72.000          90.000           -1.389e+00          -2.262e+00             187.857          -8.786e+00             346.501           1.687e+01     
  73.000          90.000           -1.673e+00          -2.466e+00             187.620          -9.451e+00             348.608           1.818e+01     
  74.000          90.000           -1.996e+00          -2.718e+00             187.398          -1.014e+01             351.155           1.985e+01     
  75.000          90.000           -2.361e+00          -3.023e+00             187.191          -1.086e+01             354.205           2.207e+01     
  76.000          90.000           -2.771e+00          -3.383e+00             186.998          -1.158e+01             357.814           2.534e+01     
  77.000          90.000           -3.231e+00          -3.806e+00             186.818          -1.229e+01               2.026           3.119e+01     
  78.000          90.000           -3.745e+00          -4.298e+00             186.650          -1.297e+01               6.852           4.000e+01     
  79.000          90.000           -4.321e+00          -4.868e+00             186.493          -1.359e+01              12.251           2.978e+01     
  80.000          90.000           -4.965e+00          -5.527e+00             186.346          -1.412e+01              18.108           2.349e+01     
  81.000          90.000           -5.686e+00          -6.292e+00             186.207          -1.454e+01              24.227           1.956e+01     
  82.000          90.000           -6.494e+00          -7.182e+00             186.074          -1.484e+01              30.350           1.656e+01     
  83.000          90.000           -7.401e+00          -8.227e+00             185.945          -1.501e+01              36.199           1.406e+01     
  84.000          90.000           -8.418e+00          -9.471e+00             185.813          -1.509e+01              41.525           1.185e+01     
  85.000          90.000           -9.554e+00          -1.098e+01             185.672          -1.509e+01              46.144           9.857e+00     
  86.000          90.000           -1.081e+01          -1.287e+01             185.504          -1.504e+01              49.950           8.146e+00     
  87.000          90.000           -1.215e+01          -1.535e+01             185.270          -1.497e+01              52.896           7.117e+00     
  88.000          90.000           -1.345e+01          -1.890e+01             184.852          -1.491e+01              54.974           7.902e+00     
  89.000          90.000           -1.447e+01          -2.512e+01             183.631          -1.486e+01              56.195           1.258e+01     
  90.000          90.000           -1.484e+01          -4.851e+01              43.184          -1.484e+01              56.572           4.000e+01     
  91.000          90.000           -1.438e+01          -2.424e+01               8.085          -1.485e+01              56.111           1.243e+01     
  92.000          90.000           -1.330e+01          -1.846e+01               7.067          -1.488e+01              54.810           8.102e+00     
  93.000          90.000           -1.198e+01          -1.505e+01               6.736          -1.493e+01              52.659           7.461e+00     
  94.000          90.000           -1.065e+01          -1.265e+01               6.593          -1.498e+01              49.653           8.496e+00     
  95.000          90.000           -9.409e+00          -1.081e+01               6.532          -1.501e+01              45.807           1.017e+01     
  96.000          90.000           -8.286e+00          -9.329e+00               6.518          -1.499e+01              41.174           1.214e+01     
  97.000          90.000           -7.281e+00          -8.107e+00               6.538          -1.490e+01              35.867           1.433e+01     
  98.000          90.000           -6.386e+00          -7.078e+00               6.581          -1.470e+01              30.071           1.682e+01     
  99.000          90.000           -5.588e+00          -6.201e+00               6.646          -1.439e+01              24.029           1.982e+01     
 100.000          90.000           -4.876e+00          -5.448e+00               6.729          -1.397e+01              18.010           2.380e+01     
 101.000          90.000           -4.240e+00          -4.797e+00               6.829          -1.343e+01              12.258           3.022e+01     
 102.000          90.000           -3.671e+00          -4.235e+00               6.946          -1.281e+01               6.958           4.000e+01     
 103.000          90.000           -3.162e+00          -3.750e+00               7.079          -1.214e+01               2.218           3.100e+01     
 104.000          90.000           -2.708e+00          -3.333e+00               7.227          -1.143e+01             358.074           2.529e+01     
 105.000          90.000           -2.302e+00          -2.977e+00               7.392          -1.072e+01             354.517           2.208e+01     
 106.000          90.000           -1.942e+00          -2.678e+00               7.573          -1.001e+01             351.503           1.988e+01     
 107.000          90.000           -1.623e+00          -2.430e+00               7.770          -9.328e+00             348.979           1.822e+01     
 108.000          90.000           -1.341e+00          -2.230e+00               7.985          -8.671e+00             346.887           1.692e+01     
 109.000          90.000           -1.096e+00          -2.074e+00               8.219          -8.047e+00             345.173           1.585e+01     
 110.000          90.000           -8.826e-01          -1.961e+00               8.471          -7.459e+00             343.786           1.497e+01     
 111.000          90.000           -7.006e-01          -1.889e+00               8.744          -6.909e+00             342.686           1.422e+01     
 112.000          90.000           -5.475e-01          -1.855e+00               9.038          -6.398e+00             341.835           1.358e+01     
 113.000          90.000           -4.217e-01          -1.859e+00               9.355          -5.924e+00             341.205           1.304e+01     
 114.000          90.000           -3.218e-01          -1.898e+00               9.697          -5.487e+00             340.772           1.258e+01     
 115.000          90.000           -2.463e-01          -1.973e+00              10.066          -5.086e+00             340.513           1.220e+01     
 116.000          90.000           -1.941e-01          -2.083e+00              10.464          -4.720e+00             340.413           1.188e+01     
 117.000          90.000           -1.639e-01          -2.227e+00              10.893          -4.387e+00             340.459           1.161e+01     
 118.000          90.000           -1.547e-01          -2.405e+00              11.358          -4.086e+00             340.638           1.141e+01     
 119.000          90.000           -1.653e-01          -2.617e+00              11.862          -3.817e+00             340.943           1.126e+01     
 120.000          90.000           -1.947e-01          -2.863e+00              12.409          -3.576e+00             341.366           1.116e+01     
 121.000          90.000           -2.419e-01          -3.143e+00              13.004          -3.365e+00             341.903           1.111e+01     
 122.000          90.000           -3.059e-01          -3.457e+00              13.655          -3.180e+00             342.549           1.111e+01     
 123.000          90.000           -3.855e-01          -3.807e+00              14.367          -3.020e+00             343.301           1.116e+01     
 124.000          90.000           -4.796e-01          -4.192e+00              15.151          -2.885e+00             344.158           1.126e+01     
 125.000          90.000           -5.871e-01          -4.614e+00              16.017          -2.774e+00             345.119           1.139e+01     
 126.000          90.000           -7.067e-01          -5.074e+00              16.978          -2.684e+00             346.182           1.158e+01     
 127.000          90.000           -8.371e-01          -5.574e+00              18.050          -2.615e+00             347.350           1.180e+01     
 128.000          90.000           -9.769e-01          -6.114e+00              19.254          -2.566e+00             348.621           1.206e+01     
 129.000          90.000           -1.125e+00          -6.696e+00              20.613          -2.534e+00             349.998           1.235e+01     
 130.000          90.000           -1.278e+00          -7.323e+00              22.158          -2.520e+00             351.481           1.267e+01     
 131.000          90.000           -1.436e+00          -7.996e+00              23.929          -2.520e+00             353.072           1.302e+01     
 132.000          90.000           -1.596e+00          -8.716e+00              25.973          -2.534e+00             354.773           1.338e+01     
 133.000          90.000           -1.757e+00          -9.486e+00              28.353          -2.559e+00             356.585           1.374e+01     
 134.000          90.000           -1.915e+00          -1.030e+01              31.149          -2.595e+00             358.509           1.410e+01     
 135.000          90.000           -2.070e+00          -1.117e+01              34.461          -2.640e+00               0.544           1.443e+01     
 136.000          90.000           -2.217e+00          -1.208e+01              38.413          -2.691e+00               2.692           1.472e+01     
 137.000          90.000           -2.356e+00          -1.301e+01              43.157          -2.746e+00               4.951           1.495e+01     
 138.000          90.000           -2.483e+00          -1.396e+01              48.867          -2.804e+00               7.318           1.510e+01     
 139.000          90.000           -2.597e+00          -1.488e+01              55.690          -2.861e+00               9.791           1.516e+01     
 140.000          90.000           -2.695e+00          -1.571e+01              63.722          -2.917e+00              12.364           1.512e+01     
 141.000          90.000           -2.776e+00          -1.638e+01              72.890          -2.969e+00              15.030           1.497e+01     
 142.000          90.000           -2.839e+00          -1.683e+01              82.865          -3.015e+00              17.780           1.473e+01     
 143.000          90.000           -2.882e+00          -1.700e+01              93.069          -3.053e+00              20.605           1.440e+01     
 144.000          90.000           -2.906e+00          -1.692e+01             102.835          -3.082e+00              23.493           1.400e+01     
 145.000          90.000           -2.910e+00          -1.661e+01             111.641          -3.099e+00              26.429           1.355e+01     
 146.000          90.000           -2.895e+00          -1.618e+01             119.227          -3.104e+00              29.399           1.307e+01     
 147.000          90.000           -2.862e+00          -1.567e+01             125.573          -3.096e+00              32.388           1.258e+01     
 148.000          90.000           -2.812e+00          -1.514e+01             130.792          -3.074e+00              35.379           1.211e+01     
 149.000          90.000           -2.747e+00          -1.462e+01             135.051          -3.039e+00              38.357           1.165e+01     
 150.000          90.000           -2.668e+00          -1.413e+01             138.512          -2.990e+00              41.307           1.122e+01     
 151.000          90.000           -2.577e+00          -1.368e+01             141.318          -2.928e+00              44.213           1.083e+01     
 152.000          90.000           -2.477e+00          -1.327e+01             143.588          -2.854e+00              47.062           1.048e+01     
 153.000          90.000           -2.368e+00          -1.291e+01             145.413          -2.770e+00              49.844           1.019e+01     
 154.000          90.000           -2.253e+00          -1.259e+01             146.866          -2.675e+00              52.548           9.943e+00     
 155.000          90.000           -2.134e+00          -1.231e+01             148.004          -2.573e+00              55.166           9.749e+00     
 156.000          90.000           -2.012e+00          -1.207e+01             148.871          -2.463e+00              57.692           9.606e+00     
 157.000          90.000           -1.888e+00          -1.186e+01             149.500          -2.348e+00              60.121           9.512e+00     
 158.000          90.000           -1.763e+00          -1.169e+01             149.918          -2.230e+00              62.450           9.467e+00     
 159.000          90.000           -1.640e+00          -1.154e+01             150.146          -2.108e+00              64.678           9.467e+00     
 160.000          90.000           -1.518e+00          -1.142e+01             150.199          -1.986e+00              66.804           9.512e+00     
 161.000          90.000           -1.398e+00          -1.133e+01             150.090          -1.863e+00              68.829           9.597e+00     
 162.000          90.000           -1.282e+00          -1.126e+01             149.828          -1.742e+00              70.755           9.721e+00     
 163.000          90.000           -1.170e+00          -1.122e+01             149.421          -1.622e+00              72.582           9.881e+00     
 164.000          90.000           -1.062e+00          -1.119e+01             148.875          -1.505e+00              74.313           1.007e+01     
 165.000          90.000           -9.582e-01          -1.118e+01             148.194          -1.392e+00              75.952           1.030e+01     
 166.000          90.000           -8.599e-01          -1.118e+01             147.381          -1.284e+00              77.500           1.056e+01     
 167.000          90.000           -7.668e-01          -1.119e+01             146.439          -1.180e+00              78.961           1.084e+01     
 168.000          90.000           -6.794e-01          -1.122e+01             145.372          -1.081e+00              80.338           1.115e+01     
 169.000          90.000           -5.976e-01          -1.125e+01             144.183          -9.884e-01              81.634           1.148e+01     
 170.000          90.000           -5.217e-01          -1.129e+01             142.873          -9.018e-01              82.851           1.184e+01     
 171.000          90.000           -4.518e-01          -1.133e+01             141.447          -8.217e-01              83.992           1.223e+01     
 172.000          90.000           -3.879e-01          -1.138e+01             139.908          -7.481e-01              85.060           1.264e+01     
 173.000          90.000           -3.302e-01          -1.143e+01             138.264          -6.815e-01              86.056           1.307e+01     
 174.000          90.000           -2.786e-01          -1.147e+01             136.519          -6.220e-01              86.983           1.353e+01     
 175.000          90.000           -2.334e-01          -1.151e+01             134.681          -5.696e-01              87.843           1.402e+01     
 176.000          90.000           -1.943e-01          -1.155e+01             132.761          -5.247e-01              88.638           1.453e+01     
 177.000          90.000           -1.617e-01          -1.158e+01             130.768          -4.871e-01              89.368           1.507e+01     
 178.000          90.000           -1.353e-01          -1.160e+01             128.714          -4.571e-01              90.036           1.563e+01     
 179.000          90.000           -1.154e-01          -1.161e+01             126.612          -4.347e-01              90.641           1.623e+01     
 180.000          90.000           -1.018e-01          -1.161e+01             124.477          -4.200e-01              91.186           1.686e+01     
 179.000         270.000           -9.473e-02          -1.160e+01             302.323          -4.130e-01             271.669           1.753e+01     
 178.000         270.000           -9.415e-02          -1.158e+01             300.164          -4.138e-01             272.093           1.823e+01     
 177.000         270.000           -1.001e-01          -1.155e+01             298.015          -4.225e-01             272.457           1.897e+01     
 176.000         270.000           -1.127e-01          -1.152e+01             295.892          -4.391e-01             272.760           1.975e+01     
 175.000         270.000           -1.319e-01          -1.147e+01             293.806          -4.636e-01             273.003           2.058e+01     
 174.000         270.000           -1.578e-01          -1.141e+01             291.772          -4.960e-01             273.185           2.146e+01     
 173.000         270.000           -1.906e-01          -1.135e+01             289.799          -5.365e-01             273.306           2.239e+01     
 172.000         270.000           -2.301e-01          -1.128e+01             287.898          -5.849e-01             273.364           2.338e+01     
 171.000         270.000           -2.766e-01          -1.122e+01             286.077          -6.414e-01             273.358           2.442e+01     
 170.000         270.000           -3.301e-01          -1.115e+01             284.343          -7.059e-01             273.288           2.551e+01     
 169.000         270.000           -3.907e-01          -1.108e+01             282.701          -7.784e-01             273.151           2.666e+01     
 168.000         270.000           -4.585e-01          -1.101e+01             281.156          -8.588e-01             272.946           2.784e+01     
 167.000         270.000           -5.335e-01          -1.095e+01             279.711          -9.471e-01             272.670           2.905e+01     
 166.000         270.000           -6.158e-01          -1.090e+01             278.369          -1.043e+00             272.322           3.025e+01     
 165.000         270.000           -7.055e-01          -1.085e+01             277.131          -1.147e+00             271.900           3.139e+01     
 164.000         270.000           -8.027e-01          -1.082e+01             276.000          -1.258e+00             271.401           3.239e+01     
 163.000         270.000           -9.073e-01          -1.080e+01             274.976          -1.377e+00             270.822           3.316e+01     
 162.000         270.000           -1.019e+00          -1.080e+01             274.060          -1.503e+00             270.161           3.361e+01     
 161.000         270.000           -1.139e+00          -1.081e+01             273.256          -1.635e+00             269.415           3.364e+01     
 160.000         270.000           -1.266e+00          -1.084e+01             272.564          -1.774e+00             268.582           3.325e+01     
 159.000         270.000           -1.401e+00          -1.089e+01             271.988          -1.918e+00             267.658           3.245e+01     
 158.000         270.000           -1.542e+00          -1.097e+01             271.533          -2.068e+00             266.641           3.133e+01     
 157.000         270.000           -1.691e+00          -1.108e+01             271.205          -2.222e+00             265.530           3.001e+01     
 156.000         270.000           -1.847e+00          -1.121e+01             271.010          -2.381e+00             264.321           2.856e+01     
 155.000         270.000           -2.009e+00          -1.138e+01             270.960          -2.543e+00             263.014           2.707e+01     
 154.000         270.000           -2.177e+00          -1.158e+01             271.068          -2.706e+00             261.608           2.559e+01     
 153.000         270.000           -2.350e+00          -1.182e+01             271.354          -2.871e+00             260.103           2.415e+01     
 152.000         270.000           -2.529e+00          -1.210e+01             271.839          -3.037e+00             258.500           2.277e+01     
 151.000         270.000           -2.711e+00          -1.243e+01             272.557          -3.201e+00             256.801           2.147e+01     
 150.000         270.000           -2.896e+00          -1.281e+01             273.549          -3.363e+00             255.011           2.025e+01     
 149.000         270.000           -3.082e+00          -1.324e+01             274.873          -3.523e+00             253.133           1.912e+01     
 148.000         270.000           -3.269e+00          -1.374e+01             276.604          -3.677e+00             251.176           1.809e+01     
 147.000         270.000           -3.455e+00          -1.431e+01             278.848          -3.827e+00             249.146           1.716e+01     
 146.000         270.000           -3.637e+00          -1.495e+01             281.749          -3.971e+00             247.055           1.634e+01     
 145.000         270.000           -3.814e+00          -1.566e+01             285.503          -4.107e+00             244.913           1.564e+01     
 144.000         270.000           -3.982e+00          -1.643e+01             290.378          -4.237e+00             242.733           1.506e+01     
 143.000         270.000           -4.141e+00          -1.723e+01             296.714          -4.360e+00             240.530           1.463e+01     
 142.000         270.000           -4.287e+00          -1.802e+01             304.890          -4.475e+00             238.318           1.435e+01     
 141.000         270.000           -4.418e+00          -1.866e+01             315.173          -4.585e+00             236.112           1.425e+01     
 140.000         270.000           -4.531e+00          -1.902e+01             327.406          -4.689e+00             233.928           1.435e+01     
 139.000         270.000           -4.625e+00          -1.894e+01             340.696          -4.789e+00             231.780           1.467e+01     
 138.000         270.000           -4.697e+00          -1.840e+01             353.603          -4.886e+00             229.683           1.525e+01     
 137.000         270.000           -4.746e+00          -1.749e+01               4.919          -4.984e+00             227.651           1.614e+01     
 136.000         270.000           -4.772e+00          -1.637e+01              14.155          -5.083e+00             225.693           1.738e+01     
 135.000         270.000           -4.774e+00          -1.520e+01              21.440          -5.187e+00             223.823           1.912e+01     
 134.000         270.000           -4.753e+00          -1.403e+01              27.129          -5.298e+00             222.049           2.155e+01     
 133.000         270.000           -4.710e+00          -1.293e+01              31.591          -5.419e+00             220.380           2.522e+01     
 132.000         270.000           -4.647e+00          -1.189e+01              35.128          -5.554e+00             218.824           3.196e+01     
 131.000         270.000           -4.566e+00          -1.094e+01              37.968          -5.705e+00             217.387           4.000e+01     
 130.000         270.000           -4.470e+00          -1.005e+01              40.280          -5.875e+00             216.076           2.968e+01     
 129.000         270.000           -4.361e+00          -9.239e+00              42.185          -6.069e+00             214.897           2.449e+01     
 128.000         270.000           -4.243e+00          -8.492e+00              43.774          -6.291e+00             213.858           2.151e+01     
 127.000         270.000           -4.118e+00          -7.805e+00              45.113          -6.543e+00             212.967           1.955e+01     
 126.000         270.000           -3.989e+00          -7.175e+00              46.253          -6.831e+00             212.233           1.821e+01     
 125.000         270.000           -3.859e+00          -6.599e+00              47.232          -7.159e+00             211.669           1.731e+01     
 124.000         270.000           -3.731e+00          -6.072e+00              48.078          -7.532e+00             211.292           1.675e+01     
 123.000         270.000           -3.606e+00          -5.593e+00              48.816          -7.956e+00             211.125           1.649e+01     
 122.000         270.000           -3.486e+00          -5.159e+00              49.464          -8.439e+00             211.197           1.651e+01     
 121.000         270.000           -3.374e+00          -4.768e+00              50.035          -8.987e+00             211.551           1.681e+01     
 120.000         270.000           -3.271e+00          -4.418e+00              50.541          -9.611e+00             212.245           1.739e+01     
 119.000         270.000           -3.177e+00          -4.109e+00              50.993          -1.032e+01             213.364           1.832e+01     
 118.000         270.000           -3.096e+00          -3.839e+00              51.397          -1.113e+01             215.029           1.968e+01     
 117.000         270.000           -3.026e+00          -3.608e+00              51.761          -1.204e+01             217.422           2.166e+01     
 116.000         270.000           -2.970e+00          -3.416e+00              52.089          -1.308e+01             220.818           2.471e+01     
 115.000         270.000           -2.928e+00          -3.261e+00              52.386          -1.425e+01             225.636           3.024e+01     
 114.000         270.000           -2.901e+00          -3.145e+00              52.656          -1.552e+01             232.506           4.000e+01     
 113.000         270.000           -2.888e+00          -3.068e+00              52.902          -1.681e+01             242.286           2.985e+01     
 112.000         270.000           -2.891e+00          -3.030e+00              53.126          -1.792e+01             255.766           2.342e+01     
 111.000         270.000           -2.909e+00          -3.031e+00              53.332          -1.848e+01             272.636           1.956e+01     
 110.000         270.000           -2.943e+00          -3.074e+00              53.521          -1.820e+01             290.328           1.675e+01     
 109.000         270.000           -2.992e+00          -3.160e+00              53.695          -1.720e+01             305.605           1.451e+01     
 108.000         270.000           -3.056e+00          -3.290e+00              53.856          -1.586e+01             317.160           1.263e+01     
 107.000         270.000           -3.135e+00          -3.467e+00              54.005          -1.446e+01             325.454           1.100e+01     
 106.000         270.000           -3.228e+00          -3.694e+00              54.142          -1.316e+01             331.388           9.549e+00     
 105.000         270.000           -3.335e+00          -3.974e+00              54.271          -1.197e+01             335.703           8.236e+00     
 104.000         270.000           -3.454e+00          -4.311e+00              54.391          -1.092e+01             338.910           7.039e+00     
 103.000         270.000           -3.584e+00          -4.712e+00              54.504          -9.990e+00             341.343           5.947e+00     
 102.000         270.000           -3.723e+00          -5.182e+00              54.611          -9.169e+00             343.223           4.971e+00     
 101.000         270.000           -3.869e+00          -5.731e+00              54.714          -8.447e+00             344.698           4.153e+00     
 100.000         270.000           -4.021e+00          -6.369e+00              54.813          -7.813e+00             345.868           3.585e+00     
  99.000         270.000           -4.175e+00          -7.111e+00              54.912          -7.260e+00             346.804           3.406e+00     
  98.000         270.000           -4.328e+00          -7.979e+00              55.013          -6.780e+00             347.557           3.719e+00     
  97.000         270.000           -4.476e+00          -8.998e+00              55.119          -6.367e+00             348.164           4.496e+00     
  96.000         270.000           -4.616e+00          -1.021e+01              55.238          -6.017e+00             348.651           5.652e+00     
  95.000         270.000           -4.744e+00          -1.168e+01              55.381          -5.726e+00             349.038           7.154e+00     
  94.000         270.000           -4.856e+00          -1.352e+01              55.571          -5.491e+00             349.341           9.049e+00     
  93.000         270.000           -4.948e+00          -1.592e+01              55.860          -5.310e+00             349.570           1.150e+01     
  92.000         270.000           -5.017e+00          -1.931e+01              56.401          -5.182e+00             349.732           1.493e+01     
  91.000         270.000           -5.060e+00          -2.507e+01              57.927          -5.104e+00             349.833           2.063e+01     
  90.000         270.000           -5.077e+00          -4.751e+01             100.928          -5.077e+00             349.877           4.000e+01     
  89.000         270.000           -5.065e+00          -2.602e+01             231.326          -5.100e+00             349.864           2.206e+01     
  88.000         270.000           -5.026e+00          -1.979e+01             233.114          -5.173e+00             349.794           1.566e+01     
  87.000         270.000           -4.961e+00          -1.623e+01             233.679          -5.297e+00             349.663           1.200e+01     
  86.000         270.000           -4.872e+00          -1.376e+01             233.946          -5.474e+00             349.468           9.441e+00     
  85.000         270.000           -4.763e+00          -1.187e+01             234.092          -5.704e+00             349.202           7.483e+00     
  84.000         270.000           -4.638e+00          -1.037e+01             234.175          -5.990e+00             348.853           5.942e+00     
  83.000         270.000           -4.500e+00          -9.129e+00             234.219          -6.334e+00             348.409           4.753e+00     
  82.000         270.000           -4.354e+00          -8.092e+00             234.237          -6.741e+00             347.850           3.939e+00     
  81.000         270.000           -4.203e+00          -7.211e+00             234.235          -7.215e+00             347.151           3.571e+00     
  80.000         270.000           -4.050e+00          -6.456e+00             234.216          -7.762e+00             346.279           3.682e+00     
  79.000         270.000           -3.899e+00          -5.809e+00             234.183          -8.388e+00             345.184           4.192e+00     
  78.000         270.000           -3.753e+00          -5.252e+00             234.138          -9.102e+00             343.802           4.966e+00     
  77.000         270.000           -3.614e+00          -4.775e+00             234.080          -9.914e+00             342.036           5.911e+00     
  76.000         270.000           -3.485e+00          -4.368e+00             234.011          -1.084e+01             339.748           6.979e+00     
  75.000         270.000           -3.366e+00          -4.025e+00             233.930          -1.188e+01             336.732           8.156e+00     
  74.000         270.000           -3.259e+00          -3.740e+00             233.838          -1.306e+01             332.670           9.448e+00     
  73.000         270.000           -3.166e+00          -3.509e+00             233.733          -1.437e+01             327.077           1.088e+01     
  72.000         270.000           -3.088e+00          -3.328e+00             233.615          -1.578e+01             319.226           1.248e+01     
  71.000         270.000           -3.023e+00          -3.194e+00             233.483          -1.718e+01             308.174           1.432e+01     
  70.000         270.000           -2.975e+00          -3.104e+00             233.336          -1.829e+01             293.251           1.651e+01     
  69.000         270.000           -2.942e+00          -3.058e+00             233.174          -1.872e+01             275.415           1.924e+01     
  68.000         270.000           -2.924e+00          -3.053e+00             232.994          -1.826e+01             257.889           2.294e+01     
  67.000         270.000           -2.922e+00          -3.088e+00             232.794          -1.718e+01             243.674           2.889e+01     
  66.000         270.000           -2.935e+00          -3.163e+00             232.573          -1.586e+01             233.350           4.000e+01     
  65.000         270.000           -2.964e+00          -3.276e+00             232.329          -1.456e+01             226.138           3.124e+01     
  64.000         270.000           -3.007e+00          -3.427e+00             232.057          -1.336e+01             221.117           2.518e+01     
  63.000         270.000           -3.065e+00          -3.617e+00             231.755          -1.229e+01             217.601           2.196e+01     
  62.000         270.000           -3.136e+00          -3.845e+00             231.418          -1.135e+01             215.137           1.988e+01     
  61.000         270.000           -3.219e+00          -4.112e+00             231.042          -1.053e+01             213.432           1.846e+01     
  60.000         270.000           -3.315e+00          -4.419e+00             230.620          -9.802e+00             212.292           1.749e+01     
  59.000         270.000           -3.420e+00          -4.765e+00             230.145          -9.165e+00             211.589           1.686e+01     
  58.000         270.000           -3.535e+00          -5.154e+00             229.607          -8.605e+00             211.234           1.653e+01     
  57.000         270.000           -3.657e+00          -5.585e+00             228.997          -8.113e+00             211.166           1.647e+01     
  56.000         270.000           -3.785e+00          -6.061e+00             228.299          -7.680e+00             211.341           1.669e+01     
  55.000         270.000           -3.917e+00          -6.585e+00             227.497          -7.299e+00             211.728           1.720e+01     
  54.000         270.000           -4.050e+00          -7.159e+00             226.569          -6.964e+00             212.304           1.806e+01     
  53.000         270.000           -4.182e+00          -7.786e+00             225.486          -6.670e+00             213.052           1.933e+01     
  52.000         270.000           -4.310e+00          -8.470e+00             224.212          -6.412e+00             213.958           2.119e+01     
  51.000         270.000           -4.431e+00          -9.215e+00             222.699          -6.185e+00             215.012           2.398e+01     
  50.000         270.000           -4.542e+00          -1.003e+01             220.883          -5.986e+00             216.206           2.869e+01     
  49.000         270.000           -4.641e+00          -1.091e+01             218.677          -5.810e+00             217.533           4.000e+01     
  48.000         270.000           -4.724e+00          -1.187e+01             215.964          -5.654e+00             218.985           3.363e+01     
  47.000         270.000           -4.788e+00          -1.291e+01             212.578          -5.515e+00             220.557           2.598e+01     
  46.000         270.000           -4.832e+00          -1.402e+01             208.297          -5.389e+00             222.240           2.206e+01     
  45.000         270.000           -4.853e+00          -1.520e+01             202.815          -5.274e+00             224.028           1.950e+01     
  44.000         270.000           -4.851e+00          -1.641e+01             195.749          -5.165e+00             225.911           1.771e+01     
  43.000         270.000           -4.824e+00          -1.757e+01             186.699          -5.061e+00             227.879           1.642e+01     
  42.000         270.000           -4.773e+00          -1.856e+01             175.446          -4.959e+00             229.921           1.552e+01     
  41.000         270.000           -4.699e+00          -1.918e+01             162.380          -4.857e+00             232.026           1.492e+01     
  40.000         270.000           -4.603e+00          -1.932e+01             148.700          -4.752e+00             234.180           1.460e+01     
  39.000         270.000           -4.487e+00          -1.899e+01             135.978          -4.643e+00             236.369           1.450e+01     
  38.000         270.000           -4.352e+00          -1.833e+01             125.259          -4.530e+00             238.576           1.460e+01     
  37.000         270.000           -4.203e+00          -1.753e+01             116.765          -4.410e+00             240.789           1.488e+01     
  36.000         270.000           -4.040e+00          -1.669e+01             110.220          -4.283e+00             242.990           1.533e+01     
  35.000         270.000           -3.868e+00          -1.589e+01             105.215          -4.149e+00             245.165           1.592e+01     
  34.000         270.000           -3.688e+00          -1.516e+01             101.384          -4.008e+00             247.302           1.664e+01     
  33.000         270.000           -3.502e+00          -1.450e+01              98.439          -3.861e+00             249.386           1.748e+01     
  32.000         270.000           -3.313e+00          -1.392e+01              96.172          -3.708e+00             251.407           1.844e+01     
  31.000         270.000           -3.123e+00          -1.341e+01              94.431          -3.551e+00             253.355           1.950e+01     
  30.000         270.000           -2.934e+00          -1.296e+01              93.105          -3.389e+00             255.222           2.066e+01     
  29.000         270.000           -2.746e+00          -1.257e+01              92.115          -3.224e+00             257.001           2.192e+01     
  28.000         270.000           -2.561e+00          -1.223e+01              91.404          -3.057e+00             258.688           2.327e+01     
  27.000         270.000           -2.381e+00          -1.194e+01              90.926          -2.890e+00             260.279           2.471e+01     
  26.000         270.000           -2.205e+00          -1.169e+01              90.651          -2.723e+00             261.772           2.622e+01     
  25.000         270.000           -2.035e+00          -1.149e+01              90.553          -2.558e+00             263.167           2.778e+01     
  24.000         270.000           -1.871e+00          -1.132e+01              90.613          -2.395e+00             264.462           2.936e+01     
  23.000         270.000           -1.714e+00          -1.118e+01              90.819          -2.236e+00             265.660           3.090e+01     
  22.000         270.000           -1.564e+00          -1.107e+01              91.159          -2.080e+00             266.760           3.232e+01     
  21.000         270.000           -1.421e+00          -1.099e+01              91.625          -1.929e+00             267.767           3.351e+01     
  20.000         270.000           -1.285e+00          -1.093e+01              92.211          -1.784e+00             268.681           3.435e+01     
  19.000         270.000           -1.157e+00          -1.089e+01              92.914          -1.645e+00             269.505           3.474e+01     
  18.000         270.000           -1.037e+00          -1.088e+01              93.729          -1.512e+00             270.242           3.463e+01     
  17.000         270.000           -9.240e-01          -1.088e+01              94.655          -1.386e+00             270.894           3.408e+01     
  16.000         270.000           -8.187e-01          -1.090e+01              95.690          -1.268e+00             271.465           3.318e+01     
  15.000         270.000           -7.209e-01          -1.093e+01              96.832          -1.156e+00             271.957           3.205e+01     
  14.000         270.000           -6.307e-01          -1.097e+01              98.080          -1.052e+00             272.372           3.080e+01     
  13.000         270.000           -5.479e-01          -1.102e+01              99.432          -9.560e-01             272.713           2.951e+01     
  12.000         270.000           -4.725e-01          -1.108e+01             100.886          -8.676e-01             272.982           2.822e+01     
  11.000         270.000           -4.044e-01          -1.114e+01             102.441          -7.872e-01             273.182           2.697e+01     
  10.000         270.000           -3.435e-01          -1.121e+01             104.091          -7.147e-01             273.313           2.578e+01     
   9.000         270.000           -2.898e-01          -1.128e+01             105.834          -6.503e-01             273.379           2.464e+01     
   8.000         270.000           -2.431e-01          -1.134e+01             107.663          -5.939e-01             273.380           2.357e+01     
   7.000         270.000           -2.033e-01          -1.141e+01             109.571          -5.455e-01             273.318           2.256e+01     
   6.000         270.000           -1.704e-01          -1.147e+01             111.549          -5.051e-01             273.193           2.161e+01     
   5.000         270.000           -1.444e-01          -1.152e+01             113.589          -4.728e-01             273.007           2.071e+01     
   4.000         270.000           -1.250e-01          -1.157e+01             115.678          -4.484e-01             272.761           1.987e+01     
   3.000         270.000           -1.124e-01          -1.160e+01             117.805          -4.320e-01             272.454           1.907e+01     
   2.000         270.000           -1.064e-01          -1.163e+01             119.954          -4.234e-01             272.088           1.832e+01     
   1.000         270.000           -1.069e-01          -1.165e+01             122.113          -4.227e-01             271.661           1.761e+01     
