Theta [deg.]  Phi   [deg.]  Abs(Grlz)[dBi   ]   Abs(Theta)[dBi   ]  Phase(Theta)[deg.]  Abs(Phi  )[dBi   ]  Phase(Phi  )[deg.]  Ax.Ratio[dB    ]    
------------------------------------------------------------------------------------------------------------------------------------------------------
   0.000          90.000            8.594e-01          -2.606e+01             172.829           8.506e-01             231.252           2.831e+01     
   1.000          90.000            8.508e-01          -2.550e+01             174.866           8.407e-01             231.158           2.794e+01     
   2.000          90.000            8.430e-01          -2.496e+01             176.647           8.316e-01             231.060           2.760e+01     
   3.000          90.000            8.362e-01          -2.445e+01             178.210           8.234e-01             230.958           2.727e+01     
   4.000          90.000            8.303e-01          -2.397e+01             179.588           8.159e-01             230.852           2.695e+01     
   5.000          90.000            8.254e-01          -2.351e+01             180.810           8.093e-01             230.741           2.666e+01     
   6.000          90.000            8.213e-01          -2.307e+01             181.896           8.035e-01             230.627           2.637e+01     
   7.000          90.000            8.181e-01          -2.266e+01             182.866           7.986e-01             230.509           2.610e+01     
   8.000          90.000            8.159e-01          -2.227e+01             183.735           7.945e-01             230.387           2.585e+01     
   9.000          90.000            8.146e-01          -2.189e+01             184.515           7.912e-01             230.260           2.561e+01     
  10.000          90.000            8.141e-01          -2.154e+01             185.219           7.887e-01             230.131           2.538e+01     
  11.000          90.000            8.145e-01          -2.120e+01             185.854           7.871e-01             229.997           2.516e+01     
  12.000          90.000            8.158e-01          -2.088e+01             186.429           7.863e-01             229.860           2.495e+01     
  13.000          90.000            8.179e-01          -2.057e+01             186.951           7.863e-01             229.719           2.476e+01     
  14.000          90.000            8.209e-01          -2.028e+01             187.426           7.871e-01             229.574           2.457e+01     
  15.000          90.000            8.247e-01          -2.001e+01             187.858           7.887e-01             229.427           2.440e+01     
  16.000          90.000            8.293e-01          -1.974e+01             188.251           7.911e-01             229.276           2.424e+01     
  17.000          90.000            8.347e-01          -1.950e+01             188.611           7.943e-01             229.121           2.408e+01     
  18.000          90.000            8.409e-01          -1.926e+01             188.939           7.982e-01             228.964           2.394e+01     
  19.000          90.000            8.478e-01          -1.903e+01             189.239           8.030e-01             228.803           2.381e+01     
  20.000          90.000            8.555e-01          -1.882e+01             189.514           8.085e-01             228.640           2.369e+01     
  21.000          90.000            8.639e-01          -1.862e+01             189.765           8.147e-01             228.474           2.357e+01     
  22.000          90.000            8.729e-01          -1.843e+01             189.995           8.216e-01             228.305           2.347e+01     
  23.000          90.000            8.827e-01          -1.825e+01             190.206           8.293e-01             228.134           2.337e+01     
  24.000          90.000            8.931e-01          -1.808e+01             190.399           8.376e-01             227.960           2.328e+01     
  25.000          90.000            9.041e-01          -1.792e+01             190.576           8.467e-01             227.784           2.320e+01     
  26.000          90.000            9.157e-01          -1.776e+01             190.738           8.564e-01             227.606           2.313e+01     
  27.000          90.000            9.278e-01          -1.762e+01             190.886           8.668e-01             227.426           2.307e+01     
  28.000          90.000            9.405e-01          -1.749e+01             191.022           8.778e-01             227.244           2.302e+01     
  29.000          90.000            9.538e-01          -1.737e+01             191.146           8.894e-01             227.061           2.297e+01     
  30.000          90.000            9.675e-01          -1.725e+01             191.259           9.016e-01             226.876           2.294e+01     
  31.000          90.000            9.817e-01          -1.715e+01             191.362           9.143e-01             226.689           2.291e+01     
  32.000          90.000            9.963e-01          -1.705e+01             191.456           9.277e-01             226.502           2.289e+01     
  33.000          90.000            1.011e+00          -1.696e+01             191.541           9.415e-01             226.313           2.288e+01     
  34.000          90.000            1.027e+00          -1.688e+01             191.619           9.559e-01             226.123           2.287e+01     
  35.000          90.000            1.042e+00          -1.681e+01             191.689           9.707e-01             225.933           2.287e+01     
  36.000          90.000            1.059e+00          -1.675e+01             191.753           9.860e-01             225.742           2.289e+01     
  37.000          90.000            1.075e+00          -1.669e+01             191.811           1.002e+00             225.551           2.290e+01     
  38.000          90.000            1.092e+00          -1.665e+01             191.862           1.018e+00             225.360           2.293e+01     
  39.000          90.000            1.108e+00          -1.661e+01             191.909           1.034e+00             225.169           2.297e+01     
  40.000          90.000            1.126e+00          -1.658e+01             191.950           1.051e+00             224.978           2.301e+01     
  41.000          90.000            1.143e+00          -1.656e+01             191.987           1.068e+00             224.787           2.306e+01     
  42.000          90.000            1.160e+00          -1.655e+01             192.020           1.086e+00             224.596           2.312e+01     
  43.000          90.000            1.178e+00          -1.654e+01             192.049           1.104e+00             224.407           2.318e+01     
  44.000          90.000            1.195e+00          -1.655e+01             192.075           1.122e+00             224.218           2.326e+01     
  45.000          90.000            1.213e+00          -1.656e+01             192.098           1.140e+00             224.030           2.334e+01     
  46.000          90.000            1.231e+00          -1.658e+01             192.117           1.158e+00             223.844           2.343e+01     
  47.000          90.000            1.249e+00          -1.661e+01             192.134           1.177e+00             223.659           2.353e+01     
  48.000          90.000            1.266e+00          -1.665e+01             192.149           1.196e+00             223.475           2.363e+01     
  49.000          90.000            1.284e+00          -1.670e+01             192.161           1.214e+00             223.293           2.375e+01     
  50.000          90.000            1.302e+00          -1.676e+01             192.172           1.233e+00             223.113           2.387e+01     
  51.000          90.000            1.319e+00          -1.683e+01             192.181           1.252e+00             222.935           2.401e+01     
  52.000          90.000            1.336e+00          -1.691e+01             192.188           1.271e+00             222.759           2.415e+01     
  53.000          90.000            1.354e+00          -1.700e+01             192.195           1.290e+00             222.586           2.430e+01     
  54.000          90.000            1.371e+00          -1.710e+01             192.200           1.309e+00             222.415           2.446e+01     
  55.000          90.000            1.388e+00          -1.721e+01             192.205           1.327e+00             222.247           2.463e+01     
  56.000          90.000            1.404e+00          -1.733e+01             192.209           1.346e+00             222.082           2.482e+01     
  57.000          90.000            1.421e+00          -1.746e+01             192.212           1.364e+00             221.920           2.501e+01     
  58.000          90.000            1.437e+00          -1.760e+01             192.216           1.383e+00             221.761           2.521e+01     
  59.000          90.000            1.453e+00          -1.776e+01             192.219           1.401e+00             221.605           2.542e+01     
  60.000          90.000            1.469e+00          -1.793e+01             192.223           1.418e+00             221.453           2.565e+01     
  61.000          90.000            1.484e+00          -1.811e+01             192.227           1.436e+00             221.304           2.589e+01     
  62.000          90.000            1.499e+00          -1.831e+01             192.232           1.453e+00             221.159           2.614e+01     
  63.000          90.000            1.513e+00          -1.852e+01             192.238           1.470e+00             221.018           2.641e+01     
  64.000          90.000            1.528e+00          -1.875e+01             192.245           1.487e+00             220.881           2.669e+01     
  65.000          90.000            1.541e+00          -1.900e+01             192.253           1.503e+00             220.748           2.699e+01     
  66.000          90.000            1.555e+00          -1.926e+01             192.263           1.519e+00             220.620           2.730e+01     
  67.000          90.000            1.568e+00          -1.954e+01             192.275           1.534e+00             220.495           2.763e+01     
  68.000          90.000            1.580e+00          -1.984e+01             192.290           1.549e+00             220.375           2.798e+01     
  69.000          90.000            1.592e+00          -2.016e+01             192.307           1.563e+00             220.260           2.835e+01     
  70.000          90.000            1.604e+00          -2.051e+01             192.327           1.577e+00             220.149           2.875e+01     
  71.000          90.000            1.615e+00          -2.088e+01             192.351           1.591e+00             220.044           2.917e+01     
  72.000          90.000            1.626e+00          -2.128e+01             192.380           1.603e+00             219.943           2.961e+01     
  73.000          90.000            1.636e+00          -2.171e+01             192.414           1.616e+00             219.847           3.009e+01     
  74.000          90.000            1.645e+00          -2.217e+01             192.454           1.627e+00             219.756           3.060e+01     
  75.000          90.000            1.655e+00          -2.267e+01             192.501           1.638e+00             219.670           3.115e+01     
  76.000          90.000            1.663e+00          -2.322e+01             192.558           1.649e+00             219.589           3.174e+01     
  77.000          90.000            1.671e+00          -2.381e+01             192.625           1.659e+00             219.514           3.238e+01     
  78.000          90.000            1.678e+00          -2.445e+01             192.705           1.668e+00             219.444           3.307e+01     
  79.000          90.000            1.685e+00          -2.516e+01             192.803           1.676e+00             219.379           3.384e+01     
  80.000          90.000            1.692e+00          -2.594e+01             192.922           1.684e+00             219.320           3.468e+01     
  81.000          90.000            1.697e+00          -2.682e+01             193.071           1.691e+00             219.266           3.562e+01     
  82.000          90.000            1.702e+00          -2.780e+01             193.258           1.697e+00             219.218           3.668e+01     
  83.000          90.000            1.707e+00          -2.892e+01             193.502           1.703e+00             219.175           3.789e+01     
  84.000          90.000            1.711e+00          -3.022e+01             193.828           1.708e+00             219.138           3.931e+01     
  85.000          90.000            1.714e+00          -3.176e+01             194.286           1.712e+00             219.107           4.000e+01     
  86.000          90.000            1.717e+00          -3.364e+01             194.971           1.716e+00             219.081           4.000e+01     
  87.000          90.000            1.719e+00          -3.607e+01             196.103           1.718e+00             219.062           4.000e+01     
  88.000          90.000            1.720e+00          -3.945e+01             198.321           1.720e+00             219.047           4.000e+01     
  89.000          90.000            1.721e+00          -4.500e+01             204.553           1.721e+00             219.039           4.000e+01     
  90.000          90.000            1.722e+00          -5.757e+01             265.714           1.722e+00             219.036           4.000e+01     
  91.000          90.000            1.721e+00          -4.616e+01             356.481           1.721e+00             219.039           4.000e+01     
  92.000          90.000            1.720e+00          -4.005e+01               4.118           1.720e+00             219.048           4.000e+01     
  93.000          90.000            1.719e+00          -3.647e+01               6.613           1.718e+00             219.063           4.000e+01     
  94.000          90.000            1.717e+00          -3.395e+01               7.848           1.715e+00             219.083           4.000e+01     
  95.000          90.000            1.714e+00          -3.200e+01               8.585           1.712e+00             219.109           3.960e+01     
  96.000          90.000            1.711e+00          -3.042e+01               9.077           1.708e+00             219.141           3.814e+01     
  97.000          90.000            1.707e+00          -2.909e+01               9.428           1.703e+00             219.178           3.689e+01     
  98.000          90.000            1.702e+00          -2.795e+01               9.694           1.697e+00             219.221           3.580e+01     
  99.000          90.000            1.697e+00          -2.695e+01               9.902           1.691e+00             219.270           3.484e+01     
 100.000          90.000            1.691e+00          -2.607e+01              10.070           1.684e+00             219.324           3.398e+01     
 101.000          90.000            1.685e+00          -2.527e+01              10.210           1.676e+00             219.384           3.320e+01     
 102.000          90.000            1.678e+00          -2.456e+01              10.328           1.668e+00             219.449           3.249e+01     
 103.000          90.000            1.670e+00          -2.390e+01              10.430           1.658e+00             219.519           3.184e+01     
 104.000          90.000            1.662e+00          -2.331e+01              10.520           1.649e+00             219.595           3.124e+01     
 105.000          90.000            1.654e+00          -2.276e+01              10.599           1.638e+00             219.676           3.069e+01     
 106.000          90.000            1.645e+00          -2.225e+01              10.670           1.627e+00             219.762           3.017e+01     
 107.000          90.000            1.635e+00          -2.178e+01              10.735           1.615e+00             219.854           2.969e+01     
 108.000          90.000            1.625e+00          -2.135e+01              10.794           1.603e+00             219.950           2.923e+01     
 109.000          90.000            1.614e+00          -2.095e+01              10.849           1.590e+00             220.052           2.881e+01     
 110.000          90.000            1.603e+00          -2.057e+01              10.900           1.577e+00             220.158           2.841e+01     
 111.000          90.000            1.591e+00          -2.022e+01              10.947           1.563e+00             220.269           2.803e+01     
 112.000          90.000            1.579e+00          -1.990e+01              10.991           1.548e+00             220.385           2.768e+01     
 113.000          90.000            1.567e+00          -1.960e+01              11.033           1.533e+00             220.505           2.734e+01     
 114.000          90.000            1.554e+00          -1.931e+01              11.073           1.518e+00             220.630           2.702e+01     
 115.000          90.000            1.540e+00          -1.905e+01              11.110           1.502e+00             220.759           2.672e+01     
 116.000          90.000            1.527e+00          -1.880e+01              11.145           1.486e+00             220.892           2.644e+01     
 117.000          90.000            1.512e+00          -1.857e+01              11.179           1.469e+00             221.030           2.617e+01     
 118.000          90.000            1.498e+00          -1.836e+01              11.211           1.453e+00             221.171           2.591e+01     
 119.000          90.000            1.483e+00          -1.816e+01              11.241           1.435e+00             221.316           2.567e+01     
 120.000          90.000            1.467e+00          -1.797e+01              11.269           1.418e+00             221.465           2.544e+01     
 121.000          90.000            1.452e+00          -1.780e+01              11.296           1.400e+00             221.618           2.522e+01     
 122.000          90.000            1.436e+00          -1.765e+01              11.321           1.382e+00             221.774           2.501e+01     
 123.000          90.000            1.420e+00          -1.750e+01              11.344           1.364e+00             221.934           2.481e+01     
 124.000          90.000            1.403e+00          -1.737e+01              11.366           1.345e+00             222.096           2.463e+01     
 125.000          90.000            1.386e+00          -1.724e+01              11.386           1.326e+00             222.262           2.445e+01     
 126.000          90.000            1.370e+00          -1.713e+01              11.403           1.308e+00             222.430           2.429e+01     
 127.000          90.000            1.352e+00          -1.703e+01              11.419           1.289e+00             222.601           2.413e+01     
 128.000          90.000            1.335e+00          -1.694e+01              11.433           1.270e+00             222.775           2.399e+01     
 129.000          90.000            1.318e+00          -1.687e+01              11.444           1.251e+00             222.951           2.385e+01     
 130.000          90.000            1.300e+00          -1.680e+01              11.453           1.232e+00             223.129           2.372e+01     
 131.000          90.000            1.283e+00          -1.674e+01              11.460           1.213e+00             223.309           2.360e+01     
 132.000          90.000            1.265e+00          -1.669e+01              11.463           1.195e+00             223.492           2.349e+01     
 133.000          90.000            1.247e+00          -1.665e+01              11.464           1.176e+00             223.676           2.339e+01     
 134.000          90.000            1.229e+00          -1.661e+01              11.462           1.157e+00             223.861           2.329e+01     
 135.000          90.000            1.212e+00          -1.659e+01              11.457           1.139e+00             224.048           2.321e+01     
 136.000          90.000            1.194e+00          -1.658e+01              11.448           1.121e+00             224.236           2.313e+01     
 137.000          90.000            1.176e+00          -1.657e+01              11.435           1.103e+00             224.425           2.306e+01     
 138.000          90.000            1.159e+00          -1.658e+01              11.418           1.085e+00             224.615           2.300e+01     
 139.000          90.000            1.141e+00          -1.659e+01              11.397           1.067e+00             224.806           2.294e+01     
 140.000          90.000            1.124e+00          -1.661e+01              11.371           1.050e+00             224.997           2.290e+01     
 141.000          90.000            1.107e+00          -1.664e+01              11.340           1.033e+00             225.188           2.286e+01     
 142.000          90.000            1.090e+00          -1.667e+01              11.304           1.017e+00             225.380           2.282e+01     
 143.000          90.000            1.074e+00          -1.672e+01              11.263           1.001e+00             225.571           2.280e+01     
 144.000          90.000            1.057e+00          -1.677e+01              11.215           9.850e-01             225.763           2.279e+01     
 145.000          90.000            1.041e+00          -1.684e+01              11.160           9.697e-01             225.954           2.278e+01     
 146.000          90.000            1.025e+00          -1.691e+01              11.099           9.549e-01             226.144           2.278e+01     
 147.000          90.000            1.010e+00          -1.699e+01              11.030           9.405e-01             226.334           2.278e+01     
 148.000          90.000            9.949e-01          -1.708e+01              10.953           9.266e-01             226.523           2.280e+01     
 149.000          90.000            9.803e-01          -1.717e+01              10.867           9.133e-01             226.710           2.282e+01     
 150.000          90.000            9.661e-01          -1.728e+01              10.772           9.005e-01             226.897           2.285e+01     
 151.000          90.000            9.524e-01          -1.739e+01              10.666           8.883e-01             227.082           2.289e+01     
 152.000          90.000            9.392e-01          -1.751e+01              10.550           8.767e-01             227.266           2.294e+01     
 153.000          90.000            9.265e-01          -1.765e+01              10.421           8.657e-01             227.448           2.300e+01     
 154.000          90.000            9.143e-01          -1.779e+01              10.280           8.553e-01             227.628           2.306e+01     
 155.000          90.000            9.027e-01          -1.794e+01              10.125           8.456e-01             227.807           2.313e+01     
 156.000          90.000            8.917e-01          -1.810e+01               9.955           8.366e-01             227.983           2.321e+01     
 157.000          90.000            8.814e-01          -1.827e+01               9.768           8.282e-01             228.157           2.330e+01     
 158.000          90.000            8.716e-01          -1.845e+01               9.564           8.206e-01             228.328           2.340e+01     
 159.000          90.000            8.626e-01          -1.864e+01               9.340           8.136e-01             228.497           2.351e+01     
 160.000          90.000            8.542e-01          -1.884e+01               9.095           8.074e-01             228.663           2.362e+01     
 161.000          90.000            8.466e-01          -1.905e+01               8.826           8.019e-01             228.827           2.375e+01     
 162.000          90.000            8.396e-01          -1.928e+01               8.533           7.972e-01             228.987           2.388e+01     
 163.000          90.000            8.335e-01          -1.952e+01               8.211           7.932e-01             229.145           2.403e+01     
 164.000          90.000            8.281e-01          -1.976e+01               7.858           7.900e-01             229.299           2.418e+01     
 165.000          90.000            8.235e-01          -2.003e+01               7.470           7.876e-01             229.451           2.435e+01     
 166.000          90.000            8.197e-01          -2.030e+01               7.045           7.860e-01             229.598           2.452e+01     
 167.000          90.000            8.167e-01          -2.059e+01               6.577           7.852e-01             229.743           2.471e+01     
 168.000          90.000            8.146e-01          -2.090e+01               6.062           7.852e-01             229.884           2.490e+01     
 169.000          90.000            8.133e-01          -2.122e+01               5.494           7.860e-01             230.021           2.511e+01     
 170.000          90.000            8.129e-01          -2.155e+01               4.866           7.877e-01             230.155           2.533e+01     
 171.000          90.000            8.134e-01          -2.191e+01               4.171           7.901e-01             230.285           2.557e+01     
 172.000          90.000            8.147e-01          -2.228e+01               3.399           7.934e-01             230.411           2.581e+01     
 173.000          90.000            8.170e-01          -2.267e+01               2.539           7.975e-01             230.533           2.607e+01     
 174.000          90.000            8.202e-01          -2.309e+01               1.579           8.025e-01             230.652           2.634e+01     
 175.000          90.000            8.242e-01          -2.352e+01               0.503           8.082e-01             230.766           2.663e+01     
 176.000          90.000            8.292e-01          -2.398e+01             359.294           8.148e-01             230.876           2.693e+01     
 177.000          90.000            8.351e-01          -2.446e+01             357.928           8.223e-01             230.983           2.724e+01     
 178.000          90.000            8.419e-01          -2.497e+01             356.380           8.305e-01             231.085           2.757e+01     
 179.000          90.000            8.497e-01          -2.551e+01             354.616           8.396e-01             231.183           2.792e+01     
 180.000          90.000            8.583e-01          -2.607e+01             352.598           8.495e-01             231.277           2.829e+01     
 179.000         270.000            8.679e-01          -2.666e+01             170.276           8.602e-01              51.367           2.868e+01     
 178.000         270.000            8.784e-01          -2.728e+01             167.593           8.718e-01              51.453           2.909e+01     
 177.000         270.000            8.898e-01          -2.792e+01             164.478           8.841e-01              51.534           2.952e+01     
 176.000         270.000            9.021e-01          -2.857e+01             160.850           8.972e-01              51.612           2.997e+01     
 175.000         270.000            9.153e-01          -2.924e+01             156.615           9.112e-01              51.685           3.045e+01     
 174.000         270.000            9.294e-01          -2.990e+01             151.677           9.259e-01              51.754           3.096e+01     
 173.000         270.000            9.444e-01          -3.053e+01             145.950           9.413e-01              51.819           3.150e+01     
 172.000         270.000            9.603e-01          -3.110e+01             139.384           9.576e-01              51.880           3.207e+01     
 171.000         270.000            9.770e-01          -3.157e+01             132.007           9.745e-01              51.937           3.268e+01     
 170.000         270.000            9.945e-01          -3.190e+01             123.958           9.923e-01              51.990           3.333e+01     
 169.000         270.000            1.013e+00          -3.204e+01             115.505           1.011e+00              52.039           3.402e+01     
 168.000         270.000            1.032e+00          -3.200e+01             107.010           1.030e+00              52.085           3.477e+01     
 167.000         270.000            1.052e+00          -3.177e+01              98.847           1.050e+00              52.126           3.558e+01     
 166.000         270.000            1.073e+00          -3.140e+01              91.308           1.070e+00              52.163           3.646e+01     
 165.000         270.000            1.094e+00          -3.091e+01              84.561           1.091e+00              52.197           3.743e+01     
 164.000         270.000            1.116e+00          -3.035e+01              78.652           1.113e+00              52.227           3.850e+01     
 163.000         270.000            1.139e+00          -2.976e+01              73.545           1.136e+00              52.253           3.970e+01     
 162.000         270.000            1.163e+00          -2.916e+01              69.158           1.159e+00              52.276           4.000e+01     
 161.000         270.000            1.187e+00          -2.856e+01              65.397           1.183e+00              52.295           4.000e+01     
 160.000         270.000            1.212e+00          -2.799e+01              62.166           1.207e+00              52.311           4.000e+01     
 159.000         270.000            1.237e+00          -2.743e+01              59.381           1.232e+00              52.323           4.000e+01     
 158.000         270.000            1.264e+00          -2.690e+01              56.970           1.257e+00              52.332           4.000e+01     
 157.000         270.000            1.290e+00          -2.640e+01              54.871           1.283e+00              52.339           4.000e+01     
 156.000         270.000            1.317e+00          -2.593e+01              53.035           1.309e+00              52.341           4.000e+01     
 155.000         270.000            1.345e+00          -2.549e+01              51.421           1.336e+00              52.341           4.000e+01     
 154.000         270.000            1.373e+00          -2.507e+01              49.993           1.363e+00              52.338           4.000e+01     
 153.000         270.000            1.402e+00          -2.468e+01              48.726           1.391e+00              52.333           4.000e+01     
 152.000         270.000            1.431e+00          -2.431e+01              47.594           1.419e+00              52.324           4.000e+01     
 151.000         270.000            1.460e+00          -2.397e+01              46.581           1.447e+00              52.313           4.000e+01     
 150.000         270.000            1.490e+00          -2.365e+01              45.669           1.476e+00              52.299           4.000e+01     
 149.000         270.000            1.520e+00          -2.335e+01              44.845           1.505e+00              52.283           4.000e+01     
 148.000         270.000            1.550e+00          -2.307e+01              44.099           1.535e+00              52.265           4.000e+01     
 147.000         270.000            1.580e+00          -2.281e+01              43.421           1.564e+00              52.245           4.000e+01     
 146.000         270.000            1.611e+00          -2.256e+01              42.802           1.594e+00              52.222           3.991e+01     
 145.000         270.000            1.642e+00          -2.234e+01              42.236           1.624e+00              52.197           3.924e+01     
 144.000         270.000            1.673e+00          -2.213e+01              41.718           1.655e+00              52.171           3.865e+01     
 143.000         270.000            1.704e+00          -2.194e+01              41.241           1.685e+00              52.143           3.813e+01     
 142.000         270.000            1.735e+00          -2.176e+01              40.802           1.716e+00              52.113           3.767e+01     
 141.000         270.000            1.767e+00          -2.160e+01              40.397           1.747e+00              52.081           3.726e+01     
 140.000         270.000            1.798e+00          -2.146e+01              40.022           1.777e+00              52.048           3.690e+01     
 139.000         270.000            1.829e+00          -2.132e+01              39.674           1.808e+00              52.014           3.658e+01     
 138.000         270.000            1.860e+00          -2.121e+01              39.351           1.839e+00              51.979           3.629e+01     
 137.000         270.000            1.891e+00          -2.110e+01              39.051           1.870e+00              51.942           3.604e+01     
 136.000         270.000            1.922e+00          -2.101e+01              38.772           1.900e+00              51.904           3.583e+01     
 135.000         270.000            1.953e+00          -2.094e+01              38.510           1.931e+00              51.866           3.564e+01     
 134.000         270.000            1.984e+00          -2.087e+01              38.266           1.961e+00              51.826           3.548e+01     
 133.000         270.000            2.015e+00          -2.082e+01              38.038           1.992e+00              51.786           3.534e+01     
 132.000         270.000            2.045e+00          -2.078e+01              37.824           2.022e+00              51.746           3.522e+01     
 131.000         270.000            2.075e+00          -2.076e+01              37.623           2.052e+00              51.705           3.513e+01     
 130.000         270.000            2.104e+00          -2.075e+01              37.434           2.082e+00              51.663           3.506e+01     
 129.000         270.000            2.134e+00          -2.075e+01              37.256           2.111e+00              51.621           3.501e+01     
 128.000         270.000            2.163e+00          -2.076e+01              37.088           2.140e+00              51.579           3.498e+01     
 127.000         270.000            2.191e+00          -2.079e+01              36.930           2.169e+00              51.537           3.497e+01     
 126.000         270.000            2.219e+00          -2.083e+01              36.780           2.198e+00              51.494           3.497e+01     
 125.000         270.000            2.247e+00          -2.089e+01              36.638           2.226e+00              51.452           3.500e+01     
 124.000         270.000            2.274e+00          -2.096e+01              36.503           2.254e+00              51.410           3.504e+01     
 123.000         270.000            2.301e+00          -2.104e+01              36.375           2.281e+00              51.368           3.510e+01     
 122.000         270.000            2.327e+00          -2.114e+01              36.254           2.308e+00              51.327           3.518e+01     
 121.000         270.000            2.353e+00          -2.125e+01              36.138           2.334e+00              51.286           3.527e+01     
 120.000         270.000            2.378e+00          -2.137e+01              36.027           2.360e+00              51.245           3.539e+01     
 119.000         270.000            2.403e+00          -2.152e+01              35.920           2.385e+00              51.205           3.551e+01     
 118.000         270.000            2.427e+00          -2.168e+01              35.818           2.410e+00              51.166           3.566e+01     
 117.000         270.000            2.450e+00          -2.185e+01              35.720           2.434e+00              51.127           3.583e+01     
 116.000         270.000            2.472e+00          -2.204e+01              35.624           2.457e+00              51.089           3.601e+01     
 115.000         270.000            2.494e+00          -2.226e+01              35.532           2.480e+00              51.052           3.621e+01     
 114.000         270.000            2.515e+00          -2.249e+01              35.442           2.502e+00              51.016           3.644e+01     
 113.000         270.000            2.536e+00          -2.274e+01              35.354           2.523e+00              50.981           3.668e+01     
 112.000         270.000            2.556e+00          -2.302e+01              35.267           2.544e+00              50.947           3.695e+01     
 111.000         270.000            2.575e+00          -2.331e+01              35.181           2.564e+00              50.914           3.723e+01     
 110.000         270.000            2.593e+00          -2.364e+01              35.096           2.583e+00              50.882           3.755e+01     
 109.000         270.000            2.610e+00          -2.399e+01              35.009           2.601e+00              50.851           3.788e+01     
 108.000         270.000            2.627e+00          -2.437e+01              34.922           2.618e+00              50.822           3.825e+01     
 107.000         270.000            2.643e+00          -2.478e+01              34.832           2.635e+00              50.794           3.864e+01     
 106.000         270.000            2.658e+00          -2.523e+01              34.739           2.651e+00              50.767           3.907e+01     
 105.000         270.000            2.672e+00          -2.572e+01              34.642           2.666e+00              50.741           3.953e+01     
 104.000         270.000            2.685e+00          -2.625e+01              34.538           2.680e+00              50.717           4.000e+01     
 103.000         270.000            2.698e+00          -2.683e+01              34.425           2.693e+00              50.695           4.000e+01     
 102.000         270.000            2.709e+00          -2.747e+01              34.301           2.705e+00              50.674           4.000e+01     
 101.000         270.000            2.720e+00          -2.817e+01              34.162           2.716e+00              50.655           4.000e+01     
 100.000         270.000            2.730e+00          -2.896e+01              34.001           2.727e+00              50.637           4.000e+01     
  99.000         270.000            2.739e+00          -2.984e+01              33.812           2.736e+00              50.621           4.000e+01     
  98.000         270.000            2.747e+00          -3.083e+01              33.582           2.745e+00              50.606           4.000e+01     
  97.000         270.000            2.754e+00          -3.197e+01              33.292           2.752e+00              50.593           4.000e+01     
  96.000         270.000            2.760e+00          -3.329e+01              32.912           2.759e+00              50.582           4.000e+01     
  95.000         270.000            2.765e+00          -3.488e+01              32.384           2.764e+00              50.572           4.000e+01     
  94.000         270.000            2.769e+00          -3.683e+01              31.594           2.769e+00              50.564           4.000e+01     
  93.000         270.000            2.772e+00          -3.937e+01              30.270           2.772e+00              50.558           4.000e+01     
  92.000         270.000            2.775e+00          -4.299e+01              27.580           2.775e+00              50.553           4.000e+01     
  91.000         270.000            2.776e+00          -4.921e+01              19.195           2.776e+00              50.551           4.000e+01     
  90.000         270.000            2.777e+00          -5.967e+01             284.156           2.777e+00              50.550           4.000e+01     
  89.000         270.000            2.776e+00          -4.755e+01             228.776           2.776e+00              50.550           4.000e+01     
  88.000         270.000            2.775e+00          -4.212e+01             222.517           2.775e+00              50.553           4.000e+01     
  87.000         270.000            2.772e+00          -3.879e+01             220.248           2.772e+00              50.557           4.000e+01     
  86.000         270.000            2.769e+00          -3.639e+01             219.083           2.769e+00              50.563           4.000e+01     
  85.000         270.000            2.765e+00          -3.452e+01             218.378           2.764e+00              50.570           4.000e+01     
  84.000         270.000            2.760e+00          -3.300e+01             217.909           2.759e+00              50.579           4.000e+01     
  83.000         270.000            2.754e+00          -3.171e+01             217.578           2.752e+00              50.590           4.000e+01     
  82.000         270.000            2.747e+00          -3.061e+01             217.333           2.745e+00              50.603           4.000e+01     
  81.000         270.000            2.739e+00          -2.964e+01             217.148           2.736e+00              50.617           4.000e+01     
  80.000         270.000            2.730e+00          -2.878e+01             217.005           2.727e+00              50.633           4.000e+01     
  79.000         270.000            2.720e+00          -2.801e+01             216.894           2.717e+00              50.650           4.000e+01     
  78.000         270.000            2.710e+00          -2.732e+01             216.808           2.705e+00              50.669           4.000e+01     
  77.000         270.000            2.698e+00          -2.669e+01             216.740           2.693e+00              50.690           4.000e+01     
  76.000         270.000            2.686e+00          -2.612e+01             216.689           2.680e+00              50.712           4.000e+01     
  75.000         270.000            2.673e+00          -2.559e+01             216.651           2.666e+00              50.735           4.000e+01     
  74.000         270.000            2.658e+00          -2.511e+01             216.625           2.651e+00              50.760           4.000e+01     
  73.000         270.000            2.643e+00          -2.467e+01             216.609           2.635e+00              50.787           3.954e+01     
  72.000         270.000            2.628e+00          -2.426e+01             216.601           2.619e+00              50.814           3.910e+01     
  71.000         270.000            2.611e+00          -2.389e+01             216.602           2.601e+00              50.843           3.869e+01     
  70.000         270.000            2.594e+00          -2.354e+01             216.610           2.583e+00              50.873           3.831e+01     
  69.000         270.000            2.575e+00          -2.322e+01             216.625           2.564e+00              50.905           3.797e+01     
  68.000         270.000            2.556e+00          -2.293e+01             216.647           2.544e+00              50.938           3.765e+01     
  67.000         270.000            2.537e+00          -2.266e+01             216.676           2.524e+00              50.971           3.735e+01     
  66.000         270.000            2.516e+00          -2.241e+01             216.710           2.502e+00              51.006           3.708e+01     
  65.000         270.000            2.495e+00          -2.218e+01             216.751           2.480e+00              51.042           3.684e+01     
  64.000         270.000            2.473e+00          -2.197e+01             216.799           2.458e+00              51.079           3.661e+01     
  63.000         270.000            2.451e+00          -2.178e+01             216.852           2.434e+00              51.116           3.641e+01     
  62.000         270.000            2.427e+00          -2.160e+01             216.912           2.410e+00              51.154           3.622e+01     
  61.000         270.000            2.404e+00          -2.144e+01             216.978           2.386e+00              51.193           3.606e+01     
  60.000         270.000            2.379e+00          -2.130e+01             217.051           2.360e+00              51.233           3.592e+01     
  59.000         270.000            2.354e+00          -2.118e+01             217.131           2.335e+00              51.273           3.579e+01     
  58.000         270.000            2.328e+00          -2.107e+01             217.218           2.308e+00              51.314           3.568e+01     
  57.000         270.000            2.302e+00          -2.097e+01             217.312           2.282e+00              51.355           3.559e+01     
  56.000         270.000            2.275e+00          -2.089e+01             217.415           2.254e+00              51.397           3.552e+01     
  55.000         270.000            2.248e+00          -2.082e+01             217.525           2.227e+00              51.438           3.547e+01     
  54.000         270.000            2.220e+00          -2.077e+01             217.645           2.199e+00              51.480           3.544e+01     
  53.000         270.000            2.192e+00          -2.073e+01             217.773           2.170e+00              51.522           3.542e+01     
  52.000         270.000            2.164e+00          -2.070e+01             217.911           2.141e+00              51.564           3.543e+01     
  51.000         270.000            2.135e+00          -2.069e+01             218.060           2.112e+00              51.606           3.545e+01     
  50.000         270.000            2.105e+00          -2.069e+01             218.220           2.083e+00              51.647           3.550e+01     
  49.000         270.000            2.076e+00          -2.070e+01             218.392           2.053e+00              51.689           3.556e+01     
  48.000         270.000            2.046e+00          -2.073e+01             218.577           2.023e+00              51.730           3.565e+01     
  47.000         270.000            2.016e+00          -2.076e+01             218.776           1.993e+00              51.770           3.576e+01     
  46.000         270.000            1.985e+00          -2.081e+01             218.990           1.962e+00              51.810           3.590e+01     
  45.000         270.000            1.955e+00          -2.088e+01             219.220           1.932e+00              51.849           3.606e+01     
  44.000         270.000            1.924e+00          -2.095e+01             219.468           1.901e+00              51.887           3.625e+01     
  43.000         270.000            1.893e+00          -2.105e+01             219.735           1.870e+00              51.924           3.647e+01     
  42.000         270.000            1.862e+00          -2.115e+01             220.023           1.840e+00              51.961           3.672e+01     
  41.000         270.000            1.830e+00          -2.127e+01             220.334           1.809e+00              51.996           3.700e+01     
  40.000         270.000            1.799e+00          -2.140e+01             220.671           1.778e+00              52.030           3.733e+01     
  39.000         270.000            1.768e+00          -2.154e+01             221.035           1.747e+00              52.063           3.770e+01     
  38.000         270.000            1.736e+00          -2.170e+01             221.431           1.717e+00              52.094           3.811e+01     
  37.000         270.000            1.705e+00          -2.188e+01             221.860           1.686e+00              52.123           3.859e+01     
  36.000         270.000            1.674e+00          -2.207e+01             222.327           1.656e+00              52.151           3.912e+01     
  35.000         270.000            1.643e+00          -2.228e+01             222.837           1.625e+00              52.178           3.973e+01     
  34.000         270.000            1.612e+00          -2.250e+01             223.393           1.595e+00              52.202           4.000e+01     
  33.000         270.000            1.581e+00          -2.275e+01             224.003           1.565e+00              52.224           4.000e+01     
  32.000         270.000            1.551e+00          -2.301e+01             224.673           1.536e+00              52.245           4.000e+01     
  31.000         270.000            1.521e+00          -2.329e+01             225.411           1.506e+00              52.263           4.000e+01     
  30.000         270.000            1.491e+00          -2.358e+01             226.226           1.477e+00              52.278           4.000e+01     
  29.000         270.000            1.461e+00          -2.390e+01             227.129           1.448e+00              52.292           4.000e+01     
  28.000         270.000            1.432e+00          -2.425e+01             228.134           1.420e+00              52.303           4.000e+01     
  27.000         270.000            1.403e+00          -2.461e+01             229.256           1.392e+00              52.311           4.000e+01     
  26.000         270.000            1.374e+00          -2.500e+01             230.513           1.364e+00              52.317           4.000e+01     
  25.000         270.000            1.346e+00          -2.542e+01             231.930           1.337e+00              52.319           4.000e+01     
  24.000         270.000            1.318e+00          -2.586e+01             233.533           1.310e+00              52.319           4.000e+01     
  23.000         270.000            1.291e+00          -2.633e+01             235.355           1.284e+00              52.316           4.000e+01     
  22.000         270.000            1.265e+00          -2.683e+01             237.438           1.258e+00              52.310           4.000e+01     
  21.000         270.000            1.239e+00          -2.735e+01             239.830           1.233e+00              52.301           4.000e+01     
  20.000         270.000            1.213e+00          -2.791e+01             242.593           1.208e+00              52.288           4.000e+01     
  19.000         270.000            1.188e+00          -2.848e+01             245.797           1.184e+00              52.272           4.000e+01     
  18.000         270.000            1.164e+00          -2.907e+01             249.526           1.160e+00              52.253           4.000e+01     
  17.000         270.000            1.140e+00          -2.967e+01             253.873           1.137e+00              52.230           3.948e+01     
  16.000         270.000            1.117e+00          -3.026e+01             258.932           1.114e+00              52.203           3.832e+01     
  15.000         270.000            1.095e+00          -3.082e+01             264.785           1.092e+00              52.173           3.728e+01     
  14.000         270.000            1.074e+00          -3.131e+01             271.470           1.071e+00              52.140           3.634e+01     
  13.000         270.000            1.053e+00          -3.169e+01             278.945           1.051e+00              52.102           3.548e+01     
  12.000         270.000            1.033e+00          -3.192e+01             287.051           1.031e+00              52.061           3.469e+01     
  11.000         270.000            1.014e+00          -3.198e+01             295.502           1.012e+00              52.016           3.396e+01     
  10.000         270.000            9.956e-01          -3.184e+01             303.933           9.933e-01              51.966           3.327e+01     
   9.000         270.000            9.781e-01          -3.153e+01             311.983           9.756e-01              51.913           3.263e+01     
   8.000         270.000            9.614e-01          -3.107e+01             319.378           9.586e-01              51.856           3.203e+01     
   7.000         270.000            9.455e-01          -3.051e+01             325.972           9.424e-01              51.795           3.147e+01     
   6.000         270.000            9.305e-01          -2.988e+01             331.734           9.269e-01              51.730           3.094e+01     
   5.000         270.000            9.164e-01          -2.922e+01             336.707           9.122e-01              51.661           3.044e+01     
   4.000         270.000            9.032e-01          -2.856e+01             340.976           8.983e-01              51.587           2.997e+01     
   3.000         270.000            8.909e-01          -2.790e+01             344.636           8.852e-01              51.510           2.952e+01     
   2.000         270.000            8.795e-01          -2.727e+01             347.778           8.729e-01              51.428           2.909e+01     
   1.000         270.000            8.690e-01          -2.665e+01             350.486           8.613e-01              51.342           2.869e+01     
