Theta [deg.]  Phi   [deg.]  Abs(Grlz)[dBi   ]   Abs(Theta)[dBi   ]  Phase(Theta)[deg.]  Abs(Phi  )[dBi   ]  Phase(Phi  )[deg.]  Ax.Ratio[dB    ]    
------------------------------------------------------------------------------------------------------------------------------------------------------
  90.000           0.000           -4.461e+00          -1.177e+01             165.992          -5.353e+00              17.408           1.348e+01     
  90.000           1.000           -4.519e+00          -1.160e+01             163.860          -5.467e+00              18.642           1.242e+01     
  90.000           2.000           -4.576e+00          -1.145e+01             161.755          -5.575e+00              19.626           1.152e+01     
  90.000           3.000           -4.634e+00          -1.132e+01             159.672          -5.681e+00              20.330           1.076e+01     
  90.000           4.000           -4.694e+00          -1.123e+01             157.607          -5.785e+00              20.727           1.012e+01     
  90.000           5.000           -4.759e+00          -1.115e+01             155.557          -5.890e+00              20.791           9.597e+00     
  90.000           6.000           -4.830e+00          -1.111e+01             153.516          -5.997e+00              20.497           9.173e+00     
  90.000           7.000           -4.907e+00          -1.109e+01             151.481          -6.104e+00              19.820           8.845e+00     
  90.000           8.000           -4.990e+00          -1.109e+01             149.448          -6.212e+00              18.739           8.611e+00     
  90.000           9.000           -5.076e+00          -1.112e+01             147.413          -6.317e+00              17.234           8.471e+00     
  90.000          10.000           -5.164e+00          -1.118e+01             145.371          -6.415e+00              15.287           8.428e+00     
  90.000          11.000           -5.249e+00          -1.127e+01             143.317          -6.499e+00              12.889           8.487e+00     
  90.000          12.000           -5.325e+00          -1.138e+01             141.247          -6.563e+00              10.038           8.653e+00     
  90.000          13.000           -5.384e+00          -1.152e+01             139.155          -6.597e+00               6.749           8.935e+00     
  90.000          14.000           -5.420e+00          -1.168e+01             137.034          -6.591e+00               3.052           9.336e+00     
  90.000          15.000           -5.422e+00          -1.188e+01             134.876          -6.535e+00             358.999           9.863e+00     
  90.000          16.000           -5.382e+00          -1.211e+01             132.675          -6.420e+00             354.666           1.052e+01     
  90.000          17.000           -5.291e+00          -1.237e+01             130.420          -6.240e+00             350.144           1.129e+01     
  90.000          18.000           -5.144e+00          -1.266e+01             128.100          -5.992e+00             345.537           1.217e+01     
  90.000          19.000           -4.937e+00          -1.298e+01             125.701          -5.678e+00             340.952           1.315e+01     
  90.000          20.000           -4.671e+00          -1.334e+01             123.208          -5.305e+00             336.485           1.419e+01     
  90.000          21.000           -4.348e+00          -1.374e+01             120.602          -4.879e+00             332.216           1.528e+01     
  90.000          22.000           -3.977e+00          -1.418e+01             117.858          -4.413e+00             328.201           1.637e+01     
  90.000          23.000           -3.565e+00          -1.466e+01             114.948          -3.916e+00             324.477           1.744e+01     
  90.000          24.000           -3.122e+00          -1.518e+01             111.834          -3.401e+00             321.059           1.845e+01     
  90.000          25.000           -2.657e+00          -1.576e+01             108.471          -2.875e+00             317.948           1.938e+01     
  90.000          26.000           -2.180e+00          -1.638e+01             104.799          -2.348e+00             315.134           2.022e+01     
  90.000          27.000           -1.697e+00          -1.706e+01             100.739          -1.826e+00             312.599           2.097e+01     
  90.000          28.000           -1.216e+00          -1.778e+01              96.197          -1.313e+00             310.322           2.162e+01     
  90.000          29.000           -7.417e-01          -1.856e+01              91.043          -8.140e-01             308.282           2.220e+01     
  90.000          30.000           -2.778e-01          -1.938e+01              85.117          -3.315e-01             306.457           2.271e+01     
  90.000          31.000            1.723e-01          -2.023e+01              78.222           1.326e-01             304.826           2.317e+01     
  90.000          32.000            6.064e-01          -2.108e+01              70.142           5.768e-01             303.370           2.360e+01     
  90.000          33.000            1.023e+00          -2.187e+01              60.687           1.000e+00             302.071           2.401e+01     
  90.000          34.000            1.420e+00          -2.252e+01              49.797           1.403e+00             300.914           2.441e+01     
  90.000          35.000            1.798e+00          -2.295e+01              37.688           1.784e+00             299.885           2.482e+01     
  90.000          36.000            2.156e+00          -2.308e+01              24.944           2.143e+00             298.972           2.524e+01     
  90.000          37.000            2.494e+00          -2.287e+01              12.393           2.482e+00             298.163           2.569e+01     
  90.000          38.000            2.812e+00          -2.240e+01               0.783           2.799e+00             297.450           2.618e+01     
  90.000          39.000            3.110e+00          -2.174e+01             350.528           3.096e+00             296.824           2.672e+01     
  90.000          40.000            3.388e+00          -2.098e+01             341.699           3.372e+00             296.277           2.731e+01     
  90.000          41.000            3.647e+00          -2.019e+01             334.160           3.629e+00             295.804           2.799e+01     
  90.000          42.000            3.886e+00          -1.941e+01             327.700           3.866e+00             295.398           2.875e+01     
  90.000          43.000            4.107e+00          -1.867e+01             322.109           4.084e+00             295.053           2.963e+01     
  90.000          44.000            4.308e+00          -1.796e+01             317.209           4.283e+00             294.765           3.065e+01     
  90.000          45.000            4.492e+00          -1.730e+01             312.855           4.463e+00             294.531           3.187e+01     
  90.000          46.000            4.658e+00          -1.669e+01             308.935           4.626e+00             294.345           3.336e+01     
  90.000          47.000            4.806e+00          -1.613e+01             305.363           4.770e+00             294.205           3.523e+01     
  90.000          48.000            4.936e+00          -1.560e+01             302.073           4.898e+00             294.106           3.774e+01     
  90.000          49.000            5.050e+00          -1.512e+01             299.013           5.008e+00             294.047           4.000e+01     
  90.000          50.000            5.146e+00          -1.467e+01             296.144           5.101e+00             294.023           4.000e+01     
  90.000          51.000            5.226e+00          -1.425e+01             293.435           5.177e+00             294.033           4.000e+01     
  90.000          52.000            5.289e+00          -1.386e+01             290.862           5.236e+00             294.073           4.000e+01     
  90.000          53.000            5.336e+00          -1.350e+01             288.406           5.279e+00             294.142           3.889e+01     
  90.000          54.000            5.366e+00          -1.316e+01             286.051           5.305e+00             294.236           3.552e+01     
  90.000          55.000            5.380e+00          -1.284e+01             283.786           5.314e+00             294.354           3.302e+01     
  90.000          56.000            5.378e+00          -1.255e+01             281.603           5.307e+00             294.494           3.102e+01     
  90.000          57.000            5.359e+00          -1.227e+01             279.493           5.283e+00             294.652           2.934e+01     
  90.000          58.000            5.324e+00          -1.201e+01             277.452           5.243e+00             294.828           2.790e+01     
  90.000          59.000            5.271e+00          -1.176e+01             275.475           5.185e+00             295.020           2.661e+01     
  90.000          60.000            5.202e+00          -1.153e+01             273.559           5.109e+00             295.224           2.546e+01     
  90.000          61.000            5.116e+00          -1.131e+01             271.701           5.016e+00             295.440           2.440e+01     
  90.000          62.000            5.012e+00          -1.111e+01             269.901           4.905e+00             295.666           2.342e+01     
  90.000          63.000            4.890e+00          -1.091e+01             268.157           4.774e+00             295.900           2.251e+01     
  90.000          64.000            4.749e+00          -1.072e+01             266.470           4.625e+00             296.140           2.165e+01     
  90.000          65.000            4.590e+00          -1.055e+01             264.839           4.455e+00             296.385           2.083e+01     
  90.000          66.000            4.410e+00          -1.038e+01             263.263           4.264e+00             296.633           2.005e+01     
  90.000          67.000            4.210e+00          -1.022e+01             261.743           4.051e+00             296.883           1.929e+01     
  90.000          68.000            3.988e+00          -1.008e+01             260.281           3.814e+00             297.133           1.856e+01     
  90.000          69.000            3.744e+00          -9.933e+00             258.877           3.553e+00             297.382           1.784e+01     
  90.000          70.000            3.475e+00          -9.798e+00             257.532           3.266e+00             297.629           1.714e+01     
  90.000          71.000            3.182e+00          -9.671e+00             256.246           2.950e+00             297.872           1.644e+01     
  90.000          72.000            2.861e+00          -9.550e+00             255.021           2.605e+00             298.111           1.575e+01     
  90.000          73.000            2.512e+00          -9.436e+00             253.857           2.226e+00             298.344           1.506e+01     
  90.000          74.000            2.132e+00          -9.329e+00             252.755           1.811e+00             298.571           1.436e+01     
  90.000          75.000            1.720e+00          -9.229e+00             251.717           1.356e+00             298.790           1.365e+01     
  90.000          76.000            1.271e+00          -9.135e+00             250.742           8.565e-01             299.002           1.293e+01     
  90.000          77.000            7.841e-01          -9.047e+00             249.832           3.073e-01             299.205           1.219e+01     
  90.000          78.000            2.549e-01          -8.966e+00             248.987          -2.985e-01             299.399           1.143e+01     
  90.000          79.000           -3.200e-01          -8.892e+00             248.207          -9.697e-01             299.585           1.065e+01     
  90.000          80.000           -9.447e-01          -8.824e+00             247.495          -1.717e+00             299.761           9.830e+00     
  90.000          81.000           -1.623e+00          -8.762e+00             246.848          -2.556e+00             299.929           8.981e+00     
  90.000          82.000           -2.359e+00          -8.707e+00             246.270          -3.505e+00             300.091           8.104e+00     
  90.000          83.000           -3.155e+00          -8.658e+00             245.758          -4.591e+00             300.247           7.218e+00     
  90.000          84.000           -4.010e+00          -8.616e+00             245.315          -5.855e+00             300.402           6.374e+00     
  90.000          85.000           -4.916e+00          -8.580e+00             244.939          -7.358e+00             300.563           5.706e+00     
  90.000          86.000           -5.852e+00          -8.551e+00             244.632          -9.199e+00             300.745           5.509e+00     
  90.000          87.000           -6.775e+00          -8.528e+00             244.393          -1.156e+01             300.981           6.268e+00     
  90.000          88.000           -7.604e+00          -8.512e+00             244.224          -1.485e+01             301.369           8.524e+00     
  90.000          89.000           -8.221e+00          -8.503e+00             244.122          -2.023e+01             302.337           1.331e+01     
  90.000          90.000           -8.494e+00          -8.500e+00             244.090          -3.713e+01             314.727           2.913e+01     
  90.000          91.000           -8.354e+00          -8.504e+00             244.126          -2.304e+01             117.485           1.656e+01     
  90.000          92.000           -7.838e+00          -8.515e+00             244.232          -1.624e+01             118.996           1.001e+01     
  90.000          93.000           -7.064e+00          -8.532e+00             244.406          -1.249e+01             119.412           7.064e+00     
  90.000          94.000           -6.160e+00          -8.556e+00             244.648          -9.886e+00             119.578           5.858e+00     
  90.000          95.000           -5.221e+00          -8.586e+00             244.960          -7.903e+00             119.638           5.776e+00     
  90.000          96.000           -4.301e+00          -8.623e+00             245.340          -6.305e+00             119.640           6.308e+00     
  90.000          97.000           -3.427e+00          -8.667e+00             245.789          -4.972e+00             119.602           7.097e+00     
  90.000          98.000           -2.611e+00          -8.717e+00             246.305          -3.832e+00             119.536           7.967e+00     
  90.000          99.000           -1.855e+00          -8.773e+00             246.890          -2.842e+00             119.445           8.844e+00     
  90.000         100.000           -1.157e+00          -8.836e+00             247.542          -1.970e+00             119.334           9.702e+00     
  90.000         101.000           -5.147e-01          -8.906e+00             248.262          -1.194e+00             119.205           1.053e+01     
  90.000         102.000            7.681e-02          -8.982e+00             249.048          -4.992e-01             119.060           1.133e+01     
  90.000         103.000            6.212e-01          -9.064e+00             249.901           1.272e-01             118.901           1.210e+01     
  90.000         104.000            1.122e+00          -9.153e+00             250.819           6.943e-01             118.728           1.286e+01     
  90.000         105.000            1.584e+00          -9.248e+00             251.803           1.210e+00             118.543           1.359e+01     
  90.000         106.000            2.009e+00          -9.350e+00             252.852           1.679e+00             118.348           1.431e+01     
  90.000         107.000            2.399e+00          -9.458e+00             253.964           2.107e+00             118.143           1.502e+01     
  90.000         108.000            2.759e+00          -9.573e+00             255.139           2.497e+00             117.929           1.572e+01     
  90.000         109.000            3.089e+00          -9.694e+00             256.376           2.854e+00             117.708           1.643e+01     
  90.000         110.000            3.392e+00          -9.823e+00             257.675           3.179e+00             117.482           1.713e+01     
  90.000         111.000            3.669e+00          -9.959e+00             259.034           3.476e+00             117.250           1.785e+01     
  90.000         112.000            3.921e+00          -1.010e+01             260.453           3.746e+00             117.015           1.858e+01     
  90.000         113.000            4.151e+00          -1.025e+01             261.930           3.990e+00             116.778           1.932e+01     
  90.000         114.000            4.358e+00          -1.041e+01             263.466           4.211e+00             116.540           2.009e+01     
  90.000         115.000            4.544e+00          -1.058e+01             265.059           4.409e+00             116.303           2.089e+01     
  90.000         116.000            4.711e+00          -1.075e+01             266.710           4.586e+00             116.068           2.172e+01     
  90.000         117.000            4.858e+00          -1.094e+01             268.416           4.742e+00             115.837           2.260e+01     
  90.000         118.000            4.986e+00          -1.114e+01             270.181           4.878e+00             115.612           2.353e+01     
  90.000         119.000            5.096e+00          -1.134e+01             272.002           4.996e+00             115.394           2.453e+01     
  90.000         120.000            5.188e+00          -1.156e+01             273.882           5.095e+00             115.184           2.561e+01     
  90.000         121.000            5.262e+00          -1.179e+01             275.823           5.176e+00             114.986           2.680e+01     
  90.000         122.000            5.320e+00          -1.204e+01             277.825           5.239e+00             114.800           2.812e+01     
  90.000         123.000            5.360e+00          -1.230e+01             279.893           5.285e+00             114.629           2.962e+01     
  90.000         124.000            5.384e+00          -1.258e+01             282.031           5.314e+00             114.474           3.136e+01     
  90.000         125.000            5.392e+00          -1.287e+01             284.244           5.326e+00             114.337           3.345e+01     
  90.000         126.000            5.382e+00          -1.319e+01             286.540           5.322e+00             114.222           3.611e+01     
  90.000         127.000            5.357e+00          -1.353e+01             288.928           5.300e+00             114.128           3.979e+01     
  90.000         128.000            5.315e+00          -1.389e+01             291.421           5.262e+00             114.060           4.000e+01     
  90.000         129.000            5.256e+00          -1.428e+01             294.033           5.207e+00             114.019           4.000e+01     
  90.000         130.000            5.181e+00          -1.469e+01             296.783           5.136e+00             114.007           4.000e+01     
  90.000         131.000            5.089e+00          -1.514e+01             299.698           5.047e+00             114.028           4.000e+01     
  90.000         132.000            4.980e+00          -1.562e+01             302.808           4.942e+00             114.083           3.702e+01     
  90.000         133.000            4.853e+00          -1.614e+01             306.153           4.819e+00             114.176           3.469e+01     
  90.000         134.000            4.710e+00          -1.670e+01             309.785           4.678e+00             114.309           3.292e+01     
  90.000         135.000            4.549e+00          -1.731e+01             313.771           4.520e+00             114.487           3.150e+01     
  90.000         136.000            4.369e+00          -1.796e+01             318.199           4.344e+00             114.711           3.033e+01     
  90.000         137.000            4.172e+00          -1.865e+01             323.179           4.149e+00             114.987           2.935e+01     
  90.000         138.000            3.956e+00          -1.938e+01             328.853           3.935e+00             115.318           2.850e+01     
  90.000         139.000            3.720e+00          -2.014e+01             335.395           3.703e+00             115.708           2.776e+01     
  90.000         140.000            3.466e+00          -2.091e+01             343.004           3.450e+00             116.163           2.711e+01     
  90.000         141.000            3.192e+00          -2.163e+01             351.868           3.178e+00             116.689           2.653e+01     
  90.000         142.000            2.898e+00          -2.225e+01               2.096           2.885e+00             117.292           2.601e+01     
  90.000         143.000            2.585e+00          -2.269e+01              13.584           2.572e+00             117.978           2.554e+01     
  90.000         144.000            2.250e+00          -2.285e+01              25.910           2.237e+00             118.757           2.510e+01     
  90.000         145.000            1.896e+00          -2.271e+01              38.362           1.881e+00             119.637           2.470e+01     
  90.000         146.000            1.522e+00          -2.228e+01              50.174           1.504e+00             120.628           2.431e+01     
  90.000         147.000            1.127e+00          -2.164e+01              60.817           1.104e+00             121.743           2.392e+01     
  90.000         148.000            7.138e-01          -2.087e+01              70.092           6.835e-01             122.995           2.354e+01     
  90.000         149.000            2.821e-01          -2.004e+01              78.053           2.416e-01             124.400           2.313e+01     
  90.000         150.000           -1.664e-01          -1.921e+01              84.877          -2.209e-01             125.974           2.270e+01     
  90.000         151.000           -6.295e-01          -1.841e+01              90.763          -7.026e-01             127.736           2.221e+01     
  90.000         152.000           -1.104e+00          -1.764e+01              95.896          -1.202e+00             129.707           2.167e+01     
  90.000         153.000           -1.587e+00          -1.693e+01             100.430          -1.716e+00             131.909           2.104e+01     
  90.000         154.000           -2.073e+00          -1.626e+01             104.489          -2.242e+00             134.366           2.033e+01     
  90.000         155.000           -2.556e+00          -1.565e+01             108.163          -2.774e+00             137.099           1.952e+01     
  90.000         156.000           -3.028e+00          -1.508e+01             111.530          -3.307e+00             140.127           1.861e+01     
  90.000         157.000           -3.480e+00          -1.456e+01             114.648          -3.833e+00             143.464           1.762e+01     
  90.000         158.000           -3.904e+00          -1.408e+01             117.562          -4.343e+00             147.115           1.657e+01     
  90.000         159.000           -4.290e+00          -1.365e+01             120.309          -4.825e+00             151.069           1.547e+01     
  90.000         160.000           -4.628e+00          -1.325e+01             122.918          -5.269e+00             155.296           1.438e+01     
  90.000         161.000           -4.911e+00          -1.289e+01             125.411          -5.664e+00             159.746           1.331e+01     
  90.000         162.000           -5.135e+00          -1.257e+01             127.809          -5.999e+00             164.342           1.231e+01     
  90.000         163.000           -5.297e+00          -1.228e+01             130.128          -6.268e+00             168.991           1.139e+01     
  90.000         164.000           -5.402e+00          -1.202e+01             132.380          -6.468e+00             173.586           1.059e+01     
  90.000         165.000           -5.453e+00          -1.180e+01             134.576          -6.600e+00             178.017           9.897e+00     
  90.000         166.000           -5.460e+00          -1.160e+01             136.727          -6.669e+00             182.185           9.336e+00     
  90.000         167.000           -5.430e+00          -1.143e+01             138.840          -6.685e+00             186.008           8.901e+00     
  90.000         168.000           -5.374e+00          -1.130e+01             140.923          -6.656e+00             189.427           8.590e+00     
  90.000         169.000           -5.299e+00          -1.119e+01             142.982          -6.594e+00             192.406           8.397e+00     
  90.000         170.000           -5.214e+00          -1.110e+01             145.023          -6.509e+00             194.925           8.315e+00     
  90.000         171.000           -5.124e+00          -1.104e+01             147.050          -6.408e+00             196.984           8.338e+00     
  90.000         172.000           -5.034e+00          -1.101e+01             149.070          -6.298e+00             198.592           8.461e+00     
  90.000         173.000           -4.948e+00          -1.101e+01             151.085          -6.184e+00             199.765           8.679e+00     
  90.000         174.000           -4.867e+00          -1.103e+01             153.101          -6.070e+00             200.523           8.991e+00     
  90.000         175.000           -4.791e+00          -1.107e+01             155.121          -5.956e+00             200.890           9.399e+00     
  90.000         176.000           -4.721e+00          -1.115e+01             157.149          -5.844e+00             200.891           9.908e+00     
  90.000         177.000           -4.656e+00          -1.124e+01             159.189          -5.732e+00             200.550           1.052e+01     
  90.000         178.000           -4.594e+00          -1.137e+01             161.244          -5.619e+00             199.897           1.126e+01     
  90.000         179.000           -4.533e+00          -1.152e+01             163.320          -5.504e+00             198.958           1.213e+01     
  90.000         180.000           -4.471e+00          -1.169e+01             165.421          -5.384e+00             197.762           1.316e+01     
  90.000         181.000           -4.405e+00          -1.190e+01             167.549          -5.257e+00             196.344           1.438e+01     
  90.000         182.000           -4.332e+00          -1.213e+01             169.711          -5.121e+00             194.736           1.584e+01     
  90.000         183.000           -4.251e+00          -1.239e+01             171.911          -4.975e+00             192.972           1.760e+01     
  90.000         184.000           -4.159e+00          -1.268e+01             174.156          -4.817e+00             191.088           1.980e+01     
  90.000         185.000           -4.055e+00          -1.300e+01             176.451          -4.647e+00             189.117           2.267e+01     
  90.000         186.000           -3.939e+00          -1.335e+01             178.805          -4.467e+00             187.094           2.675e+01     
  90.000         187.000           -3.810e+00          -1.374e+01             181.227          -4.275e+00             185.049           3.391e+01     
  90.000         188.000           -3.669e+00          -1.416e+01             183.726          -4.075e+00             183.009           4.000e+01     
  90.000         189.000           -3.517e+00          -1.462e+01             186.316          -3.868e+00             180.998           3.211e+01     
  90.000         190.000           -3.357e+00          -1.511e+01             189.012          -3.657e+00             179.036           2.727e+01     
  90.000         191.000           -3.191e+00          -1.566e+01             191.834          -3.444e+00             177.137           2.460e+01     
  90.000         192.000           -3.020e+00          -1.624e+01             194.805          -3.232e+00             175.311           2.292e+01     
  90.000         193.000           -2.848e+00          -1.688e+01             197.957          -3.023e+00             173.565           2.183e+01     
  90.000         194.000           -2.678e+00          -1.758e+01             201.330          -2.821e+00             171.902           2.115e+01     
  90.000         195.000           -2.512e+00          -1.833e+01             204.980          -2.627e+00             170.322           2.076e+01     
  90.000         196.000           -2.352e+00          -1.915e+01             208.978          -2.444e+00             168.823           2.063e+01     
  90.000         197.000           -2.201e+00          -2.005e+01             213.426          -2.273e+00             167.400           2.070e+01     
  90.000         198.000           -2.061e+00          -2.103e+01             218.466          -2.116e+00             166.046           2.097e+01     
  90.000         199.000           -1.933e+00          -2.209e+01             224.301          -1.975e+00             164.755           2.143e+01     
  90.000         200.000           -1.819e+00          -2.325e+01             231.217          -1.850e+00             163.518           2.208e+01     
  90.000         201.000           -1.720e+00          -2.447e+01             239.619          -1.743e+00             162.327           2.294e+01     
  90.000         202.000           -1.637e+00          -2.571e+01             250.030          -1.654e+00             161.172           2.406e+01     
  90.000         203.000           -1.571e+00          -2.687e+01             262.990          -1.584e+00             160.043           2.551e+01     
  90.000         204.000           -1.523e+00          -2.773e+01             278.635          -1.533e+00             158.930           2.742e+01     
  90.000         205.000           -1.492e+00          -2.807e+01             296.082          -1.501e+00             157.822           3.011e+01     
  90.000         206.000           -1.479e+00          -2.778e+01             313.347          -1.489e+00             156.709           3.435e+01     
  90.000         207.000           -1.484e+00          -2.701e+01             328.585          -1.496e+00             155.580           4.000e+01     
  90.000         208.000           -1.507e+00          -2.599e+01             341.103          -1.522e+00             154.423           4.000e+01     
  90.000         209.000           -1.546e+00          -2.489e+01             351.166          -1.567e+00             153.227           3.359e+01     
  90.000         210.000           -1.603e+00          -2.383e+01             359.322          -1.629e+00             151.981           2.900e+01     
  90.000         211.000           -1.675e+00          -2.284e+01               6.075          -1.709e+00             150.673           2.592e+01     
  90.000         212.000           -1.762e+00          -2.193e+01              11.807          -1.804e+00             149.291           2.358e+01     
  90.000         213.000           -1.863e+00          -2.111e+01              16.786          -1.915e+00             147.823           2.169e+01     
  90.000         214.000           -1.975e+00          -2.036e+01              21.200          -2.039e+00             146.257           2.010e+01     
  90.000         215.000           -2.097e+00          -1.967e+01              25.180          -2.174e+00             144.582           1.873e+01     
  90.000         216.000           -2.228e+00          -1.905e+01              28.820          -2.319e+00             142.788           1.754e+01     
  90.000         217.000           -2.363e+00          -1.848e+01              32.186          -2.471e+00             140.866           1.650e+01     
  90.000         218.000           -2.501e+00          -1.796e+01              35.327          -2.626e+00             138.807           1.559e+01     
  90.000         219.000           -2.638e+00          -1.748e+01              38.277          -2.783e+00             136.607           1.479e+01     
  90.000         220.000           -2.772e+00          -1.703e+01              41.065          -2.938e+00             134.265           1.411e+01     
  90.000         221.000           -2.898e+00          -1.662e+01              43.711          -3.086e+00             131.781           1.354e+01     
  90.000         222.000           -3.013e+00          -1.625e+01              46.229          -3.224e+00             129.162           1.309e+01     
  90.000         223.000           -3.114e+00          -1.590e+01              48.632          -3.349e+00             126.421           1.277e+01     
  90.000         224.000           -3.197e+00          -1.557e+01              50.928          -3.456e+00             123.573           1.257e+01     
  90.000         225.000           -3.261e+00          -1.527e+01              53.126          -3.544e+00             120.640           1.250e+01     
  90.000         226.000           -3.303e+00          -1.499e+01              55.231          -3.609e+00             117.649           1.257e+01     
  90.000         227.000           -3.323e+00          -1.473e+01              57.248          -3.649e+00             114.630           1.278e+01     
  90.000         228.000           -3.321e+00          -1.449e+01              59.179          -3.666e+00             111.614           1.312e+01     
  90.000         229.000           -3.296e+00          -1.427e+01              61.029          -3.658e+00             108.633           1.359e+01     
  90.000         230.000           -3.252e+00          -1.406e+01              62.800          -3.628e+00             105.718           1.420e+01     
  90.000         231.000           -3.190e+00          -1.387e+01              64.494          -3.578e+00             102.896           1.493e+01     
  90.000         232.000           -3.114e+00          -1.369e+01              66.113          -3.511e+00             100.189           1.578e+01     
  90.000         233.000           -3.026e+00          -1.353e+01              67.658          -3.431e+00              97.615           1.676e+01     
  90.000         234.000           -2.931e+00          -1.338e+01              69.131          -3.342e+00              95.188           1.786e+01     
  90.000         235.000           -2.832e+00          -1.324e+01              70.534          -3.246e+00              92.916           1.911e+01     
  90.000         236.000           -2.733e+00          -1.312e+01              71.868          -3.150e+00              90.803           2.050e+01     
  90.000         237.000           -2.637e+00          -1.300e+01              73.134          -3.055e+00              88.848           2.208e+01     
  90.000         238.000           -2.547e+00          -1.290e+01              74.333          -2.967e+00              87.047           2.389e+01     
  90.000         239.000           -2.466e+00          -1.281e+01              75.467          -2.887e+00              85.397           2.601e+01     
  90.000         240.000           -2.397e+00          -1.273e+01              76.538          -2.819e+00              83.889           2.860e+01     
  90.000         241.000           -2.341e+00          -1.265e+01              77.545          -2.766e+00              82.515           3.198e+01     
  90.000         242.000           -2.302e+00          -1.259e+01              78.492          -2.729e+00              81.266           3.701e+01     
  90.000         243.000           -2.281e+00          -1.253e+01              79.379          -2.712e+00              80.133           4.000e+01     
  90.000         244.000           -2.279e+00          -1.248e+01              80.210          -2.715e+00              79.108           4.000e+01     
  90.000         245.000           -2.299e+00          -1.244e+01              80.982          -2.741e+00              78.181           3.680e+01     
  90.000         246.000           -2.342e+00          -1.240e+01              81.700          -2.792e+00              77.343           3.290e+01     
  90.000         247.000           -2.408e+00          -1.237e+01              82.366          -2.870e+00              76.588           3.036e+01     
  90.000         248.000           -2.501e+00          -1.235e+01              82.980          -2.976e+00              75.906           2.850e+01     
  90.000         249.000           -2.621e+00          -1.233e+01              83.545          -3.112e+00              75.291           2.705e+01     
  90.000         250.000           -2.770e+00          -1.232e+01              84.062          -3.280e+00              74.736           2.585e+01     
  90.000         251.000           -2.948e+00          -1.231e+01              84.535          -3.483e+00              74.236           2.482e+01     
  90.000         252.000           -3.159e+00          -1.231e+01              84.964          -3.723e+00              73.783           2.392e+01     
  90.000         253.000           -3.403e+00          -1.230e+01              85.353          -4.002e+00              73.373           2.311e+01     
  90.000         254.000           -3.683e+00          -1.230e+01              85.704          -4.325e+00              73.000           2.237e+01     
  90.000         255.000           -4.001e+00          -1.231e+01              86.018          -4.694e+00              72.660           2.167e+01     
  90.000         256.000           -4.358e+00          -1.231e+01              86.298          -5.116e+00              72.348           2.100e+01     
  90.000         257.000           -4.758e+00          -1.232e+01              86.546          -5.595e+00              72.059           2.036e+01     
  90.000         258.000           -5.203e+00          -1.233e+01              86.765          -6.139e+00              71.789           1.972e+01     
  90.000         259.000           -5.696e+00          -1.234e+01              86.958          -6.757e+00              71.533           1.910e+01     
  90.000         260.000           -6.240e+00          -1.235e+01              87.125          -7.460e+00              71.284           1.848e+01     
  90.000         261.000           -6.835e+00          -1.236e+01              87.269          -8.264e+00              71.036           1.788e+01     
  90.000         262.000           -7.484e+00          -1.237e+01              87.393          -9.190e+00              70.779           1.730e+01     
  90.000         263.000           -8.184e+00          -1.238e+01              87.498          -1.027e+01              70.500           1.678e+01     
  90.000         264.000           -8.930e+00          -1.238e+01              87.585          -1.154e+01              70.179           1.634e+01     
  90.000         265.000           -9.707e+00          -1.239e+01              87.657          -1.307e+01              69.779           1.609e+01     
  90.000         266.000           -1.049e+01          -1.240e+01              87.715          -1.498e+01              69.229           1.617e+01     
  90.000         267.000           -1.122e+01          -1.240e+01              87.760          -1.747e+01              68.362           1.682e+01     
  90.000         268.000           -1.185e+01          -1.240e+01              87.792          -2.103e+01              66.672           1.849e+01     
  90.000         269.000           -1.226e+01          -1.241e+01              87.813          -2.719e+01              61.559           2.210e+01     
  90.000         270.000           -1.240e+01          -1.241e+01              87.822          -4.195e+01             322.511           3.132e+01     
  90.000         271.000           -1.223e+01          -1.240e+01              87.821          -2.623e+01             260.376           3.193e+01     
  90.000         272.000           -1.178e+01          -1.240e+01              87.808          -2.055e+01             256.084           2.319e+01     
  90.000         273.000           -1.114e+01          -1.240e+01              87.783          -1.716e+01             254.598           2.002e+01     
  90.000         274.000           -1.040e+01          -1.239e+01              87.746          -1.475e+01             253.862           1.862e+01     
  90.000         275.000           -9.620e+00          -1.238e+01              87.696          -1.289e+01             253.438           1.807e+01     
  90.000         276.000           -8.848e+00          -1.237e+01              87.631          -1.140e+01             253.180           1.799e+01     
  90.000         277.000           -8.110e+00          -1.236e+01              87.550          -1.016e+01             253.023           1.818e+01     
  90.000         278.000           -7.419e+00          -1.235e+01              87.452          -9.100e+00             252.936           1.851e+01     
  90.000         279.000           -6.779e+00          -1.234e+01              87.335          -8.192e+00             252.902           1.893e+01     
  90.000         280.000           -6.193e+00          -1.233e+01              87.197          -7.404e+00             252.912           1.941e+01     
  90.000         281.000           -5.659e+00          -1.232e+01              87.035          -6.714e+00             252.961           1.991e+01     
  90.000         282.000           -5.174e+00          -1.231e+01              86.849          -6.108e+00             253.046           2.044e+01     
  90.000         283.000           -4.738e+00          -1.230e+01              86.635          -5.575e+00             253.167           2.099e+01     
  90.000         284.000           -4.346e+00          -1.229e+01              86.391          -5.106e+00             253.323           2.156e+01     
  90.000         285.000           -3.997e+00          -1.228e+01              86.115          -4.694e+00             253.516           2.216e+01     
  90.000         286.000           -3.687e+00          -1.228e+01              85.805          -4.334e+00             253.748           2.279e+01     
  90.000         287.000           -3.415e+00          -1.228e+01              85.458          -4.020e+00             254.021           2.348e+01     
  90.000         288.000           -3.178e+00          -1.228e+01              85.073          -3.749e+00             254.340           2.424e+01     
  90.000         289.000           -2.975e+00          -1.228e+01              84.646          -3.517e+00             254.708           2.508e+01     
  90.000         290.000           -2.804e+00          -1.229e+01              84.176          -3.323e+00             255.130           2.605e+01     
  90.000         291.000           -2.663e+00          -1.230e+01              83.660          -3.163e+00             255.610           2.720e+01     
  90.000         292.000           -2.551e+00          -1.232e+01              83.097          -3.035e+00             256.155           2.859e+01     
  90.000         293.000           -2.466e+00          -1.234e+01              82.484          -2.937e+00             256.770           3.038e+01     
  90.000         294.000           -2.407e+00          -1.237e+01              81.820          -2.868e+00             257.463           3.281e+01     
  90.000         295.000           -2.372e+00          -1.241e+01              81.102          -2.826e+00             258.242           3.652e+01     
  90.000         296.000           -2.360e+00          -1.245e+01              80.329          -2.808e+00             259.114           4.000e+01     
  90.000         297.000           -2.370e+00          -1.250e+01              79.498          -2.814e+00             260.088           4.000e+01     
  90.000         298.000           -2.399e+00          -1.255e+01              78.610          -2.840e+00             261.173           3.758e+01     
  90.000         299.000           -2.447e+00          -1.262e+01              77.661          -2.886e+00             262.378           3.230e+01     
  90.000         300.000           -2.511e+00          -1.269e+01              76.651          -2.949e+00             263.714           2.881e+01     
  90.000         301.000           -2.590e+00          -1.278e+01              75.578          -3.027e+00             265.189           2.615e+01     
  90.000         302.000           -2.680e+00          -1.287e+01              74.440          -3.117e+00             266.812           2.397e+01     
  90.000         303.000           -2.779e+00          -1.297e+01              73.237          -3.216e+00             268.591           2.212e+01     
  90.000         304.000           -2.884e+00          -1.309e+01              71.965          -3.320e+00             270.533           2.050e+01     
  90.000         305.000           -2.993e+00          -1.321e+01              70.625          -3.427e+00             272.640           1.907e+01     
  90.000         306.000           -3.101e+00          -1.335e+01              69.215          -3.532e+00             274.915           1.779e+01     
  90.000         307.000           -3.204e+00          -1.350e+01              67.733          -3.630e+00             277.352           1.666e+01     
  90.000         308.000           -3.300e+00          -1.366e+01              66.177          -3.719e+00             279.946           1.565e+01     
  90.000         309.000           -3.384e+00          -1.384e+01              64.546          -3.793e+00             282.681           1.477e+01     
  90.000         310.000           -3.452e+00          -1.403e+01              62.838          -3.850e+00             285.539           1.401e+01     
  90.000         311.000           -3.502e+00          -1.424e+01              61.052          -3.884e+00             288.496           1.339e+01     
  90.000         312.000           -3.530e+00          -1.447e+01              59.183          -3.895e+00             291.523           1.289e+01     
  90.000         313.000           -3.535e+00          -1.471e+01              57.231          -3.880e+00             294.587           1.254e+01     
  90.000         314.000           -3.515e+00          -1.497e+01              55.190          -3.838e+00             297.655           1.232e+01     
  90.000         315.000           -3.472e+00          -1.525e+01              53.058          -3.770e+00             300.693           1.225e+01     
  90.000         316.000           -3.405e+00          -1.555e+01              50.829          -3.679e+00             303.669           1.232e+01     
  90.000         317.000           -3.318e+00          -1.588e+01              48.497          -3.566e+00             306.554           1.252e+01     
  90.000         318.000           -3.212e+00          -1.623e+01              46.054          -3.434e+00             309.326           1.286e+01     
  90.000         319.000           -3.091e+00          -1.660e+01              43.491          -3.288e+00             311.967           1.332e+01     
  90.000         320.000           -2.958e+00          -1.701e+01              40.794          -3.132e+00             314.467           1.390e+01     
  90.000         321.000           -2.817e+00          -1.745e+01              37.948          -2.969e+00             316.817           1.460e+01     
  90.000         322.000           -2.671e+00          -1.793e+01              34.932          -2.803e+00             319.018           1.541e+01     
  90.000         323.000           -2.525e+00          -1.845e+01              31.717          -2.638e+00             321.071           1.634e+01     
  90.000         324.000           -2.382e+00          -1.901e+01              28.268          -2.477e+00             322.982           1.741e+01     
  90.000         325.000           -2.243e+00          -1.963e+01              24.534          -2.323e+00             324.760           1.862e+01     
  90.000         326.000           -2.113e+00          -2.030e+01              20.447          -2.179e+00             326.415           2.001e+01     
  90.000         327.000           -1.993e+00          -2.104e+01              15.916          -2.047e+00             327.957           2.162e+01     
  90.000         328.000           -1.885e+00          -2.184e+01              10.811          -1.929e+00             329.399           2.355e+01     
  90.000         329.000           -1.790e+00          -2.272e+01               4.950          -1.825e+00             330.753           2.595e+01     
  90.000         330.000           -1.711e+00          -2.367e+01             358.078          -1.739e+00             332.031           2.912e+01     
  90.000         331.000           -1.647e+00          -2.467e+01             349.850          -1.669e+00             333.246           3.392e+01     
  90.000         332.000           -1.601e+00          -2.569e+01             339.828          -1.618e+00             334.410           4.000e+01     
  90.000         333.000           -1.572e+00          -2.662e+01             327.579          -1.585e+00             335.535           4.000e+01     
  90.000         334.000           -1.561e+00          -2.731e+01             312.958          -1.572e+00             336.632           3.368e+01     
  90.000         335.000           -1.568e+00          -2.756e+01             296.622          -1.579e+00             337.713           2.963e+01     
  90.000         336.000           -1.593e+00          -2.726e+01             280.114          -1.605e+00             338.789           2.703e+01     
  90.000         337.000           -1.636e+00          -2.649e+01             265.094          -1.650e+00             339.870           2.515e+01     
  90.000         338.000           -1.697e+00          -2.544e+01             252.392          -1.715e+00             340.968           2.373e+01     
  90.000         339.000           -1.775e+00          -2.428e+01             241.994          -1.799e+00             342.094           2.262e+01     
  90.000         340.000           -1.869e+00          -2.312e+01             233.486          -1.901e+00             343.255           2.176e+01     
  90.000         341.000           -1.978e+00          -2.202e+01             226.420          -2.022e+00             344.464           2.110e+01     
  90.000         342.000           -2.102e+00          -2.099e+01             220.426          -2.158e+00             345.727           2.064e+01     
  90.000         343.000           -2.238e+00          -2.004e+01             215.233          -2.311e+00             347.055           2.035e+01     
  90.000         344.000           -2.385e+00          -1.916e+01             210.644          -2.477e+00             348.454           2.024e+01     
  90.000         345.000           -2.541e+00          -1.835e+01             206.518          -2.657e+00             349.930           2.034e+01     
  90.000         346.000           -2.704e+00          -1.761e+01             202.754          -2.847e+00             351.489           2.067e+01     
  90.000         347.000           -2.871e+00          -1.693e+01             199.277          -3.046e+00             353.132           2.128e+01     
  90.000         348.000           -3.040e+00          -1.630e+01             196.032          -3.251e+00             354.862           2.226e+01     
  90.000         349.000           -3.208e+00          -1.571e+01             192.976          -3.459e+00             356.674           2.375e+01     
  90.000         350.000           -3.372e+00          -1.518e+01             190.078          -3.669e+00             358.562           2.608e+01     
  90.000         351.000           -3.530e+00          -1.468e+01             187.312          -3.877e+00               0.517           3.003e+01     
  90.000         352.000           -3.679e+00          -1.423e+01             184.658          -4.080e+00               2.524           3.953e+01     
  90.000         353.000           -3.818e+00          -1.381e+01             182.100          -4.277e+00               4.564           3.778e+01     
  90.000         354.000           -3.945e+00          -1.343e+01             179.624          -4.464e+00               6.614           2.828e+01     
  90.000         355.000           -4.059e+00          -1.307e+01             177.221          -4.641e+00               8.646           2.362e+01     
  90.000         356.000           -4.161e+00          -1.276e+01             174.879          -4.807e+00              10.630           2.049e+01     
  90.000         357.000           -4.250e+00          -1.247e+01             172.592          -4.960e+00              12.533           1.814e+01     
  90.000         358.000           -4.329e+00          -1.221e+01             170.352          -5.101e+00              14.321           1.627e+01     
  90.000         359.000           -4.398e+00          -1.198e+01             168.154          -5.232e+00              15.957           1.475e+01     
