Theta [deg.]  Phi   [deg.]  Abs(Grlz)[dBi   ]   Abs(Theta)[dBi   ]  Phase(Theta)[deg.]  Abs(Phi  )[dBi   ]  Phase(Phi  )[deg.]  Ax.Ratio[dB    ]    
------------------------------------------------------------------------------------------------------------------------------------------------------
  90.000           0.000            2.776e+00          -2.349e+01             344.217           2.765e+00             186.544           3.468e+01     
  90.000           1.000            2.957e+00          -2.426e+01             345.612           2.949e+00             185.277           3.668e+01     
  90.000           2.000            3.129e+00          -2.509e+01             347.537           3.123e+00             184.053           3.915e+01     
  90.000           3.000            3.291e+00          -2.599e+01             350.157           3.286e+00             182.872           4.000e+01     
  90.000           4.000            3.443e+00          -2.694e+01             353.697           3.439e+00             181.736           4.000e+01     
  90.000           5.000            3.585e+00          -2.793e+01             358.442           3.582e+00             180.644           4.000e+01     
  90.000           6.000            3.717e+00          -2.893e+01               4.734           3.715e+00             179.596           4.000e+01     
  90.000           7.000            3.839e+00          -2.984e+01              12.883           3.837e+00             178.594           4.000e+01     
  90.000           8.000            3.951e+00          -3.054e+01              22.960           3.950e+00             177.637           4.000e+01     
  90.000           9.000            4.053e+00          -3.089e+01              34.488           4.052e+00             176.726           3.921e+01     
  90.000          10.000            4.145e+00          -3.080e+01              46.343           4.144e+00             175.861           3.719e+01     
  90.000          11.000            4.227e+00          -3.028e+01              57.220           4.225e+00             175.042           3.558e+01     
  90.000          12.000            4.299e+00          -2.949e+01              66.295           4.297e+00             174.271           3.422e+01     
  90.000          13.000            4.360e+00          -2.856e+01              73.395           4.358e+00             173.548           3.305e+01     
  90.000          14.000            4.412e+00          -2.758e+01              78.745           4.409e+00             172.872           3.202e+01     
  90.000          15.000            4.454e+00          -2.664e+01              82.688           4.450e+00             172.246           3.109e+01     
  90.000          16.000            4.486e+00          -2.574e+01              85.542           4.481e+00             171.669           3.024e+01     
  90.000          17.000            4.507e+00          -2.490e+01              87.563           4.502e+00             171.143           2.945e+01     
  90.000          18.000            4.520e+00          -2.412e+01              88.944           4.514e+00             170.668           2.872e+01     
  90.000          19.000            4.522e+00          -2.340e+01              89.828           4.515e+00             170.245           2.804e+01     
  90.000          20.000            4.515e+00          -2.274e+01              90.320           4.507e+00             169.874           2.739e+01     
  90.000          21.000            4.498e+00          -2.213e+01              90.500           4.489e+00             169.558           2.677e+01     
  90.000          22.000            4.472e+00          -2.156e+01              90.427           4.462e+00             169.297           2.619e+01     
  90.000          23.000            4.437e+00          -2.103e+01              90.146           4.425e+00             169.092           2.562e+01     
  90.000          24.000            4.393e+00          -2.054e+01              89.692           4.379e+00             168.945           2.508e+01     
  90.000          25.000            4.340e+00          -2.009e+01              89.093           4.324e+00             168.856           2.455e+01     
  90.000          26.000            4.278e+00          -1.966e+01              88.371           4.261e+00             168.827           2.404e+01     
  90.000          27.000            4.208e+00          -1.926e+01              87.543           4.188e+00             168.858           2.355e+01     
  90.000          28.000            4.130e+00          -1.889e+01              86.624           4.108e+00             168.953           2.307e+01     
  90.000          29.000            4.044e+00          -1.854e+01              85.627           4.020e+00             169.110           2.261e+01     
  90.000          30.000            3.950e+00          -1.821e+01              84.560           3.924e+00             169.333           2.217e+01     
  90.000          31.000            3.849e+00          -1.790e+01              83.433           3.820e+00             169.621           2.174e+01     
  90.000          32.000            3.742e+00          -1.760e+01              82.253           3.710e+00             169.977           2.132e+01     
  90.000          33.000            3.628e+00          -1.732e+01              81.028           3.593e+00             170.400           2.092e+01     
  90.000          34.000            3.508e+00          -1.706e+01              79.764           3.470e+00             170.892           2.053e+01     
  90.000          35.000            3.383e+00          -1.681e+01              78.464           3.341e+00             171.453           2.016e+01     
  90.000          36.000            3.252e+00          -1.657e+01              77.134           3.207e+00             172.083           1.981e+01     
  90.000          37.000            3.118e+00          -1.635e+01              75.780           3.069e+00             172.783           1.948e+01     
  90.000          38.000            2.980e+00          -1.613e+01              74.404           2.926e+00             173.552           1.917e+01     
  90.000          39.000            2.838e+00          -1.592e+01              73.010           2.780e+00             174.390           1.888e+01     
  90.000          40.000            2.695e+00          -1.573e+01              71.603           2.632e+00             175.295           1.861e+01     
  90.000          41.000            2.549e+00          -1.554e+01              70.187           2.481e+00             176.265           1.837e+01     
  90.000          42.000            2.402e+00          -1.535e+01              68.763           2.328e+00             177.299           1.816e+01     
  90.000          43.000            2.254e+00          -1.518e+01              67.336           2.174e+00             178.394           1.797e+01     
  90.000          44.000            2.106e+00          -1.501e+01              65.909           2.020e+00             179.546           1.782e+01     
  90.000          45.000            1.958e+00          -1.485e+01              64.484           1.866e+00             180.751           1.770e+01     
  90.000          46.000            1.811e+00          -1.469e+01              63.064           1.713e+00             182.005           1.761e+01     
  90.000          47.000            1.665e+00          -1.454e+01              61.653           1.560e+00             183.303           1.756e+01     
  90.000          48.000            1.521e+00          -1.439e+01              60.253           1.408e+00             184.640           1.754e+01     
  90.000          49.000            1.379e+00          -1.425e+01              58.865           1.258e+00             186.008           1.757e+01     
  90.000          50.000            1.238e+00          -1.411e+01              57.493           1.110e+00             187.403           1.763e+01     
  90.000          51.000            1.099e+00          -1.398e+01              56.139           9.623e-01             188.817           1.774e+01     
  90.000          52.000            9.621e-01          -1.385e+01              54.804           8.163e-01             190.243           1.789e+01     
  90.000          53.000            8.262e-01          -1.372e+01              53.492           6.712e-01             191.675           1.809e+01     
  90.000          54.000            6.911e-01          -1.360e+01              52.201           5.265e-01             193.107           1.834e+01     
  90.000          55.000            5.564e-01          -1.349e+01              50.937           3.817e-01             194.530           1.863e+01     
  90.000          56.000            4.213e-01          -1.337e+01              49.700           2.361e-01             195.940           1.897e+01     
  90.000          57.000            2.850e-01          -1.326e+01              48.491           8.879e-02             197.329           1.937e+01     
  90.000          58.000            1.467e-01          -1.316e+01              47.312          -6.120e-02             198.694           1.981e+01     
  90.000          59.000            5.317e-03          -1.305e+01              46.163          -2.149e-01             200.028           2.032e+01     
  90.000          60.000           -1.403e-01          -1.295e+01              45.046          -3.736e-01             201.328           2.089e+01     
  90.000          61.000           -2.912e-01          -1.286e+01              43.962          -5.386e-01             202.590           2.152e+01     
  90.000          62.000           -4.486e-01          -1.276e+01              42.911          -7.112e-01             203.810           2.223e+01     
  90.000          63.000           -6.139e-01          -1.268e+01              41.895          -8.929e-01             204.985           2.302e+01     
  90.000          64.000           -7.884e-01          -1.259e+01              40.913          -1.085e+00             206.115           2.392e+01     
  90.000          65.000           -9.735e-01          -1.251e+01              39.968          -1.290e+00             207.196           2.493e+01     
  90.000          66.000           -1.171e+00          -1.243e+01              39.058          -1.508e+00             208.229           2.610e+01     
  90.000          67.000           -1.381e+00          -1.235e+01              38.184          -1.743e+00             209.211           2.746e+01     
  90.000          68.000           -1.607e+00          -1.228e+01              37.347          -1.995e+00             210.144           2.909e+01     
  90.000          69.000           -1.849e+00          -1.221e+01              36.547          -2.268e+00             211.026           3.111e+01     
  90.000          70.000           -2.109e+00          -1.215e+01              35.785          -2.562e+00             211.858           3.378e+01     
  90.000          71.000           -2.389e+00          -1.208e+01              35.059          -2.882e+00             212.641           3.768e+01     
  90.000          72.000           -2.690e+00          -1.203e+01              34.371          -3.229e+00             213.375           4.000e+01     
  90.000          73.000           -3.015e+00          -1.197e+01              33.720          -3.606e+00             214.061           4.000e+01     
  90.000          74.000           -3.365e+00          -1.192e+01              33.107          -4.018e+00             214.700           4.000e+01     
  90.000          75.000           -3.743e+00          -1.187e+01              32.532          -4.469e+00             215.293           3.519e+01     
  90.000          76.000           -4.149e+00          -1.182e+01              31.993          -4.963e+00             215.840           3.195e+01     
  90.000          77.000           -4.587e+00          -1.178e+01              31.493          -5.506e+00             216.343           2.956e+01     
  90.000          78.000           -5.057e+00          -1.174e+01              31.029          -6.106e+00             216.802           2.767e+01     
  90.000          79.000           -5.562e+00          -1.171e+01              30.603          -6.771e+00             217.219           2.610e+01     
  90.000          80.000           -6.103e+00          -1.167e+01              30.214          -7.513e+00             217.593           2.478e+01     
  90.000          81.000           -6.680e+00          -1.164e+01              29.863          -8.347e+00             217.926           2.366e+01     
  90.000          82.000           -7.291e+00          -1.162e+01              29.548          -9.293e+00             218.217           2.272e+01     
  90.000          83.000           -7.933e+00          -1.159e+01              29.271          -1.038e+01             218.467           2.198e+01     
  90.000          84.000           -8.598e+00          -1.157e+01              29.030          -1.164e+01             218.673           2.148e+01     
  90.000          85.000           -9.270e+00          -1.156e+01              28.826          -1.315e+01             218.834           2.130e+01     
  90.000          86.000           -9.926e+00          -1.154e+01              28.659          -1.500e+01             218.943           2.160e+01     
  90.000          87.000           -1.053e+01          -1.153e+01              28.529          -1.738e+01             218.984           2.263e+01     
  90.000          88.000           -1.103e+01          -1.152e+01              28.435          -2.071e+01             218.916           2.495e+01     
  90.000          89.000           -1.137e+01          -1.152e+01              28.378          -2.621e+01             218.538           3.004e+01     
  90.000          90.000           -1.152e+01          -1.152e+01              28.358          -4.496e+01             211.503           4.000e+01     
  90.000          91.000           -1.143e+01          -1.152e+01              28.374          -2.846e+01              40.638           3.056e+01     
  90.000          92.000           -1.114e+01          -1.152e+01              28.428          -2.183e+01              39.950           2.504e+01     
  90.000          93.000           -1.067e+01          -1.153e+01              28.517          -1.813e+01              39.670           2.254e+01     
  90.000          94.000           -1.009e+01          -1.154e+01              28.644          -1.556e+01              39.453           2.139e+01     
  90.000          95.000           -9.449e+00          -1.156e+01              28.807          -1.360e+01              39.239           2.103e+01     
  90.000          96.000           -8.780e+00          -1.157e+01              29.007          -1.202e+01              39.008           2.117e+01     
  90.000          97.000           -8.114e+00          -1.159e+01              29.244          -1.070e+01              38.751           2.165e+01     
  90.000          98.000           -7.467e+00          -1.162e+01              29.517          -9.575e+00              38.462           2.237e+01     
  90.000          99.000           -6.849e+00          -1.164e+01              29.828          -8.598e+00              38.140           2.330e+01     
  90.000         100.000           -6.265e+00          -1.167e+01              30.176          -7.740e+00              37.782           2.442e+01     
  90.000         101.000           -5.717e+00          -1.171e+01              30.561          -6.977e+00              37.387           2.573e+01     
  90.000         102.000           -5.205e+00          -1.174e+01              30.983          -6.295e+00              36.953           2.727e+01     
  90.000         103.000           -4.728e+00          -1.178e+01              31.443          -5.681e+00              36.478           2.913e+01     
  90.000         104.000           -4.284e+00          -1.182e+01              31.940          -5.125e+00              35.961           3.146e+01     
  90.000         105.000           -3.871e+00          -1.187e+01              32.475          -4.621e+00              35.401           3.458e+01     
  90.000         106.000           -3.488e+00          -1.192e+01              33.047          -4.161e+00              34.797           3.940e+01     
  90.000         107.000           -3.133e+00          -1.197e+01              33.656          -3.741e+00              34.148           4.000e+01     
  90.000         108.000           -2.803e+00          -1.203e+01              34.303          -3.356e+00              33.452           4.000e+01     
  90.000         109.000           -2.497e+00          -1.209e+01              34.988          -3.003e+00              32.709           3.810e+01     
  90.000         110.000           -2.213e+00          -1.215e+01              35.710          -2.677e+00              31.917           3.399e+01     
  90.000         111.000           -1.948e+00          -1.221e+01              36.470          -2.377e+00              31.077           3.123e+01     
  90.000         112.000           -1.703e+00          -1.228e+01              37.266          -2.100e+00              30.186           2.915e+01     
  90.000         113.000           -1.473e+00          -1.236e+01              38.100          -1.843e+00              29.246           2.749e+01     
  90.000         114.000           -1.260e+00          -1.243e+01              38.971          -1.604e+00              28.256           2.611e+01     
  90.000         115.000           -1.059e+00          -1.251e+01              39.878          -1.382e+00              27.217           2.493e+01     
  90.000         116.000           -8.711e-01          -1.260e+01              40.821          -1.173e+00              26.128           2.391e+01     
  90.000         117.000           -6.936e-01          -1.268e+01              41.800          -9.775e-01              24.992           2.301e+01     
  90.000         118.000           -5.255e-01          -1.277e+01              42.814          -7.925e-01              23.809           2.221e+01     
  90.000         119.000           -3.653e-01          -1.286e+01              43.863          -6.167e-01              22.583           2.149e+01     
  90.000         120.000           -2.117e-01          -1.296e+01              44.945          -4.486e-01              21.315           2.086e+01     
  90.000         121.000           -6.352e-02          -1.306e+01              46.060          -2.869e-01              20.009           2.029e+01     
  90.000         122.000            8.043e-02          -1.317e+01              47.208          -1.303e-01              18.669           1.978e+01     
  90.000         123.000            2.213e-01          -1.327e+01              48.386           2.251e-02              17.299           1.933e+01     
  90.000         124.000            3.600e-01          -1.338e+01              49.594           1.726e-01              15.904           1.894e+01     
  90.000         125.000            4.975e-01          -1.350e+01              50.831           3.209e-01              14.490           1.860e+01     
  90.000         126.000            6.346e-01          -1.362e+01              52.094           4.683e-01              13.062           1.831e+01     
  90.000         127.000            7.720e-01          -1.374e+01              53.385           6.155e-01              11.627           1.806e+01     
  90.000         128.000            9.103e-01          -1.386e+01              54.698           7.632e-01              10.192           1.787e+01     
  90.000         129.000            1.050e+00          -1.399e+01              56.033           9.117e-01               8.762           1.772e+01     
  90.000         130.000            1.191e+00          -1.413e+01              57.388           1.061e+00               7.346           1.761e+01     
  90.000         131.000            1.334e+00          -1.427e+01              58.762           1.212e+00               5.950           1.755e+01     
  90.000         132.000            1.478e+00          -1.441e+01              60.151           1.365e+00               4.580           1.752e+01     
  90.000         133.000            1.625e+00          -1.456e+01              61.554           1.519e+00               3.243           1.754e+01     
  90.000         134.000            1.772e+00          -1.471e+01              62.968           1.674e+00               1.944           1.759e+01     
  90.000         135.000            1.921e+00          -1.487e+01              64.391           1.829e+00               0.690           1.768e+01     
  90.000         136.000            2.071e+00          -1.503e+01              65.819           1.985e+00             359.485           1.781e+01     
  90.000         137.000            2.221e+00          -1.520e+01              67.251           2.141e+00             358.334           1.797e+01     
  90.000         138.000            2.370e+00          -1.538e+01              68.682           2.297e+00             357.241           1.815e+01     
  90.000         139.000            2.519e+00          -1.556e+01              70.111           2.451e+00             356.208           1.837e+01     
  90.000         140.000            2.667e+00          -1.575e+01              71.533           2.604e+00             355.240           1.862e+01     
  90.000         141.000            2.812e+00          -1.595e+01              72.945           2.754e+00             354.337           1.888e+01     
  90.000         142.000            2.955e+00          -1.616e+01              74.345           2.902e+00             353.501           1.918e+01     
  90.000         143.000            3.095e+00          -1.638e+01              75.727           3.046e+00             352.734           1.949e+01     
  90.000         144.000            3.231e+00          -1.661e+01              77.089           3.186e+00             352.036           1.982e+01     
  90.000         145.000            3.362e+00          -1.684e+01              78.426           3.321e+00             351.408           2.018e+01     
  90.000         146.000            3.489e+00          -1.710e+01              79.733           3.451e+00             350.850           2.055e+01     
  90.000         147.000            3.610e+00          -1.736e+01              81.006           3.575e+00             350.360           2.094e+01     
  90.000         148.000            3.725e+00          -1.764e+01              82.240           3.693e+00             349.939           2.134e+01     
  90.000         149.000            3.834e+00          -1.793e+01              83.427           3.805e+00             349.586           2.176e+01     
  90.000         150.000            3.935e+00          -1.825e+01              84.564           3.909e+00             349.300           2.219e+01     
  90.000         151.000            4.030e+00          -1.858e+01              85.641           4.006e+00             349.080           2.264e+01     
  90.000         152.000            4.117e+00          -1.893e+01              86.648           4.096e+00             348.925           2.311e+01     
  90.000         153.000            4.196e+00          -1.931e+01              87.578           4.177e+00             348.833           2.359e+01     
  90.000         154.000            4.267e+00          -1.971e+01              88.416           4.250e+00             348.803           2.408e+01     
  90.000         155.000            4.330e+00          -2.013e+01              89.150           4.314e+00             348.834           2.459e+01     
  90.000         156.000            4.384e+00          -2.059e+01              89.761           4.370e+00             348.925           2.512e+01     
  90.000         157.000            4.429e+00          -2.108e+01              90.227           4.416e+00             349.074           2.567e+01     
  90.000         158.000            4.465e+00          -2.161e+01              90.520           4.454e+00             349.280           2.624e+01     
  90.000         159.000            4.491e+00          -2.219e+01              90.606           4.482e+00             349.543           2.683e+01     
  90.000         160.000            4.509e+00          -2.280e+01              90.438           4.500e+00             349.860           2.745e+01     
  90.000         161.000            4.516e+00          -2.347e+01              89.957           4.509e+00             350.232           2.811e+01     
  90.000         162.000            4.514e+00          -2.419e+01              89.083           4.509e+00             350.656           2.880e+01     
  90.000         163.000            4.503e+00          -2.498e+01              87.710           4.498e+00             351.132           2.953e+01     
  90.000         164.000            4.481e+00          -2.583e+01              85.691           4.477e+00             351.659           3.032e+01     
  90.000         165.000            4.450e+00          -2.673e+01              82.830           4.447e+00             352.237           3.118e+01     
  90.000         166.000            4.409e+00          -2.770e+01              78.863           4.406e+00             352.864           3.212e+01     
  90.000         167.000            4.358e+00          -2.868e+01              73.460           4.356e+00             353.539           3.317e+01     
  90.000         168.000            4.296e+00          -2.963e+01              66.266           4.295e+00             354.263           3.436e+01     
  90.000         169.000            4.225e+00          -3.043e+01              57.044           4.224e+00             355.035           3.574e+01     
  90.000         170.000            4.144e+00          -3.095e+01              45.977           4.142e+00             355.853           3.739e+01     
  90.000         171.000            4.052e+00          -3.103e+01              33.935           4.051e+00             356.718           3.945e+01     
  90.000         172.000            3.951e+00          -3.066e+01              22.281           3.949e+00             357.629           4.000e+01     
  90.000         173.000            3.839e+00          -2.992e+01              12.159           3.837e+00             358.586           4.000e+01     
  90.000         174.000            3.718e+00          -2.899e+01               4.027           3.715e+00             359.589           4.000e+01     
  90.000         175.000            3.586e+00          -2.798e+01             357.783           3.583e+00               0.636           4.000e+01     
  90.000         176.000            3.444e+00          -2.698e+01             353.095           3.440e+00               1.727           4.000e+01     
  90.000         177.000            3.293e+00          -2.601e+01             349.612           3.287e+00               2.863           4.000e+01     
  90.000         178.000            3.131e+00          -2.511e+01             347.043           3.124e+00               4.043           3.893e+01     
  90.000         179.000            2.959e+00          -2.428e+01             345.163           2.951e+00               5.266           3.652e+01     
  90.000         180.000            2.778e+00          -2.351e+01             343.807           2.768e+00               6.533           3.455e+01     
  90.000         181.000            2.587e+00          -2.279e+01             342.855           2.575e+00               7.841           3.288e+01     
  90.000         182.000            2.386e+00          -2.214e+01             342.214           2.371e+00               9.192           3.140e+01     
  90.000         183.000            2.176e+00          -2.153e+01             341.820           2.158e+00              10.583           3.007e+01     
  90.000         184.000            1.956e+00          -2.097e+01             341.619           1.934e+00              12.015           2.886e+01     
  90.000         185.000            1.727e+00          -2.045e+01             341.575           1.700e+00              13.486           2.773e+01     
  90.000         186.000            1.488e+00          -1.998e+01             341.656           1.457e+00              14.996           2.667e+01     
  90.000         187.000            1.239e+00          -1.953e+01             341.839           1.203e+00              16.542           2.568e+01     
  90.000         188.000            9.816e-01          -1.912e+01             342.106           9.390e-01              18.125           2.473e+01     
  90.000         189.000            7.144e-01          -1.874e+01             342.440           6.649e-01              19.741           2.382e+01     
  90.000         190.000            4.378e-01          -1.839e+01             342.830           3.805e-01              21.389           2.294e+01     
  90.000         191.000            1.518e-01          -1.806e+01             343.265           8.569e-02              23.067           2.210e+01     
  90.000         192.000           -1.439e-01          -1.776e+01             343.737          -2.198e-01              24.773           2.128e+01     
  90.000         193.000           -4.492e-01          -1.748e+01             344.239          -5.361e-01              26.503           2.048e+01     
  90.000         194.000           -7.644e-01          -1.722e+01             344.764          -8.637e-01              28.255           1.971e+01     
  90.000         195.000           -1.090e+00          -1.699e+01             345.308          -1.203e+00              30.025           1.895e+01     
  90.000         196.000           -1.425e+00          -1.677e+01             345.866          -1.554e+00              31.810           1.821e+01     
  90.000         197.000           -1.772e+00          -1.657e+01             346.434          -1.918e+00              33.605           1.748e+01     
  90.000         198.000           -2.130e+00          -1.639e+01             347.009          -2.296e+00              35.405           1.677e+01     
  90.000         199.000           -2.500e+00          -1.623e+01             347.587          -2.688e+00              37.207           1.607e+01     
  90.000         200.000           -2.882e+00          -1.608e+01             348.165          -3.096e+00              39.003           1.537e+01     
  90.000         201.000           -3.279e+00          -1.595e+01             348.742          -3.520e+00              40.788           1.469e+01     
  90.000         202.000           -3.689e+00          -1.584e+01             349.314          -3.962e+00              42.555           1.401e+01     
  90.000         203.000           -4.115e+00          -1.574e+01             349.880          -4.425e+00              44.297           1.333e+01     
  90.000         204.000           -4.558e+00          -1.565e+01             350.437          -4.910e+00              46.005           1.266e+01     
  90.000         205.000           -5.020e+00          -1.558e+01             350.983          -5.419e+00              47.669           1.199e+01     
  90.000         206.000           -5.502e+00          -1.553e+01             351.516          -5.956e+00              49.279           1.131e+01     
  90.000         207.000           -6.005e+00          -1.548e+01             352.034          -6.525e+00              50.821           1.064e+01     
  90.000         208.000           -6.532e+00          -1.545e+01             352.536          -7.128e+00              52.281           9.951e+00     
  90.000         209.000           -7.086e+00          -1.544e+01             353.019          -7.772e+00              53.640           9.259e+00     
  90.000         210.000           -7.667e+00          -1.543e+01             353.481          -8.462e+00              54.874           8.558e+00     
  90.000         211.000           -8.279e+00          -1.544e+01             353.922          -9.206e+00              55.954           7.848e+00     
  90.000         212.000           -8.924e+00          -1.546e+01             354.337          -1.001e+01              56.838           7.134e+00     
  90.000         213.000           -9.602e+00          -1.550e+01             354.725          -1.089e+01              57.474           6.428e+00     
  90.000         214.000           -1.031e+01          -1.554e+01             355.085          -1.186e+01              57.783           5.759e+00     
  90.000         215.000           -1.106e+01          -1.560e+01             355.413          -1.294e+01              57.653           5.187e+00     
  90.000         216.000           -1.183e+01          -1.567e+01             355.707          -1.414e+01              56.909           4.835e+00     
  90.000         217.000           -1.262e+01          -1.576e+01             355.965          -1.550e+01              55.271           4.901e+00     
  90.000         218.000           -1.340e+01          -1.585e+01             356.185          -1.705e+01              52.268           5.618e+00     
  90.000         219.000           -1.414e+01          -1.596e+01             356.362          -1.881e+01              47.078           7.187e+00     
  90.000         220.000           -1.480e+01          -1.607e+01             356.494          -2.075e+01              38.255           9.909e+00     
  90.000         221.000           -1.531e+01          -1.620e+01             356.579          -2.263e+01              23.650           1.476e+01     
  90.000         222.000           -1.562e+01          -1.635e+01             356.611          -2.375e+01               2.309           2.891e+01     
  90.000         223.000           -1.568e+01          -1.650e+01             356.588          -2.334e+01             339.267           1.889e+01     
  90.000         224.000           -1.550e+01          -1.666e+01             356.505          -2.179e+01             321.736           1.177e+01     
  90.000         225.000           -1.511e+01          -1.684e+01             356.359          -1.996e+01             310.688           8.273e+00     
  90.000         226.000           -1.458e+01          -1.702e+01             356.144          -1.825e+01             304.001           6.349e+00     
  90.000         227.000           -1.398e+01          -1.722e+01             355.855          -1.676e+01             299.915           5.519e+00     
  90.000         228.000           -1.334e+01          -1.743e+01             355.487          -1.548e+01             297.393           5.506e+00     
  90.000         229.000           -1.270e+01          -1.765e+01             355.034          -1.437e+01             295.851           5.999e+00     
  90.000         230.000           -1.208e+01          -1.787e+01             354.491          -1.341e+01             294.947           6.743e+00     
  90.000         231.000           -1.150e+01          -1.811e+01             353.851          -1.257e+01             294.474           7.592e+00     
  90.000         232.000           -1.096e+01          -1.836e+01             353.107          -1.183e+01             294.300           8.475e+00     
  90.000         233.000           -1.046e+01          -1.861e+01             352.253          -1.118e+01             294.337           9.361e+00     
  90.000         234.000           -1.000e+01          -1.887e+01             351.280          -1.060e+01             294.527           1.024e+01     
  90.000         235.000           -9.587e+00          -1.913e+01             350.184          -1.010e+01             294.827           1.110e+01     
  90.000         236.000           -9.216e+00          -1.940e+01             348.957          -9.653e+00             295.207           1.196e+01     
  90.000         237.000           -8.885e+00          -1.968e+01             347.593          -9.263e+00             295.645           1.280e+01     
  90.000         238.000           -8.594e+00          -1.995e+01             346.087          -8.924e+00             296.123           1.364e+01     
  90.000         239.000           -8.340e+00          -2.022e+01             344.434          -8.631e+00             296.629           1.447e+01     
  90.000         240.000           -8.123e+00          -2.049e+01             342.632          -8.383e+00             297.154           1.531e+01     
  90.000         241.000           -7.942e+00          -2.075e+01             340.681          -8.176e+00             297.688           1.616e+01     
  90.000         242.000           -7.796e+00          -2.100e+01             338.583          -8.008e+00             298.227           1.702e+01     
  90.000         243.000           -7.684e+00          -2.123e+01             336.345          -7.880e+00             298.764           1.790e+01     
  90.000         244.000           -7.606e+00          -2.146e+01             333.976          -7.789e+00             299.297           1.882e+01     
  90.000         245.000           -7.562e+00          -2.166e+01             331.489          -7.734e+00             299.822           1.978e+01     
  90.000         246.000           -7.552e+00          -2.184e+01             328.902          -7.716e+00             300.335           2.079e+01     
  90.000         247.000           -7.575e+00          -2.200e+01             326.237          -7.735e+00             300.836           2.188e+01     
  90.000         248.000           -7.633e+00          -2.214e+01             323.520          -7.790e+00             301.322           2.307e+01     
  90.000         249.000           -7.726e+00          -2.224e+01             320.776          -7.882e+00             301.792           2.440e+01     
  90.000         250.000           -7.855e+00          -2.233e+01             318.036          -8.013e+00             302.244           2.591e+01     
  90.000         251.000           -8.021e+00          -2.238e+01             315.327          -8.183e+00             302.677           2.770e+01     
  90.000         252.000           -8.225e+00          -2.241e+01             312.677          -8.394e+00             303.091           2.992e+01     
  90.000         253.000           -8.470e+00          -2.242e+01             310.112          -8.649e+00             303.484           3.288e+01     
  90.000         254.000           -8.758e+00          -2.240e+01             307.653          -8.949e+00             303.856           3.742e+01     
  90.000         255.000           -9.090e+00          -2.237e+01             305.319          -9.299e+00             304.206           4.000e+01     
  90.000         256.000           -9.472e+00          -2.233e+01             303.124          -9.703e+00             304.534           4.000e+01     
  90.000         257.000           -9.906e+00          -2.227e+01             301.079          -1.017e+01             304.839           3.629e+01     
  90.000         258.000           -1.040e+01          -2.221e+01             299.190          -1.069e+01             305.121           3.182e+01     
  90.000         259.000           -1.095e+01          -2.214e+01             297.463          -1.130e+01             305.379           2.874e+01     
  90.000         260.000           -1.158e+01          -2.206e+01             295.897          -1.198e+01             305.611           2.633e+01     
  90.000         261.000           -1.228e+01          -2.199e+01             294.493          -1.277e+01             305.818           2.431e+01     
  90.000         262.000           -1.307e+01          -2.192e+01             293.249          -1.368e+01             305.999           2.253e+01     
  90.000         263.000           -1.396e+01          -2.186e+01             292.163          -1.474e+01             306.151           2.092e+01     
  90.000         264.000           -1.497e+01          -2.179e+01             291.231          -1.598e+01             306.272           1.945e+01     
  90.000         265.000           -1.610e+01          -2.174e+01             290.450          -1.748e+01             306.358           1.814e+01     
  90.000         266.000           -1.735e+01          -2.170e+01             289.817          -1.934e+01             306.399           1.706e+01     
  90.000         267.000           -1.870e+01          -2.166e+01             289.329          -2.176e+01             306.375           1.649e+01     
  90.000         268.000           -2.005e+01          -2.163e+01             288.984          -2.519e+01             306.225           1.712e+01     
  90.000         269.000           -2.114e+01          -2.162e+01             288.779          -3.099e+01             305.657           2.099e+01     
  90.000         270.000           -2.161e+01          -2.161e+01             288.715          -5.701e+01             281.410           4.000e+01     
  90.000         271.000           -2.122e+01          -2.162e+01             288.790          -3.181e+01             128.228           2.046e+01     
  90.000         272.000           -2.017e+01          -2.164e+01             289.005          -2.560e+01             127.501           1.668e+01     
  90.000         273.000           -1.884e+01          -2.166e+01             289.361          -2.204e+01             127.217           1.609e+01     
  90.000         274.000           -1.748e+01          -2.170e+01             289.860          -1.955e+01             127.021           1.670e+01     
  90.000         275.000           -1.622e+01          -2.174e+01             290.505          -1.765e+01             126.846           1.783e+01     
  90.000         276.000           -1.508e+01          -2.180e+01             291.297          -1.612e+01             126.669           1.919e+01     
  90.000         277.000           -1.406e+01          -2.186e+01             292.241          -1.485e+01             126.481           2.069e+01     
  90.000         278.000           -1.316e+01          -2.193e+01             293.339          -1.378e+01             126.278           2.233e+01     
  90.000         279.000           -1.236e+01          -2.200e+01             294.595          -1.286e+01             126.056           2.414e+01     
  90.000         280.000           -1.165e+01          -2.207e+01             296.012          -1.207e+01             125.815           2.619e+01     
  90.000         281.000           -1.102e+01          -2.214e+01             297.590          -1.137e+01             125.553           2.863e+01     
  90.000         282.000           -1.046e+01          -2.221e+01             299.331          -1.076e+01             125.271           3.175e+01     
  90.000         283.000           -9.966e+00          -2.228e+01             301.232          -1.023e+01             124.967           3.629e+01     
  90.000         284.000           -9.529e+00          -2.233e+01             303.290          -9.763e+00             124.642           4.000e+01     
  90.000         285.000           -9.144e+00          -2.238e+01             305.498          -9.355e+00             124.296           4.000e+01     
  90.000         286.000           -8.808e+00          -2.241e+01             307.844          -9.002e+00             123.929           3.711e+01     
  90.000         287.000           -8.518e+00          -2.242e+01             310.313          -8.698e+00             123.541           3.264e+01     
  90.000         288.000           -8.270e+00          -2.241e+01             312.888          -8.441e+00             123.133           2.972e+01     
  90.000         289.000           -8.064e+00          -2.238e+01             315.546          -8.228e+00             122.705           2.753e+01     
  90.000         290.000           -7.896e+00          -2.232e+01             318.262          -8.055e+00             122.259           2.575e+01     
  90.000         291.000           -7.765e+00          -2.224e+01             321.008          -7.923e+00             121.794           2.425e+01     
  90.000         292.000           -7.670e+00          -2.213e+01             323.755          -7.828e+00             121.311           2.294e+01     
  90.000         293.000           -7.610e+00          -2.199e+01             326.474          -7.772e+00             120.813           2.176e+01     
  90.000         294.000           -7.585e+00          -2.183e+01             329.139          -7.752e+00             120.300           2.067e+01     
  90.000         295.000           -7.594e+00          -2.165e+01             331.724          -7.768e+00             119.774           1.966e+01     
  90.000         296.000           -7.637e+00          -2.144e+01             334.207          -7.821e+00             119.237           1.871e+01     
  90.000         297.000           -7.713e+00          -2.122e+01             336.573          -7.911e+00             118.692           1.780e+01     
  90.000         298.000           -7.823e+00          -2.098e+01             338.806          -8.039e+00             118.141           1.692e+01     
  90.000         299.000           -7.968e+00          -2.073e+01             340.898          -8.205e+00             117.590           1.606e+01     
  90.000         300.000           -8.148e+00          -2.047e+01             342.842          -8.411e+00             117.042           1.521e+01     
  90.000         301.000           -8.364e+00          -2.020e+01             344.638          -8.658e+00             116.504           1.438e+01     
  90.000         302.000           -8.616e+00          -1.993e+01             346.284          -8.950e+00             115.983           1.354e+01     
  90.000         303.000           -8.907e+00          -1.965e+01             347.784          -9.289e+00             115.488           1.271e+01     
  90.000         304.000           -9.236e+00          -1.938e+01             349.142          -9.678e+00             115.034           1.187e+01     
  90.000         305.000           -9.606e+00          -1.911e+01             350.363          -1.012e+01             114.635           1.102e+01     
  90.000         306.000           -1.002e+01          -1.885e+01             351.453          -1.063e+01             114.315           1.015e+01     
  90.000         307.000           -1.047e+01          -1.859e+01             352.420          -1.120e+01             114.102           9.274e+00     
  90.000         308.000           -1.097e+01          -1.833e+01             353.269          -1.185e+01             114.037           8.385e+00     
  90.000         309.000           -1.151e+01          -1.809e+01             354.008          -1.259e+01             114.181           7.499e+00     
  90.000         310.000           -1.209e+01          -1.785e+01             354.644          -1.343e+01             114.617           6.644e+00     
  90.000         311.000           -1.271e+01          -1.763e+01             355.183          -1.440e+01             115.477           5.892e+00     
  90.000         312.000           -1.334e+01          -1.741e+01             355.632          -1.551e+01             116.965           5.390e+00     
  90.000         313.000           -1.398e+01          -1.720e+01             355.997          -1.680e+01             119.419           5.398e+00     
  90.000         314.000           -1.459e+01          -1.700e+01             356.283          -1.829e+01             123.422           6.229e+00     
  90.000         315.000           -1.512e+01          -1.682e+01             356.495          -2.002e+01             130.015           8.152e+00     
  90.000         316.000           -1.551e+01          -1.664e+01             356.639          -2.188e+01             140.998           1.163e+01     
  90.000         317.000           -1.569e+01          -1.648e+01             356.720          -2.349e+01             158.632           1.863e+01     
  90.000         318.000           -1.563e+01          -1.633e+01             356.741          -2.393e+01             182.080           2.961e+01     
  90.000         319.000           -1.533e+01          -1.618e+01             356.707          -2.279e+01             203.833           1.487e+01     
  90.000         320.000           -1.482e+01          -1.606e+01             356.622          -2.087e+01             218.601           9.947e+00     
  90.000         321.000           -1.416e+01          -1.594e+01             356.488          -1.890e+01             227.439           7.194e+00     
  90.000         322.000           -1.342e+01          -1.583e+01             356.310          -1.712e+01             232.598           5.602e+00     
  90.000         323.000           -1.263e+01          -1.574e+01             356.090          -1.555e+01             235.560           4.868e+00     
  90.000         324.000           -1.185e+01          -1.566e+01             355.831          -1.418e+01             237.161           4.792e+00     
  90.000         325.000           -1.108e+01          -1.559e+01             355.537          -1.297e+01             237.873           5.142e+00     
  90.000         326.000           -1.033e+01          -1.553e+01             355.208          -1.190e+01             237.976           5.715e+00     
  90.000         327.000           -9.619e+00          -1.548e+01             354.849          -1.092e+01             237.644           6.387e+00     
  90.000         328.000           -8.940e+00          -1.545e+01             354.461          -1.004e+01             236.988           7.096e+00     
  90.000         329.000           -8.295e+00          -1.543e+01             354.047          -9.230e+00             236.087           7.813e+00     
  90.000         330.000           -7.683e+00          -1.542e+01             353.607          -8.484e+00             234.992           8.526e+00     
  90.000         331.000           -7.100e+00          -1.542e+01             353.146          -7.792e+00             233.746           9.230e+00     
  90.000         332.000           -6.546e+00          -1.544e+01             352.664          -7.146e+00             232.377           9.925e+00     
  90.000         333.000           -6.018e+00          -1.547e+01             352.164          -6.541e+00             230.908           1.061e+01     
  90.000         334.000           -5.514e+00          -1.551e+01             351.647          -5.972e+00             229.357           1.129e+01     
  90.000         335.000           -5.032e+00          -1.557e+01             351.116          -5.434e+00             227.740           1.197e+01     
  90.000         336.000           -4.570e+00          -1.564e+01             350.572          -4.923e+00             226.069           1.264e+01     
  90.000         337.000           -4.126e+00          -1.572e+01             350.018          -4.438e+00             224.356           1.332e+01     
  90.000         338.000           -3.699e+00          -1.582e+01             349.455          -3.974e+00             222.610           1.400e+01     
  90.000         339.000           -3.288e+00          -1.594e+01             348.886          -3.531e+00             220.838           1.468e+01     
  90.000         340.000           -2.892e+00          -1.607e+01             348.313          -3.106e+00             219.049           1.536e+01     
  90.000         341.000           -2.509e+00          -1.621e+01             347.738          -2.698e+00             217.249           1.606e+01     
  90.000         342.000           -2.138e+00          -1.638e+01             347.164          -2.305e+00             215.445           1.677e+01     
  90.000         343.000           -1.780e+00          -1.656e+01             346.594          -1.927e+00             213.642           1.748e+01     
  90.000         344.000           -1.433e+00          -1.676e+01             346.031          -1.562e+00             211.844           1.821e+01     
  90.000         345.000           -1.097e+00          -1.697e+01             345.479          -1.211e+00             210.057           1.895e+01     
  90.000         346.000           -7.712e-01          -1.721e+01             344.942          -8.709e-01             208.285           1.971e+01     
  90.000         347.000           -4.556e-01          -1.747e+01             344.423          -5.429e-01             206.531           2.049e+01     
  90.000         348.000           -1.500e-01          -1.775e+01             343.929          -2.262e-01             204.799           2.129e+01     
  90.000         349.000            1.460e-01          -1.805e+01             343.466           7.965e-02             203.091           2.211e+01     
  90.000         350.000            4.324e-01          -1.837e+01             343.041           3.748e-01             201.412           2.296e+01     
  90.000         351.000            7.093e-01          -1.873e+01             342.661           6.595e-01             199.762           2.384e+01     
  90.000         352.000            9.767e-01          -1.911e+01             342.339           9.339e-01             198.144           2.476e+01     
  90.000         353.000            1.235e+00          -1.952e+01             342.086           1.198e+00             196.561           2.571e+01     
  90.000         354.000            1.483e+00          -1.996e+01             341.918           1.452e+00             195.013           2.672e+01     
  90.000         355.000            1.723e+00          -2.044e+01             341.854           1.696e+00             193.502           2.778e+01     
  90.000         356.000            1.952e+00          -2.096e+01             341.918           1.930e+00             192.030           2.891e+01     
  90.000         357.000            2.173e+00          -2.152e+01             342.140           2.154e+00             190.597           3.014e+01     
  90.000         358.000            2.383e+00          -2.212e+01             342.561           2.368e+00             189.204           3.148e+01     
  90.000         359.000            2.584e+00          -2.278e+01             343.230           2.572e+00             187.853           3.298e+01     
