Theta [deg.]  Phi   [deg.]  Abs(Grlz)[dBi   ]   Abs(Theta)[dBi   ]  Phase(Theta)[deg.]  Abs(Phi  )[dBi   ]  Phase(Phi  )[deg.]  Ax.Ratio[dB    ]    
------------------------------------------------------------------------------------------------------------------------------------------------------
  90.000           0.000           -1.585e-01          -1.201e+01             121.661          -4.516e-01             272.231           1.819e+01     
  90.000           1.000            1.373e-01          -1.161e+01             120.493          -1.630e-01             274.315           1.905e+01     
  90.000           2.000            4.285e-01          -1.124e+01             119.183           1.219e-01             276.191           2.005e+01     
  90.000           3.000            7.111e-01          -1.087e+01             117.751           3.986e-01             277.869           2.120e+01     
  90.000           4.000            9.816e-01          -1.053e+01             116.219           6.635e-01             279.359           2.253e+01     
  90.000           5.000            1.237e+00          -1.020e+01             114.602           9.136e-01             280.673           2.410e+01     
  90.000           6.000            1.476e+00          -9.892e+00             112.917           1.146e+00             281.826           2.599e+01     
  90.000           7.000            1.695e+00          -9.599e+00             111.176           1.360e+00             282.828           2.838e+01     
  90.000           8.000            1.894e+00          -9.323e+00             109.391           1.553e+00             283.693           3.161e+01     
  90.000           9.000            2.073e+00          -9.065e+00             107.572           1.725e+00             284.431           3.671e+01     
  90.000          10.000            2.229e+00          -8.824e+00             105.728           1.874e+00             285.051           4.000e+01     
  90.000          11.000            2.362e+00          -8.600e+00             103.865           2.000e+00             285.563           4.000e+01     
  90.000          12.000            2.473e+00          -8.394e+00             101.991           2.102e+00             285.972           3.440e+01     
  90.000          13.000            2.560e+00          -8.206e+00             100.111           2.180e+00             286.285           3.051e+01     
  90.000          14.000            2.624e+00          -8.037e+00              98.229           2.234e+00             286.505           2.787e+01     
  90.000          15.000            2.664e+00          -7.885e+00              96.350           2.264e+00             286.636           2.589e+01     
  90.000          16.000            2.681e+00          -7.753e+00              94.475           2.269e+00             286.678           2.431e+01     
  90.000          17.000            2.673e+00          -7.641e+00              92.608           2.249e+00             286.630           2.301e+01     
  90.000          18.000            2.641e+00          -7.547e+00              90.750           2.203e+00             286.491           2.190e+01     
  90.000          19.000            2.584e+00          -7.475e+00              88.904           2.133e+00             286.258           2.095e+01     
  90.000          20.000            2.503e+00          -7.423e+00              87.069           2.037e+00             285.923           2.012e+01     
  90.000          21.000            2.397e+00          -7.392e+00              85.246           1.915e+00             285.479           1.939e+01     
  90.000          22.000            2.266e+00          -7.383e+00              83.435           1.768e+00             284.915           1.876e+01     
  90.000          23.000            2.110e+00          -7.397e+00              81.636           1.594e+00             284.219           1.821e+01     
  90.000          24.000            1.928e+00          -7.434e+00              79.848           1.394e+00             283.375           1.773e+01     
  90.000          25.000            1.721e+00          -7.495e+00              78.069           1.167e+00             282.362           1.733e+01     
  90.000          26.000            1.489e+00          -7.580e+00              76.299           9.150e-01             281.156           1.700e+01     
  90.000          27.000            1.233e+00          -7.691e+00              74.536           6.374e-01             279.730           1.676e+01     
  90.000          28.000            9.526e-01          -7.829e+00              72.776           3.358e-01             278.050           1.660e+01     
  90.000          29.000            6.504e-01          -7.994e+00              71.019           1.228e-02             276.078           1.655e+01     
  90.000          30.000            3.289e-01          -8.188e+00              69.259          -3.297e-01             273.769           1.663e+01     
  90.000          31.000           -7.821e-03          -8.413e+00              67.495          -6.850e-01             271.076           1.686e+01     
  90.000          32.000           -3.538e-01          -8.669e+00              65.720          -1.046e+00             267.949           1.729e+01     
  90.000          33.000           -7.006e-01          -8.960e+00              63.930          -1.403e+00             264.339           1.797e+01     
  90.000          34.000           -1.037e+00          -9.286e+00              62.118          -1.741e+00             260.208           1.900e+01     
  90.000          35.000           -1.348e+00          -9.651e+00              60.276          -2.043e+00             255.538           2.051e+01     
  90.000          36.000           -1.617e+00          -1.006e+01              58.395          -2.288e+00             250.345           2.274e+01     
  90.000          37.000           -1.824e+00          -1.051e+01              56.461          -2.455e+00             244.691           2.618e+01     
  90.000          38.000           -1.948e+00          -1.101e+01              54.460          -2.524e+00             238.694           3.227e+01     
  90.000          39.000           -1.976e+00          -1.156e+01              52.369          -2.481e+00             232.518           4.000e+01     
  90.000          40.000           -1.896e+00          -1.218e+01              50.165          -2.323e+00             226.361           3.427e+01     
  90.000          41.000           -1.709e+00          -1.286e+01              47.811          -2.055e+00             220.410           2.929e+01     
  90.000          42.000           -1.424e+00          -1.363e+01              45.256          -1.694e+00             214.825           2.730e+01     
  90.000          43.000           -1.058e+00          -1.448e+01              42.432          -1.260e+00             209.710           2.675e+01     
  90.000          44.000           -6.291e-01          -1.543e+01              39.236          -7.753e-01             205.118           2.719e+01     
  90.000          45.000           -1.587e-01          -1.651e+01              35.516          -2.605e-01             201.057           2.849e+01     
  90.000          46.000            3.355e-01          -1.773e+01              31.030           2.671e-01             197.504           3.075e+01     
  90.000          47.000            8.381e-01          -1.912e+01              25.388           7.940e-01             194.418           3.441e+01     
  90.000          48.000            1.337e+00          -2.070e+01              17.932           1.310e+00             191.749           4.000e+01     
  90.000          49.000            1.824e+00          -2.244e+01               7.556           1.808e+00             189.447           4.000e+01     
  90.000          50.000            2.293e+00          -2.419e+01             352.605           2.283e+00             187.465           3.831e+01     
  90.000          51.000            2.738e+00          -2.547e+01             331.818           2.731e+00             185.758           3.328e+01     
  90.000          52.000            3.157e+00          -2.559e+01             307.649           3.151e+00             184.289           3.030e+01     
  90.000          53.000            3.548e+00          -2.447e+01             286.357           3.542e+00             183.024           2.825e+01     
  90.000          54.000            3.910e+00          -2.282e+01             270.920           3.901e+00             181.935           2.673e+01     
  90.000          55.000            4.242e+00          -2.116e+01             260.263           4.230e+00             180.997           2.554e+01     
  90.000          56.000            4.544e+00          -1.964e+01             252.696           4.527e+00             180.189           2.458e+01     
  90.000          57.000            4.814e+00          -1.831e+01             247.059           4.793e+00             179.494           2.380e+01     
  90.000          58.000            5.055e+00          -1.716e+01             242.660           5.029e+00             178.896           2.314e+01     
  90.000          59.000            5.265e+00          -1.614e+01             239.088           5.233e+00             178.382           2.258e+01     
  90.000          60.000            5.444e+00          -1.525e+01             236.093           5.407e+00             177.941           2.209e+01     
  90.000          61.000            5.592e+00          -1.445e+01             233.515           5.549e+00             177.563           2.166e+01     
  90.000          62.000            5.710e+00          -1.375e+01             231.249           5.661e+00             177.240           2.128e+01     
  90.000          63.000            5.798e+00          -1.311e+01             229.225           5.742e+00             176.965           2.094e+01     
  90.000          64.000            5.855e+00          -1.255e+01             227.392           5.791e+00             176.732           2.062e+01     
  90.000          65.000            5.880e+00          -1.203e+01             225.716           5.809e+00             176.535           2.032e+01     
  90.000          66.000            5.874e+00          -1.157e+01             224.169           5.795e+00             176.370           2.004e+01     
  90.000          67.000            5.836e+00          -1.115e+01             222.734           5.748e+00             176.232           1.977e+01     
  90.000          68.000            5.765e+00          -1.077e+01             221.394           5.667e+00             176.118           1.950e+01     
  90.000          69.000            5.661e+00          -1.042e+01             220.141           5.552e+00             176.026           1.923e+01     
  90.000          70.000            5.522e+00          -1.010e+01             218.964           5.401e+00             175.951           1.896e+01     
  90.000          71.000            5.347e+00          -9.813e+00             217.859           5.212e+00             175.892           1.867e+01     
  90.000          72.000            5.134e+00          -9.551e+00             216.820           4.984e+00             175.847           1.838e+01     
  90.000          73.000            4.882e+00          -9.312e+00             215.844           4.714e+00             175.814           1.806e+01     
  90.000          74.000            4.589e+00          -9.095e+00             214.927           4.399e+00             175.790           1.773e+01     
  90.000          75.000            4.251e+00          -8.899e+00             214.068           4.035e+00             175.776           1.736e+01     
  90.000          76.000            3.866e+00          -8.720e+00             213.266           3.619e+00             175.769           1.697e+01     
  90.000          77.000            3.429e+00          -8.559e+00             212.520           3.145e+00             175.769           1.654e+01     
  90.000          78.000            2.937e+00          -8.414e+00             211.828           2.606e+00             175.775           1.607e+01     
  90.000          79.000            2.383e+00          -8.284e+00             211.192           1.994e+00             175.787           1.556e+01     
  90.000          80.000            1.762e+00          -8.168e+00             210.610           1.296e+00             175.803           1.500e+01     
  90.000          81.000            1.065e+00          -8.066e+00             210.084           4.992e-01             175.825           1.438e+01     
  90.000          82.000            2.840e-01          -7.976e+00             209.612          -4.182e-01             175.853           1.370e+01     
  90.000          83.000           -5.908e-01          -7.898e+00             209.196          -1.484e+00             175.889           1.298e+01     
  90.000          84.000           -1.569e+00          -7.832e+00             208.836          -2.740e+00             175.935           1.223e+01     
  90.000          85.000           -2.655e+00          -7.777e+00             208.532          -4.251e+00             175.997           1.151e+01     
  90.000          86.000           -3.845e+00          -7.732e+00             208.284          -6.126e+00             176.087           1.097e+01     
  90.000          87.000           -5.100e+00          -7.698e+00             208.093          -8.567e+00             176.234           1.094e+01     
  90.000          88.000           -6.316e+00          -7.674e+00             207.960          -1.203e+01             176.519           1.222e+01     
  90.000          89.000           -7.270e+00          -7.659e+00             207.883          -1.793e+01             177.357           1.676e+01     
  90.000          90.000           -7.655e+00          -7.655e+00             207.865          -4.668e+01             229.737           4.000e+01     
  90.000          91.000           -7.302e+00          -7.661e+00             207.903          -1.831e+01             353.898           1.621e+01     
  90.000          92.000           -6.368e+00          -7.676e+00             208.000          -1.222e+01             354.791           1.184e+01     
  90.000          93.000           -5.159e+00          -7.702e+00             208.153          -8.695e+00             355.082           1.062e+01     
  90.000          94.000           -3.903e+00          -7.737e+00             208.364          -6.222e+00             355.224           1.069e+01     
  90.000          95.000           -2.710e+00          -7.783e+00             208.631          -4.328e+00             355.308           1.127e+01     
  90.000          96.000           -1.619e+00          -7.839e+00             208.955          -2.804e+00             355.361           1.202e+01     
  90.000          97.000           -6.369e-01          -7.907e+00             209.336          -1.539e+00             355.398           1.279e+01     
  90.000          98.000            2.419e-01          -7.986e+00             209.772          -4.660e-01             355.424           1.353e+01     
  90.000          99.000            1.026e+00          -8.077e+00             210.264           4.567e-01             355.445           1.422e+01     
  90.000         100.000            1.726e+00          -8.180e+00             210.811           1.258e+00             355.462           1.485e+01     
  90.000         101.000            2.351e+00          -8.296e+00             211.414           1.959e+00             355.477           1.542e+01     
  90.000         102.000            2.907e+00          -8.427e+00             212.071           2.575e+00             355.492           1.594e+01     
  90.000         103.000            3.401e+00          -8.572e+00             212.784           3.117e+00             355.509           1.642e+01     
  90.000         104.000            3.840e+00          -8.734e+00             213.551           3.593e+00             355.528           1.685e+01     
  90.000         105.000            4.227e+00          -8.912e+00             214.375           4.011e+00             355.552           1.725e+01     
  90.000         106.000            4.567e+00          -9.109e+00             215.256           4.376e+00             355.581           1.761e+01     
  90.000         107.000            4.862e+00          -9.325e+00             216.195           4.693e+00             355.617           1.795e+01     
  90.000         108.000            5.115e+00          -9.564e+00             217.194           4.965e+00             355.662           1.827e+01     
  90.000         109.000            5.329e+00          -9.825e+00             218.257           5.195e+00             355.718           1.857e+01     
  90.000         110.000            5.506e+00          -1.011e+01             219.386           5.385e+00             355.786           1.885e+01     
  90.000         111.000            5.646e+00          -1.043e+01             220.588           5.538e+00             355.869           1.913e+01     
  90.000         112.000            5.752e+00          -1.077e+01             221.867           5.654e+00             355.969           1.940e+01     
  90.000         113.000            5.824e+00          -1.115e+01             223.234           5.736e+00             356.090           1.967e+01     
  90.000         114.000            5.864e+00          -1.157e+01             224.699           5.785e+00             356.234           1.994e+01     
  90.000         115.000            5.871e+00          -1.204e+01             226.276           5.800e+00             356.405           2.023e+01     
  90.000         116.000            5.847e+00          -1.254e+01             227.985           5.784e+00             356.607           2.052e+01     
  90.000         117.000            5.792e+00          -1.311e+01             229.853           5.736e+00             356.845           2.084e+01     
  90.000         118.000            5.706e+00          -1.374e+01             231.916           5.657e+00             357.124           2.118e+01     
  90.000         119.000            5.590e+00          -1.444e+01             234.225           5.546e+00             357.451           2.156e+01     
  90.000         120.000            5.443e+00          -1.522e+01             236.850           5.405e+00             357.832           2.199e+01     
  90.000         121.000            5.265e+00          -1.611e+01             239.899           5.233e+00             358.276           2.247e+01     
  90.000         122.000            5.057e+00          -1.711e+01             243.529           5.030e+00             358.792           2.302e+01     
  90.000         123.000            4.818e+00          -1.825e+01             247.991           4.797e+00             359.392           2.367e+01     
  90.000         124.000            4.549e+00          -1.955e+01             253.689           4.532e+00               0.088           2.445e+01     
  90.000         125.000            4.249e+00          -2.103e+01             261.292           4.236e+00               0.895           2.539e+01     
  90.000         126.000            3.919e+00          -2.265e+01             271.900           3.910e+00               1.832           2.656e+01     
  90.000         127.000            3.559e+00          -2.423e+01             287.064           3.552e+00               2.919           2.805e+01     
  90.000         128.000            3.170e+00          -2.530e+01             307.706           3.164e+00               4.180           3.004e+01     
  90.000         129.000            2.752e+00          -2.522e+01             331.118           2.745e+00               5.644           3.291e+01     
  90.000         130.000            2.309e+00          -2.403e+01             351.577           2.298e+00               7.343           3.767e+01     
  90.000         131.000            1.842e+00          -2.236e+01               6.575           1.825e+00               9.316           4.000e+01     
  90.000         132.000            1.356e+00          -2.066e+01              17.114           1.328e+00              11.607           4.000e+01     
  90.000         133.000            8.571e-01          -1.911e+01              24.735           8.130e-01              14.262           3.481e+01     
  90.000         134.000            3.546e-01          -1.773e+01              30.515           2.865e-01              17.332           3.098e+01     
  90.000         135.000           -1.402e-01          -1.651e+01              35.112          -2.414e-01              20.866           2.864e+01     
  90.000         136.000           -6.122e-01          -1.544e+01              38.922          -7.574e-01              24.906           2.728e+01     
  90.000         137.000           -1.043e+00          -1.449e+01              42.191          -1.244e+00              29.479           2.678e+01     
  90.000         138.000           -1.414e+00          -1.364e+01              45.075          -1.682e+00              34.576           2.727e+01     
  90.000         139.000           -1.703e+00          -1.288e+01              47.679          -2.048e+00              40.150           2.916e+01     
  90.000         140.000           -1.896e+00          -1.219e+01              50.075          -2.321e+00              46.096           3.389e+01     
  90.000         141.000           -1.981e+00          -1.158e+01              52.314          -2.486e+00              52.260           4.000e+01     
  90.000         142.000           -1.960e+00          -1.102e+01              54.435          -2.535e+00              58.454           3.272e+01     
  90.000         143.000           -1.840e+00          -1.052e+01              56.462          -2.472e+00              64.480           2.640e+01     
  90.000         144.000           -1.637e+00          -1.007e+01              58.419          -2.310e+00              70.170           2.288e+01     
  90.000         145.000           -1.371e+00          -9.659e+00              60.320          -2.068e+00              75.405           2.060e+01     
  90.000         146.000           -1.061e+00          -9.292e+00              62.180          -1.768e+00              80.117           1.906e+01     
  90.000         147.000           -7.250e-01          -8.965e+00              64.008          -1.431e+00              84.290           1.801e+01     
  90.000         148.000           -3.781e-01          -8.673e+00              65.812          -1.074e+00              87.939           1.731e+01     
  90.000         149.000           -3.154e-02          -8.415e+00              67.599          -7.124e-01              91.103           1.687e+01     
  90.000         150.000            3.061e-01          -8.189e+00              69.375          -3.560e-01              93.829           1.663e+01     
  90.000         151.000            6.288e-01          -7.994e+00              71.145          -1.271e-02              96.167           1.655e+01     
  90.000         152.000            9.324e-01          -7.827e+00              72.912           3.123e-01              98.166           1.659e+01     
  90.000         153.000            1.214e+00          -7.688e+00              74.680           6.155e-01              99.869           1.674e+01     
  90.000         154.000            1.472e+00          -7.576e+00              76.451           8.947e-01             101.316           1.698e+01     
  90.000         155.000            1.706e+00          -7.489e+00              78.229           1.149e+00             102.539           1.730e+01     
  90.000         156.000            1.914e+00          -7.427e+00              80.014           1.377e+00             103.568           1.770e+01     
  90.000         157.000            2.097e+00          -7.389e+00              81.809           1.578e+00             104.427           1.817e+01     
  90.000         158.000            2.255e+00          -7.374e+00              83.614           1.754e+00             105.135           1.872e+01     
  90.000         159.000            2.387e+00          -7.381e+00              85.430           1.903e+00             105.708           1.936e+01     
  90.000         160.000            2.494e+00          -7.411e+00              87.258           2.026e+00             106.161           2.008e+01     
  90.000         161.000            2.577e+00          -7.461e+00              89.098           2.123e+00             106.503           2.090e+01     
  90.000         162.000            2.634e+00          -7.533e+00              90.949           2.195e+00             106.742           2.185e+01     
  90.000         163.000            2.668e+00          -7.624e+00              92.812           2.241e+00             106.885           2.296e+01     
  90.000         164.000            2.676e+00          -7.736e+00              94.683           2.262e+00             106.934           2.426e+01     
  90.000         165.000            2.661e+00          -7.866e+00              96.562           2.259e+00             106.893           2.583e+01     
  90.000         166.000            2.622e+00          -8.016e+00              98.446           2.230e+00             106.762           2.781e+01     
  90.000         167.000            2.559e+00          -8.184e+00             100.333           2.177e+00             106.539           3.044e+01     
  90.000         168.000            2.473e+00          -8.371e+00             102.218           2.100e+00             106.222           3.433e+01     
  90.000         169.000            2.363e+00          -8.575e+00             104.096           1.998e+00             105.806           4.000e+01     
  90.000         170.000            2.230e+00          -8.797e+00             105.964           1.873e+00             105.287           4.000e+01     
  90.000         171.000            2.075e+00          -9.036e+00             107.814           1.725e+00             104.656           3.664e+01     
  90.000         172.000            1.898e+00          -9.293e+00             109.638           1.555e+00             103.906           3.154e+01     
  90.000         173.000            1.700e+00          -9.567e+00             111.429           1.362e+00             103.027           2.830e+01     
  90.000         174.000            1.481e+00          -9.858e+00             113.177           1.150e+00             102.007           2.590e+01     
  90.000         175.000            1.244e+00          -1.017e+01             114.870           9.177e-01             100.835           2.401e+01     
  90.000         176.000            9.892e-01          -1.049e+01             116.494           6.688e-01              99.498           2.243e+01     
  90.000         177.000            7.201e-01          -1.083e+01             118.036           4.053e-01              97.983           2.110e+01     
  90.000         178.000            4.391e-01          -1.119e+01             119.478           1.301e-01              96.278           1.994e+01     
  90.000         179.000            1.498e-01          -1.157e+01             120.802          -1.528e-01              94.370           1.894e+01     
  90.000         180.000           -1.437e-01          -1.196e+01             121.984          -4.391e-01              92.252           1.807e+01     
  90.000         181.000           -4.362e-01          -1.238e+01             123.000          -7.233e-01              89.919           1.733e+01     
  90.000         182.000           -7.219e-01          -1.281e+01             123.822          -9.994e-01              87.373           1.670e+01     
  90.000         183.000           -9.946e-01          -1.325e+01             124.417          -1.261e+00              84.625           1.619e+01     
  90.000         184.000           -1.248e+00          -1.371e+01             124.749          -1.501e+00              81.694           1.581e+01     
  90.000         185.000           -1.474e+00          -1.419e+01             124.777          -1.713e+00              78.612           1.555e+01     
  90.000         186.000           -1.669e+00          -1.468e+01             124.456          -1.892e+00              75.421           1.543e+01     
  90.000         187.000           -1.827e+00          -1.518e+01             123.737          -2.032e+00              72.173           1.543e+01     
  90.000         188.000           -1.944e+00          -1.567e+01             122.570          -2.132e+00              68.929           1.556e+01     
  90.000         189.000           -2.019e+00          -1.616e+01             120.905          -2.190e+00              65.750           1.580e+01     
  90.000         190.000           -2.055e+00          -1.663e+01             118.702          -2.209e+00              62.697           1.615e+01     
  90.000         191.000           -2.052e+00          -1.706e+01             115.934          -2.191e+00              59.825           1.658e+01     
  90.000         192.000           -2.017e+00          -1.744e+01             112.605          -2.143e+00              57.179           1.707e+01     
  90.000         193.000           -1.954e+00          -1.775e+01             108.758          -2.070e+00              54.793           1.761e+01     
  90.000         194.000           -1.869e+00          -1.797e+01             104.485          -1.977e+00              52.691           1.817e+01     
  90.000         195.000           -1.770e+00          -1.808e+01              99.923          -1.873e+00              50.883           1.873e+01     
  90.000         196.000           -1.661e+00          -1.807e+01              95.247          -1.762e+00              49.374           1.929e+01     
  90.000         197.000           -1.548e+00          -1.796e+01              90.638          -1.649e+00              48.158           1.983e+01     
  90.000         198.000           -1.436e+00          -1.774e+01              86.255          -1.539e+00              47.227           2.035e+01     
  90.000         199.000           -1.328e+00          -1.745e+01              82.220          -1.435e+00              46.568           2.084e+01     
  90.000         200.000           -1.227e+00          -1.709e+01              78.603          -1.341e+00              46.165           2.132e+01     
  90.000         201.000           -1.136e+00          -1.669e+01              75.430          -1.258e+00              46.002           2.179e+01     
  90.000         202.000           -1.056e+00          -1.627e+01              72.694          -1.189e+00              46.060           2.226e+01     
  90.000         203.000           -9.888e-01          -1.583e+01              70.365          -1.133e+00              46.323           2.274e+01     
  90.000         204.000           -9.358e-01          -1.540e+01              68.402          -1.094e+00              46.774           2.325e+01     
  90.000         205.000           -8.975e-01          -1.498e+01              66.759          -1.071e+00              47.395           2.381e+01     
  90.000         206.000           -8.748e-01          -1.457e+01              65.393          -1.064e+00              48.170           2.443e+01     
  90.000         207.000           -8.680e-01          -1.418e+01              64.263          -1.075e+00              49.084           2.513e+01     
  90.000         208.000           -8.779e-01          -1.381e+01              63.331          -1.105e+00              50.121           2.596e+01     
  90.000         209.000           -9.050e-01          -1.347e+01              62.565          -1.153e+00              51.267           2.695e+01     
  90.000         210.000           -9.500e-01          -1.314e+01              61.939          -1.221e+00              52.508           2.816e+01     
  90.000         211.000           -1.014e+00          -1.284e+01              61.430          -1.309e+00              53.830           2.968e+01     
  90.000         212.000           -1.097e+00          -1.256e+01              61.017          -1.419e+00              55.222           3.170e+01     
  90.000         213.000           -1.201e+00          -1.230e+01              60.685          -1.552e+00              56.673           3.455e+01     
  90.000         214.000           -1.327e+00          -1.207e+01              60.421          -1.709e+00              58.171           3.924e+01     
  90.000         215.000           -1.476e+00          -1.185e+01              60.215          -1.894e+00              59.709           4.000e+01     
  90.000         216.000           -1.650e+00          -1.166e+01              60.057          -2.107e+00              61.276           4.000e+01     
  90.000         217.000           -1.851e+00          -1.149e+01              59.940          -2.352e+00              62.868           3.597e+01     
  90.000         218.000           -2.081e+00          -1.133e+01              59.861          -2.631e+00              64.478           3.168e+01     
  90.000         219.000           -2.343e+00          -1.119e+01              59.815          -2.949e+00              66.100           2.866e+01     
  90.000         220.000           -2.637e+00          -1.107e+01              59.799          -3.309e+00              67.736           2.628e+01     
  90.000         221.000           -2.968e+00          -1.097e+01              59.811          -3.717e+00              69.382           2.430e+01     
  90.000         222.000           -3.338e+00          -1.088e+01              59.850          -4.179e+00              71.040           2.258e+01     
  90.000         223.000           -3.750e+00          -1.081e+01              59.918          -4.701e+00              72.714           2.104e+01     
  90.000         224.000           -4.207e+00          -1.075e+01              60.013          -5.294e+00              74.411           1.963e+01     
  90.000         225.000           -4.711e+00          -1.071e+01              60.139          -5.967e+00              76.142           1.832e+01     
  90.000         226.000           -5.266e+00          -1.069e+01              60.297          -6.735e+00              77.925           1.710e+01     
  90.000         227.000           -5.872e+00          -1.068e+01              60.488          -7.617e+00              79.788           1.595e+01     
  90.000         228.000           -6.530e+00          -1.068e+01              60.716          -8.639e+00              81.775           1.487e+01     
  90.000         229.000           -7.235e+00          -1.069e+01              60.984          -9.837e+00              83.956           1.389e+01     
  90.000         230.000           -7.977e+00          -1.072e+01              61.294          -1.127e+01              86.460           1.304e+01     
  90.000         231.000           -8.737e+00          -1.077e+01              61.651          -1.301e+01              89.525           1.243e+01     
  90.000         232.000           -9.479e+00          -1.083e+01              62.058          -1.522e+01              93.670           1.219e+01     
  90.000         233.000           -1.015e+01          -1.090e+01              62.519          -1.816e+01             100.240           1.256e+01     
  90.000         234.000           -1.068e+01          -1.098e+01              63.038          -2.238e+01             113.831           1.387e+01     
  90.000         235.000           -1.098e+01          -1.108e+01              63.620          -2.768e+01             155.043           1.661e+01     
  90.000         236.000           -1.102e+01          -1.119e+01              64.269          -2.528e+01             219.301           2.186e+01     
  90.000         237.000           -1.079e+01          -1.131e+01              64.991          -2.028e+01             242.373           3.681e+01     
  90.000         238.000           -1.035e+01          -1.145e+01              65.789          -1.686e+01             251.390           2.781e+01     
  90.000         239.000           -9.770e+00          -1.160e+01              66.670          -1.442e+01             256.322           2.193e+01     
  90.000         240.000           -9.126e+00          -1.176e+01              67.637          -1.255e+01             259.596           1.964e+01     
  90.000         241.000           -8.472e+00          -1.193e+01              68.696          -1.108e+01             262.034           1.868e+01     
  90.000         242.000           -7.842e+00          -1.211e+01              69.852          -9.879e+00             263.989           1.842e+01     
  90.000         243.000           -7.258e+00          -1.230e+01              71.110          -8.889e+00             265.633           1.857e+01     
  90.000         244.000           -6.729e+00          -1.250e+01              72.475          -8.064e+00             267.063           1.898e+01     
  90.000         245.000           -6.261e+00          -1.271e+01              73.949          -7.377e+00             268.336           1.956e+01     
  90.000         246.000           -5.857e+00          -1.292e+01              75.536          -6.806e+00             269.486           2.029e+01     
  90.000         247.000           -5.515e+00          -1.314e+01              77.238          -6.338e+00             270.539           2.115e+01     
  90.000         248.000           -5.235e+00          -1.337e+01              79.055          -5.960e+00             271.511           2.213e+01     
  90.000         249.000           -5.017e+00          -1.359e+01              80.984          -5.667e+00             272.412           2.324e+01     
  90.000         250.000           -4.860e+00          -1.381e+01              83.024          -5.452e+00             273.251           2.452e+01     
  90.000         251.000           -4.763e+00          -1.402e+01              85.168          -5.310e+00             274.034           2.603e+01     
  90.000         252.000           -4.725e+00          -1.423e+01              87.403          -5.241e+00             274.766           2.786e+01     
  90.000         253.000           -4.748e+00          -1.443e+01              89.718          -5.243e+00             275.450           3.018e+01     
  90.000         254.000           -4.833e+00          -1.462e+01              92.095          -5.315e+00             276.089           3.341e+01     
  90.000         255.000           -4.980e+00          -1.479e+01              94.514          -5.459e+00             276.684           3.872e+01     
  90.000         256.000           -5.192e+00          -1.495e+01              96.949          -5.678e+00             277.238           4.000e+01     
  90.000         257.000           -5.472e+00          -1.509e+01              99.375          -5.975e+00             277.752           4.000e+01     
  90.000         258.000           -5.824e+00          -1.521e+01             101.762          -6.355e+00             278.227           3.411e+01     
  90.000         259.000           -6.253e+00          -1.532e+01             104.082          -6.828e+00             278.662           3.013e+01     
  90.000         260.000           -6.765e+00          -1.540e+01             106.305          -7.403e+00             279.060           2.725e+01     
  90.000         261.000           -7.366e+00          -1.547e+01             108.402          -8.096e+00             279.420           2.494e+01     
  90.000         262.000           -8.067e+00          -1.553e+01             110.349          -8.926e+00             279.742           2.298e+01     
  90.000         263.000           -8.877e+00          -1.557e+01             112.120          -9.923e+00             280.027           2.125e+01     
  90.000         264.000           -9.804e+00          -1.560e+01             113.696          -1.113e+01             280.275           1.972e+01     
  90.000         265.000           -1.086e+01          -1.562e+01             115.060          -1.262e+01             280.484           1.839e+01     
  90.000         266.000           -1.202e+01          -1.564e+01             116.198          -1.450e+01             280.654           1.738e+01     
  90.000         267.000           -1.326e+01          -1.565e+01             117.098          -1.701e+01             280.783           1.698e+01     
  90.000         268.000           -1.446e+01          -1.565e+01             117.753          -2.065e+01             280.860           1.798e+01     
  90.000         269.000           -1.536e+01          -1.566e+01             118.158          -2.718e+01             280.837           2.259e+01     
  90.000         270.000           -1.566e+01          -1.566e+01             118.308          -4.488e+01             102.402           4.000e+01     
  90.000         271.000           -1.520e+01          -1.566e+01             118.202          -2.517e+01             101.179           2.103e+01     
  90.000         272.000           -1.420e+01          -1.566e+01             117.842          -1.965e+01             101.079           1.755e+01     
  90.000         273.000           -1.298e+01          -1.566e+01             117.230          -1.635e+01             100.983           1.694e+01     
  90.000         274.000           -1.175e+01          -1.565e+01             116.371          -1.402e+01             100.862           1.748e+01     
  90.000         275.000           -1.060e+01          -1.564e+01             115.274          -1.224e+01             100.709           1.854e+01     
  90.000         276.000           -9.580e+00          -1.562e+01             113.947          -1.082e+01             100.524           1.988e+01     
  90.000         277.000           -8.678e+00          -1.560e+01             112.405          -9.665e+00             100.303           2.141e+01     
  90.000         278.000           -7.893e+00          -1.556e+01             110.664          -8.708e+00             100.047           2.313e+01     
  90.000         279.000           -7.215e+00          -1.551e+01             108.744          -7.911e+00              99.756           2.509e+01     
  90.000         280.000           -6.634e+00          -1.545e+01             106.669          -7.246e+00              99.429           2.740e+01     
  90.000         281.000           -6.141e+00          -1.537e+01             104.462          -6.694e+00              99.065           3.030e+01     
  90.000         282.000           -5.729e+00          -1.527e+01             102.154          -6.242e+00              98.665           3.436e+01     
  90.000         283.000           -5.394e+00          -1.515e+01              99.772          -5.879e+00              98.228           4.000e+01     
  90.000         284.000           -5.129e+00          -1.501e+01              97.348          -5.600e+00              97.752           4.000e+01     
  90.000         285.000           -4.932e+00          -1.486e+01              94.908          -5.397e+00              97.239           3.821e+01     
  90.000         286.000           -4.799e+00          -1.469e+01              92.482          -5.269e+00              96.685           3.306e+01     
  90.000         287.000           -4.730e+00          -1.451e+01              90.093          -5.212e+00              96.091           2.987e+01     
  90.000         288.000           -4.721e+00          -1.431e+01              87.764          -5.226e+00              95.454           2.755e+01     
  90.000         289.000           -4.773e+00          -1.411e+01              85.511          -5.311e+00              94.772           2.572e+01     
  90.000         290.000           -4.885e+00          -1.389e+01              83.349          -5.469e+00              94.042           2.419e+01     
  90.000         291.000           -5.058e+00          -1.367e+01              81.289          -5.701e+00              93.260           2.288e+01     
  90.000         292.000           -5.293e+00          -1.345e+01              79.340          -6.013e+00              92.421           2.173e+01     
  90.000         293.000           -5.590e+00          -1.323e+01              77.503          -6.411e+00              91.517           2.071e+01     
  90.000         294.000           -5.951e+00          -1.301e+01              75.782          -6.902e+00              90.539           1.980e+01     
  90.000         295.000           -6.375e+00          -1.280e+01              74.175          -7.499e+00              89.473           1.901e+01     
  90.000         296.000           -6.863e+00          -1.259e+01              72.683          -8.217e+00              88.296           1.835e+01     
  90.000         297.000           -7.414e+00          -1.238e+01              71.301          -9.079e+00              86.976           1.786e+01     
  90.000         298.000           -8.020e+00          -1.219e+01              70.026          -1.012e+01              85.462           1.761e+01     
  90.000         299.000           -8.671e+00          -1.200e+01              68.854          -1.138e+01              83.662           1.775e+01     
  90.000         300.000           -9.341e+00          -1.183e+01              67.780          -1.294e+01              81.410           1.853e+01     
  90.000         301.000           -9.993e+00          -1.167e+01              66.798          -1.494e+01              78.354           2.051e+01     
  90.000         302.000           -1.056e+01          -1.152e+01              65.905          -1.762e+01              73.619           2.543e+01     
  90.000         303.000           -1.098e+01          -1.138e+01              65.093          -2.153e+01              64.319           4.000e+01     
  90.000         304.000           -1.115e+01          -1.125e+01              64.359          -2.763e+01              35.444           2.284e+01     
  90.000         305.000           -1.105e+01          -1.114e+01              63.698          -2.782e+01             316.435           1.710e+01     
  90.000         306.000           -1.067e+01          -1.104e+01              63.104          -2.156e+01             286.044           1.428e+01     
  90.000         307.000           -1.008e+01          -1.095e+01              62.574          -1.751e+01             276.346           1.297e+01     
  90.000         308.000           -9.374e+00          -1.088e+01              62.101          -1.471e+01             271.344           1.260e+01     
  90.000         309.000           -8.607e+00          -1.081e+01              61.683          -1.260e+01             268.011           1.282e+01     
  90.000         310.000           -7.837e+00          -1.077e+01              61.315          -1.093e+01             265.440           1.341e+01     
  90.000         311.000           -7.092e+00          -1.073e+01              60.993          -9.552e+00             263.269           1.420e+01     
  90.000         312.000           -6.391e+00          -1.071e+01              60.713          -8.395e+00             261.327           1.513e+01     
  90.000         313.000           -5.740e+00          -1.071e+01              60.473          -7.407e+00             259.523           1.615e+01     
  90.000         314.000           -5.143e+00          -1.072e+01              60.269          -6.553e+00             257.803           1.724e+01     
  90.000         315.000           -4.599e+00          -1.074e+01              60.098          -5.809e+00             256.136           1.840e+01     
  90.000         316.000           -4.105e+00          -1.077e+01              59.959          -5.158e+00             254.501           1.963e+01     
  90.000         317.000           -3.660e+00          -1.083e+01              59.850          -4.586e+00             252.884           2.096e+01     
  90.000         318.000           -3.259e+00          -1.089e+01              59.767          -4.081e+00             251.278           2.241e+01     
  90.000         319.000           -2.901e+00          -1.098e+01              59.712          -3.636e+00             249.677           2.401e+01     
  90.000         320.000           -2.581e+00          -1.108e+01              59.684          -3.244e+00             248.079           2.585e+01     
  90.000         321.000           -2.298e+00          -1.119e+01              59.684          -2.898e+00             246.484           2.801e+01     
  90.000         322.000           -2.048e+00          -1.133e+01              59.712          -2.594e+00             244.896           3.070e+01     
  90.000         323.000           -1.829e+00          -1.148e+01              59.773          -2.327e+00             243.314           3.433e+01     
  90.000         324.000           -1.639e+00          -1.165e+01              59.870          -2.095e+00             241.745           4.000e+01     
  90.000         325.000           -1.475e+00          -1.184e+01              60.007          -1.894e+00             240.194           4.000e+01     
  90.000         326.000           -1.336e+00          -1.205e+01              60.192          -1.721e+00             238.669           4.000e+01     
  90.000         327.000           -1.220e+00          -1.228e+01              60.433          -1.574e+00             237.178           3.633e+01     
  90.000         328.000           -1.125e+00          -1.254e+01              60.739          -1.451e+00             235.731           3.291e+01     
  90.000         329.000           -1.051e+00          -1.281e+01              61.125          -1.350e+00             234.338           3.060e+01     
  90.000         330.000           -9.954e-01          -1.311e+01              61.606          -1.271e+00             233.012           2.889e+01     
  90.000         331.000           -9.584e-01          -1.343e+01              62.201          -1.211e+00             231.765           2.755e+01     
  90.000         332.000           -9.386e-01          -1.378e+01              62.932          -1.171e+00             230.610           2.647e+01     
  90.000         333.000           -9.355e-01          -1.414e+01              63.826          -1.148e+00             229.562           2.556e+01     
  90.000         334.000           -9.484e-01          -1.453e+01              64.916          -1.143e+00             228.636           2.479e+01     
  90.000         335.000           -9.767e-01          -1.494e+01              66.237          -1.155e+00             227.848           2.413e+01     
  90.000         336.000           -1.020e+00          -1.536e+01              67.831          -1.183e+00             227.213           2.353e+01     
  90.000         337.000           -1.077e+00          -1.579e+01              69.741          -1.226e+00             226.749           2.299e+01     
  90.000         338.000           -1.147e+00          -1.623e+01              72.013          -1.284e+00             226.473           2.247e+01     
  90.000         339.000           -1.230e+00          -1.665e+01              74.690          -1.356e+00             226.403           2.198e+01     
  90.000         340.000           -1.323e+00          -1.706e+01              77.804          -1.440e+00             226.556           2.149e+01     
  90.000         341.000           -1.425e+00          -1.742e+01              81.366          -1.535e+00             226.949           2.100e+01     
  90.000         342.000           -1.533e+00          -1.773e+01              85.355          -1.639e+00             227.600           2.048e+01     
  90.000         343.000           -1.645e+00          -1.795e+01              89.704          -1.748e+00             228.525           1.996e+01     
  90.000         344.000           -1.756e+00          -1.808e+01              94.300          -1.859e+00             229.734           1.941e+01     
  90.000         345.000           -1.863e+00          -1.810e+01              98.983          -1.967e+00             231.239           1.884e+01     
  90.000         346.000           -1.959e+00          -1.800e+01             103.573          -2.068e+00             233.041           1.827e+01     
  90.000         347.000           -2.039e+00          -1.780e+01             107.892          -2.156e+00             235.138           1.771e+01     
  90.000         348.000           -2.097e+00          -1.750e+01             111.797          -2.224e+00             237.516           1.717e+01     
  90.000         349.000           -2.126e+00          -1.712e+01             115.189          -2.266e+00             240.151           1.668e+01     
  90.000         350.000           -2.122e+00          -1.669e+01             118.020          -2.277e+00             243.009           1.625e+01     
  90.000         351.000           -2.080e+00          -1.623e+01             120.284          -2.251e+00             246.043           1.591e+01     
  90.000         352.000           -1.998e+00          -1.574e+01             122.003          -2.185e+00             249.199           1.567e+01     
  90.000         353.000           -1.874e+00          -1.524e+01             123.219          -2.079e+00             252.415           1.555e+01     
  90.000         354.000           -1.710e+00          -1.474e+01             123.980          -1.931e+00             255.629           1.555e+01     
  90.000         355.000           -1.509e+00          -1.425e+01             124.338          -1.747e+00             258.784           1.568e+01     
  90.000         356.000           -1.277e+00          -1.377e+01             124.341          -1.529e+00             261.827           1.593e+01     
  90.000         357.000           -1.020e+00          -1.331e+01             124.035          -1.284e+00             264.718           1.632e+01     
  90.000         358.000           -7.428e-01          -1.286e+01             123.463          -1.018e+00             267.427           1.682e+01     
  90.000         359.000           -4.537e-01          -1.243e+01             122.661          -7.386e-01             269.934           1.744e+01     
