Theta [deg.]  Phi   [deg.]  Abs(Grlz)[dBi   ]   Abs(Theta)[dBi   ]  Phase(Theta)[deg.]  Abs(Phi  )[dBi   ]  Phase(Phi  )[deg.]  Ax.Ratio[dB    ]    
------------------------------------------------------------------------------------------------------------------------------------------------------
   0.000          90.000           -1.487e+01          -1.488e+01             218.702          -4.840e+01              46.333           4.000e+01     
   1.000          90.000           -1.575e+01          -1.575e+01             217.929          -4.870e+01              44.914           4.000e+01     
   2.000          90.000           -1.672e+01          -1.672e+01             217.487          -4.899e+01              43.357           4.000e+01     
   3.000          90.000           -1.778e+01          -1.779e+01             217.489          -4.927e+01              41.678           4.000e+01     
   4.000          90.000           -1.897e+01          -1.898e+01             218.096          -4.953e+01              39.895           4.000e+01     
   5.000          90.000           -2.031e+01          -2.032e+01             219.563          -4.978e+01              38.031           4.000e+01     
   6.000          90.000           -2.183e+01          -2.183e+01             222.314          -5.000e+01              36.115           4.000e+01     
   7.000          90.000           -2.354e+01          -2.355e+01             227.077          -5.020e+01              34.178           3.969e+01     
   8.000          90.000           -2.543e+01          -2.544e+01             235.110          -5.037e+01              32.253           3.317e+01     
   9.000          90.000           -2.731e+01          -2.733e+01             248.322          -5.053e+01              30.375           2.745e+01     
  10.000          90.000           -2.859e+01          -2.862e+01             267.969          -5.066e+01              28.575           2.336e+01     
  11.000          90.000           -2.852e+01          -2.854e+01             290.493          -5.078e+01              26.882           2.229e+01     
  12.000          90.000           -2.722e+01          -2.724e+01             308.847          -5.088e+01              25.322           2.389e+01     
  13.000          90.000           -2.549e+01          -2.551e+01             320.862          -5.098e+01              23.914           2.647e+01     
  14.000          90.000           -2.383e+01          -2.383e+01             328.219          -5.107e+01              22.674           2.903e+01     
  15.000          90.000           -2.235e+01          -2.235e+01             332.702          -5.116e+01              21.613           3.127e+01     
  16.000          90.000           -2.106e+01          -2.106e+01             335.428          -5.126e+01              20.738           3.316e+01     
  17.000          90.000           -1.994e+01          -1.995e+01             337.036          -5.136e+01              20.053           3.474e+01     
  18.000          90.000           -1.897e+01          -1.897e+01             337.888          -5.148e+01              19.556           3.605e+01     
  19.000          90.000           -1.811e+01          -1.811e+01             338.237          -5.161e+01              19.252           3.715e+01     
  20.000          90.000           -1.735e+01          -1.736e+01             338.204          -5.176e+01              19.137           3.808e+01     
  21.000          90.000           -1.668e+01          -1.668e+01             337.881          -5.194e+01              19.211           3.887e+01     
  22.000          90.000           -1.607e+01          -1.607e+01             337.330          -5.214e+01              19.472           3.954e+01     
  23.000          90.000           -1.552e+01          -1.552e+01             336.591          -5.238e+01              19.922           4.000e+01     
  24.000          90.000           -1.502e+01          -1.502e+01             335.695          -5.264e+01              20.562           4.000e+01     
  25.000          90.000           -1.457e+01          -1.457e+01             334.662          -5.295e+01              21.399           4.000e+01     
  26.000          90.000           -1.415e+01          -1.415e+01             333.507          -5.329e+01              22.440           4.000e+01     
  27.000          90.000           -1.377e+01          -1.377e+01             332.242          -5.367e+01              23.699           4.000e+01     
  28.000          90.000           -1.341e+01          -1.341e+01             330.877          -5.411e+01              25.196           4.000e+01     
  29.000          90.000           -1.308e+01          -1.308e+01             329.419          -5.459e+01              26.957           4.000e+01     
  30.000          90.000           -1.277e+01          -1.277e+01             327.874          -5.513e+01              29.020           4.000e+01     
  31.000          90.000           -1.248e+01          -1.248e+01             326.250          -5.573e+01              31.436           4.000e+01     
  32.000          90.000           -1.220e+01          -1.220e+01             324.553          -5.640e+01              34.278           4.000e+01     
  33.000          90.000           -1.194e+01          -1.194e+01             322.787          -5.714e+01              37.644           4.000e+01     
  34.000          90.000           -1.169e+01          -1.169e+01             320.960          -5.795e+01              41.673           4.000e+01     
  35.000          90.000           -1.145e+01          -1.146e+01             319.079          -5.884e+01              46.557           4.000e+01     
  36.000          90.000           -1.123e+01          -1.123e+01             317.149          -5.980e+01              52.560           4.000e+01     
  37.000          90.000           -1.100e+01          -1.100e+01             315.178          -6.080e+01              60.025           4.000e+01     
  38.000          90.000           -1.079e+01          -1.079e+01             313.173          -6.179e+01              69.350           4.000e+01     
  39.000          90.000           -1.058e+01          -1.058e+01             311.139          -6.266e+01              80.853           4.000e+01     
  40.000          90.000           -1.038e+01          -1.038e+01             309.087          -6.326e+01              94.450           4.000e+01     
  41.000          90.000           -1.018e+01          -1.018e+01             307.021          -6.340e+01             109.293           4.000e+01     
  42.000          90.000           -9.985e+00          -9.985e+00             304.947          -6.306e+01             123.891           4.000e+01     
  43.000          90.000           -9.797e+00          -9.797e+00             302.871          -6.232e+01             136.910           4.000e+01     
  44.000          90.000           -9.615e+00          -9.615e+00             300.798          -6.136e+01             147.792           4.000e+01     
  45.000          90.000           -9.438e+00          -9.438e+00             298.732          -6.033e+01             156.643           4.000e+01     
  46.000          90.000           -9.267e+00          -9.267e+00             296.678          -5.930e+01             163.833           4.000e+01     
  47.000          90.000           -9.102e+00          -9.102e+00             294.639          -5.832e+01             169.750           4.000e+01     
  48.000          90.000           -8.944e+00          -8.944e+00             292.617          -5.741e+01             174.711           4.000e+01     
  49.000          90.000           -8.793e+00          -8.793e+00             290.613          -5.658e+01             178.955           4.000e+01     
  50.000          90.000           -8.650e+00          -8.650e+00             288.629          -5.581e+01             182.654           4.000e+01     
  51.000          90.000           -8.515e+00          -8.515e+00             286.666          -5.510e+01             185.933           4.000e+01     
  52.000          90.000           -8.388e+00          -8.388e+00             284.722          -5.445e+01             188.884           4.000e+01     
  53.000          90.000           -8.270e+00          -8.270e+00             282.797          -5.385e+01             191.573           4.000e+01     
  54.000          90.000           -8.161e+00          -8.161e+00             280.889          -5.330e+01             194.049           4.000e+01     
  55.000          90.000           -8.061e+00          -8.061e+00             278.998          -5.279e+01             196.349           4.000e+01     
  56.000          90.000           -7.971e+00          -7.971e+00             277.120          -5.232e+01             198.502           4.000e+01     
  57.000          90.000           -7.891e+00          -7.891e+00             275.253          -5.188e+01             200.529           4.000e+01     
  58.000          90.000           -7.820e+00          -7.820e+00             273.395          -5.147e+01             202.447           4.000e+01     
  59.000          90.000           -7.759e+00          -7.760e+00             271.542          -5.109e+01             204.267           4.000e+01     
  60.000          90.000           -7.708e+00          -7.708e+00             269.691          -5.074e+01             206.000           4.000e+01     
  61.000          90.000           -7.666e+00          -7.667e+00             267.839          -5.041e+01             207.653           4.000e+01     
  62.000          90.000           -7.634e+00          -7.634e+00             265.983          -5.011e+01             209.233           4.000e+01     
  63.000          90.000           -7.611e+00          -7.611e+00             264.119          -4.982e+01             210.744           4.000e+01     
  64.000          90.000           -7.596e+00          -7.596e+00             262.244          -4.955e+01             212.190           4.000e+01     
  65.000          90.000           -7.589e+00          -7.589e+00             260.354          -4.930e+01             213.574           4.000e+01     
  66.000          90.000           -7.590e+00          -7.590e+00             258.446          -4.907e+01             214.897           4.000e+01     
  67.000          90.000           -7.597e+00          -7.598e+00             256.518          -4.885e+01             216.162           4.000e+01     
  68.000          90.000           -7.612e+00          -7.612e+00             254.566          -4.864e+01             217.370           4.000e+01     
  69.000          90.000           -7.631e+00          -7.631e+00             252.588          -4.845e+01             218.521           4.000e+01     
  70.000          90.000           -7.655e+00          -7.655e+00             250.583          -4.827e+01             219.617           4.000e+01     
  71.000          90.000           -7.683e+00          -7.683e+00             248.549          -4.811e+01             220.657           4.000e+01     
  72.000          90.000           -7.713e+00          -7.713e+00             246.484          -4.795e+01             221.642           4.000e+01     
  73.000          90.000           -7.745e+00          -7.745e+00             244.389          -4.781e+01             222.572           4.000e+01     
  74.000          90.000           -7.777e+00          -7.778e+00             242.264          -4.767e+01             223.447           4.000e+01     
  75.000          90.000           -7.809e+00          -7.810e+00             240.111          -4.755e+01             224.267           4.000e+01     
  76.000          90.000           -7.840e+00          -7.840e+00             237.932          -4.743e+01             225.032           4.000e+01     
  77.000          90.000           -7.867e+00          -7.868e+00             235.729          -4.733e+01             225.741           4.000e+01     
  78.000          90.000           -7.891e+00          -7.892e+00             233.507          -4.723e+01             226.394           4.000e+01     
  79.000          90.000           -7.911e+00          -7.911e+00             231.271          -4.715e+01             226.992           4.000e+01     
  80.000          90.000           -7.924e+00          -7.925e+00             229.027          -4.707e+01             227.532           4.000e+01     
  81.000          90.000           -7.931e+00          -7.932e+00             226.782          -4.700e+01             228.016           4.000e+01     
  82.000          90.000           -7.931e+00          -7.932e+00             224.543          -4.693e+01             228.443           4.000e+01     
  83.000          90.000           -7.924e+00          -7.924e+00             222.318          -4.688e+01             228.812           4.000e+01     
  84.000          90.000           -7.908e+00          -7.909e+00             220.116          -4.683e+01             229.123           4.000e+01     
  85.000          90.000           -7.885e+00          -7.885e+00             217.946          -4.679e+01             229.375           4.000e+01     
  86.000          90.000           -7.853e+00          -7.854e+00             215.815          -4.675e+01             229.568           4.000e+01     
  87.000          90.000           -7.814e+00          -7.815e+00             213.734          -4.673e+01             229.701           4.000e+01     
  88.000          90.000           -7.768e+00          -7.768e+00             211.710          -4.670e+01             229.774           4.000e+01     
  89.000          90.000           -7.714e+00          -7.715e+00             209.751          -4.669e+01             229.786           4.000e+01     
  90.000          90.000           -7.655e+00          -7.655e+00             207.865          -4.668e+01             229.737           4.000e+01     
  91.000          90.000           -7.590e+00          -7.590e+00             206.057          -4.668e+01             229.626           4.000e+01     
  92.000          90.000           -7.521e+00          -7.521e+00             204.333          -4.668e+01             229.453           4.000e+01     
  93.000          90.000           -7.448e+00          -7.449e+00             202.699          -4.669e+01             229.217           4.000e+01     
  94.000          90.000           -7.373e+00          -7.374e+00             201.158          -4.670e+01             228.919           4.000e+01     
  95.000          90.000           -7.297e+00          -7.298e+00             199.712          -4.672e+01             228.556           4.000e+01     
  96.000          90.000           -7.221e+00          -7.221e+00             198.366          -4.674e+01             228.130           4.000e+01     
  97.000          90.000           -7.145e+00          -7.146e+00             197.119          -4.677e+01             227.641           4.000e+01     
  98.000          90.000           -7.072e+00          -7.072e+00             195.973          -4.680e+01             227.087           4.000e+01     
  99.000          90.000           -7.001e+00          -7.002e+00             194.929          -4.684e+01             226.469           4.000e+01     
 100.000          90.000           -6.935e+00          -6.935e+00             193.987          -4.688e+01             225.787           4.000e+01     
 101.000          90.000           -6.873e+00          -6.874e+00             193.145          -4.692e+01             225.042           4.000e+01     
 102.000          90.000           -6.817e+00          -6.818e+00             192.404          -4.697e+01             224.234           4.000e+01     
 103.000          90.000           -6.768e+00          -6.769e+00             191.762          -4.702e+01             223.363           4.000e+01     
 104.000          90.000           -6.727e+00          -6.727e+00             191.219          -4.707e+01             222.430           4.000e+01     
 105.000          90.000           -6.693e+00          -6.694e+00             190.773          -4.712e+01             221.437           4.000e+01     
 106.000          90.000           -6.669e+00          -6.669e+00             190.422          -4.718e+01             220.385           4.000e+01     
 107.000          90.000           -6.654e+00          -6.655e+00             190.166          -4.724e+01             219.274           4.000e+01     
 108.000          90.000           -6.650e+00          -6.651e+00             190.004          -4.731e+01             218.106           4.000e+01     
 109.000          90.000           -6.657e+00          -6.658e+00             189.934          -4.737e+01             216.884           4.000e+01     
 110.000          90.000           -6.676e+00          -6.676e+00             189.954          -4.744e+01             215.610           4.000e+01     
 111.000          90.000           -6.707e+00          -6.707e+00             190.065          -4.751e+01             214.284           4.000e+01     
 112.000          90.000           -6.751e+00          -6.751e+00             190.265          -4.758e+01             212.911           4.000e+01     
 113.000          90.000           -6.808e+00          -6.808e+00             190.555          -4.766e+01             211.491           4.000e+01     
 114.000          90.000           -6.879e+00          -6.879e+00             190.932          -4.773e+01             210.028           4.000e+01     
 115.000          90.000           -6.965e+00          -6.965e+00             191.396          -4.781e+01             208.524           4.000e+01     
 116.000          90.000           -7.066e+00          -7.066e+00             191.947          -4.790e+01             206.981           4.000e+01     
 117.000          90.000           -7.183e+00          -7.183e+00             192.585          -4.798e+01             205.402           4.000e+01     
 118.000          90.000           -7.315e+00          -7.316e+00             193.310          -4.807e+01             203.788           4.000e+01     
 119.000          90.000           -7.465e+00          -7.466e+00             194.122          -4.817e+01             202.141           4.000e+01     
 120.000          90.000           -7.632e+00          -7.633e+00             195.021          -4.827e+01             200.463           4.000e+01     
 121.000          90.000           -7.818e+00          -7.818e+00             196.008          -4.837e+01             198.755           4.000e+01     
 122.000          90.000           -8.022e+00          -8.022e+00             197.081          -4.848e+01             197.017           4.000e+01     
 123.000          90.000           -8.245e+00          -8.245e+00             198.242          -4.860e+01             195.250           4.000e+01     
 124.000          90.000           -8.488e+00          -8.488e+00             199.491          -4.873e+01             193.452           4.000e+01     
 125.000          90.000           -8.752e+00          -8.752e+00             200.827          -4.886e+01             191.622           4.000e+01     
 126.000          90.000           -9.037e+00          -9.038e+00             202.250          -4.900e+01             189.758           4.000e+01     
 127.000          90.000           -9.345e+00          -9.345e+00             203.760          -4.916e+01             187.857           4.000e+01     
 128.000          90.000           -9.676e+00          -9.676e+00             205.354          -4.932e+01             185.915           4.000e+01     
 129.000          90.000           -1.003e+01          -1.003e+01             207.033          -4.950e+01             183.925           4.000e+01     
 130.000          90.000           -1.041e+01          -1.041e+01             208.792          -4.969e+01             181.882           4.000e+01     
 131.000          90.000           -1.082e+01          -1.082e+01             210.629          -4.989e+01             179.778           4.000e+01     
 132.000          90.000           -1.126e+01          -1.126e+01             212.538          -5.011e+01             177.603           4.000e+01     
 133.000          90.000           -1.173e+01          -1.173e+01             214.513          -5.034e+01             175.346           4.000e+01     
 134.000          90.000           -1.223e+01          -1.223e+01             216.545          -5.059e+01             172.994           4.000e+01     
 135.000          90.000           -1.277e+01          -1.278e+01             218.623          -5.085e+01             170.534           4.000e+01     
 136.000          90.000           -1.336e+01          -1.336e+01             220.733          -5.112e+01             167.948           3.974e+01     
 137.000          90.000           -1.399e+01          -1.399e+01             222.854          -5.141e+01             165.221           3.889e+01     
 138.000          90.000           -1.467e+01          -1.468e+01             224.961          -5.171e+01             162.332           3.807e+01     
 139.000          90.000           -1.542e+01          -1.542e+01             227.020          -5.201e+01             159.263           3.726e+01     
 140.000          90.000           -1.625e+01          -1.625e+01             228.984          -5.233e+01             155.995           3.647e+01     
 141.000          90.000           -1.716e+01          -1.717e+01             230.787          -5.264e+01             152.511           3.565e+01     
 142.000          90.000           -1.819e+01          -1.820e+01             232.327          -5.294e+01             148.797           3.480e+01     
 143.000          90.000           -1.937e+01          -1.937e+01             233.457          -5.323e+01             144.849           3.387e+01     
 144.000          90.000           -2.073e+01          -2.073e+01             233.923          -5.351e+01             140.670           3.279e+01     
 145.000          90.000           -2.233e+01          -2.234e+01             233.274          -5.375e+01             136.278           3.148e+01     
 146.000          90.000           -2.427e+01          -2.427e+01             230.630          -5.395e+01             131.707           2.979e+01     
 147.000          90.000           -2.661e+01          -2.661e+01             224.099          -5.411e+01             127.010           2.756e+01     
 148.000          90.000           -2.923e+01          -2.924e+01             209.541          -5.421e+01             122.255           2.497e+01     
 149.000          90.000           -3.094e+01          -3.096e+01             181.868          -5.425e+01             117.524           2.420e+01     
 150.000          90.000           -2.976e+01          -2.978e+01             151.194          -5.424e+01             112.905           2.863e+01     
 151.000          90.000           -2.702e+01          -2.702e+01             133.131          -5.416e+01             108.484           3.475e+01     
 152.000          90.000           -2.438e+01          -2.439e+01             124.764          -5.404e+01             104.338           3.880e+01     
 153.000          90.000           -2.217e+01          -2.217e+01             121.143          -5.387e+01             100.529           4.000e+01     
 154.000          90.000           -2.031e+01          -2.032e+01             119.890          -5.366e+01              97.100           4.000e+01     
 155.000          90.000           -1.873e+01          -1.874e+01             119.924          -5.343e+01              94.079           4.000e+01     
 156.000          90.000           -1.737e+01          -1.737e+01             120.711          -5.317e+01              91.477           4.000e+01     
 157.000          90.000           -1.616e+01          -1.616e+01             121.965          -5.291e+01              89.293           4.000e+01     
 158.000          90.000           -1.509e+01          -1.509e+01             123.520          -5.263e+01              87.516           4.000e+01     
 159.000          90.000           -1.413e+01          -1.413e+01             125.274          -5.235e+01              86.131           4.000e+01     
 160.000          90.000           -1.325e+01          -1.325e+01             127.162          -5.208e+01              85.116           4.000e+01     
 161.000          90.000           -1.246e+01          -1.246e+01             129.139          -5.180e+01              84.448           4.000e+01     
 162.000          90.000           -1.174e+01          -1.174e+01             131.176          -5.152e+01              84.101           4.000e+01     
 163.000          90.000           -1.107e+01          -1.107e+01             133.255          -5.125e+01              84.050           4.000e+01     
 164.000          90.000           -1.046e+01          -1.046e+01             135.355          -5.098e+01              84.267           4.000e+01     
 165.000          90.000           -9.903e+00          -9.903e+00             137.468          -5.071e+01              84.723           4.000e+01     
 166.000          90.000           -9.388e+00          -9.388e+00             139.585          -5.044e+01              85.388           4.000e+01     
 167.000          90.000           -8.914e+00          -8.914e+00             141.701          -5.016e+01              86.234           4.000e+01     
 168.000          90.000           -8.479e+00          -8.479e+00             143.810          -4.989e+01              87.228           4.000e+01     
 169.000          90.000           -8.079e+00          -8.080e+00             145.908          -4.961e+01              88.341           4.000e+01     
 170.000          90.000           -7.713e+00          -7.714e+00             147.993          -4.933e+01              89.543           4.000e+01     
 171.000          90.000           -7.379e+00          -7.379e+00             150.060          -4.904e+01              90.803           4.000e+01     
 172.000          90.000           -7.074e+00          -7.074e+00             152.108          -4.875e+01              92.095           4.000e+01     
 173.000          90.000           -6.796e+00          -6.797e+00             154.134          -4.846e+01              93.393           4.000e+01     
 174.000          90.000           -6.545e+00          -6.546e+00             156.135          -4.817e+01              94.673           4.000e+01     
 175.000          90.000           -6.319e+00          -6.319e+00             158.108          -4.788e+01              95.916           4.000e+01     
 176.000          90.000           -6.116e+00          -6.116e+00             160.051          -4.760e+01              97.104           4.000e+01     
 177.000          90.000           -5.935e+00          -5.936e+00             161.959          -4.731e+01              98.222           4.000e+01     
 178.000          90.000           -5.776e+00          -5.776e+00             163.831          -4.704e+01              99.261           4.000e+01     
 179.000          90.000           -5.635e+00          -5.636e+00             165.661          -4.677e+01             100.210           4.000e+01     
 180.000          90.000           -5.514e+00          -5.514e+00             167.449          -4.652e+01             101.065           4.000e+01     
 179.000         270.000           -5.409e+00          -5.410e+00             349.185          -4.627e+01             281.819           4.000e+01     
 178.000         270.000           -5.321e+00          -5.322e+00             350.868          -4.604e+01             282.471           4.000e+01     
 177.000         270.000           -5.248e+00          -5.249e+00             352.493          -4.583e+01             283.020           4.000e+01     
 176.000         270.000           -5.190e+00          -5.190e+00             354.055          -4.563e+01             283.465           4.000e+01     
 175.000         270.000           -5.144e+00          -5.144e+00             355.551          -4.545e+01             283.806           4.000e+01     
 174.000         270.000           -5.110e+00          -5.111e+00             356.974          -4.529e+01             284.045           4.000e+01     
 173.000         270.000           -5.087e+00          -5.088e+00             358.322          -4.515e+01             284.184           4.000e+01     
 172.000         270.000           -5.074e+00          -5.075e+00             359.589          -4.503e+01             284.223           4.000e+01     
 171.000         270.000           -5.070e+00          -5.071e+00               0.772          -4.493e+01             284.165           4.000e+01     
 170.000         270.000           -5.074e+00          -5.074e+00               1.867          -4.486e+01             284.010           3.998e+01     
 169.000         270.000           -5.084e+00          -5.084e+00               2.872          -4.480e+01             283.760           3.987e+01     
 168.000         270.000           -5.099e+00          -5.100e+00               3.784          -4.477e+01             283.416           3.979e+01     
 167.000         270.000           -5.119e+00          -5.119e+00               4.603          -4.476e+01             282.979           3.973e+01     
 166.000         270.000           -5.142e+00          -5.142e+00               5.328          -4.477e+01             282.448           3.969e+01     
 165.000         270.000           -5.166e+00          -5.167e+00               5.960          -4.481e+01             281.823           3.968e+01     
 164.000         270.000           -5.192e+00          -5.192e+00               6.501          -4.487e+01             281.104           3.970e+01     
 163.000         270.000           -5.217e+00          -5.218e+00               6.955          -4.495e+01             280.289           3.975e+01     
 162.000         270.000           -5.241e+00          -5.242e+00               7.328          -4.505e+01             279.376           3.982e+01     
 161.000         270.000           -5.263e+00          -5.263e+00               7.622          -4.518e+01             278.361           3.992e+01     
 160.000         270.000           -5.281e+00          -5.281e+00               7.845          -4.534e+01             277.241           4.000e+01     
 159.000         270.000           -5.296e+00          -5.296e+00               8.008          -4.552e+01             276.011           4.000e+01     
 158.000         270.000           -5.306e+00          -5.306e+00               8.117          -4.572e+01             274.666           4.000e+01     
 157.000         270.000           -5.312e+00          -5.312e+00               8.185          -4.594e+01             273.199           4.000e+01     
 156.000         270.000           -5.312e+00          -5.313e+00               8.220          -4.619e+01             271.601           4.000e+01     
 155.000         270.000           -5.308e+00          -5.309e+00               8.234          -4.647e+01             269.862           4.000e+01     
 154.000         270.000           -5.300e+00          -5.300e+00               8.238          -4.676e+01             267.971           4.000e+01     
 153.000         270.000           -5.287e+00          -5.288e+00               8.241          -4.708e+01             265.913           4.000e+01     
 152.000         270.000           -5.271e+00          -5.271e+00               8.253          -4.742e+01             263.672           4.000e+01     
 151.000         270.000           -5.252e+00          -5.252e+00               8.285          -4.779e+01             261.231           4.000e+01     
 150.000         270.000           -5.231e+00          -5.231e+00               8.343          -4.817e+01             258.566           4.000e+01     
 149.000         270.000           -5.209e+00          -5.210e+00               8.436          -4.857e+01             255.654           4.000e+01     
 148.000         270.000           -5.187e+00          -5.188e+00               8.570          -4.899e+01             252.469           4.000e+01     
 147.000         270.000           -5.167e+00          -5.167e+00               8.750          -4.942e+01             248.979           4.000e+01     
 146.000         270.000           -5.148e+00          -5.148e+00               8.980          -4.986e+01             245.156           4.000e+01     
 145.000         270.000           -5.132e+00          -5.133e+00               9.264          -5.030e+01             240.970           4.000e+01     
 144.000         270.000           -5.121e+00          -5.121e+00               9.604          -5.073e+01             236.394           4.000e+01     
 143.000         270.000           -5.115e+00          -5.115e+00              10.002          -5.114e+01             231.410           4.000e+01     
 142.000         270.000           -5.114e+00          -5.114e+00              10.459          -5.152e+01             226.016           4.000e+01     
 141.000         270.000           -5.120e+00          -5.120e+00              10.973          -5.185e+01             220.230           4.000e+01     
 140.000         270.000           -5.134e+00          -5.134e+00              11.547          -5.213e+01             214.096           4.000e+01     
 139.000         270.000           -5.155e+00          -5.155e+00              12.178          -5.233e+01             207.688           4.000e+01     
 138.000         270.000           -5.185e+00          -5.185e+00              12.865          -5.245e+01             201.111           4.000e+01     
 137.000         270.000           -5.224e+00          -5.225e+00              13.608          -5.249e+01             194.488           4.000e+01     
 136.000         270.000           -5.273e+00          -5.273e+00              14.404          -5.243e+01             187.948           4.000e+01     
 135.000         270.000           -5.331e+00          -5.331e+00              15.252          -5.230e+01             181.610           4.000e+01     
 134.000         270.000           -5.399e+00          -5.400e+00              16.150          -5.209e+01             175.569           4.000e+01     
 133.000         270.000           -5.478e+00          -5.478e+00              17.096          -5.183e+01             169.891           4.000e+01     
 132.000         270.000           -5.567e+00          -5.567e+00              18.088          -5.152e+01             164.612           4.000e+01     
 131.000         270.000           -5.666e+00          -5.666e+00              19.125          -5.119e+01             159.742           4.000e+01     
 130.000         270.000           -5.776e+00          -5.776e+00              20.204          -5.083e+01             155.273           4.000e+01     
 129.000         270.000           -5.896e+00          -5.897e+00              21.324          -5.047e+01             151.182           4.000e+01     
 128.000         270.000           -6.028e+00          -6.028e+00              22.484          -5.010e+01             147.442           4.000e+01     
 127.000         270.000           -6.169e+00          -6.170e+00              23.681          -4.974e+01             144.022           4.000e+01     
 126.000         270.000           -6.322e+00          -6.322e+00              24.915          -4.939e+01             140.890           4.000e+01     
 125.000         270.000           -6.485e+00          -6.485e+00              26.185          -4.905e+01             138.016           4.000e+01     
 124.000         270.000           -6.659e+00          -6.659e+00              27.489          -4.872e+01             135.375           4.000e+01     
 123.000         270.000           -6.843e+00          -6.843e+00              28.827          -4.840e+01             132.940           4.000e+01     
 122.000         270.000           -7.038e+00          -7.038e+00              30.199          -4.810e+01             130.690           4.000e+01     
 121.000         270.000           -7.243e+00          -7.243e+00              31.605          -4.781e+01             128.606           4.000e+01     
 120.000         270.000           -7.459e+00          -7.459e+00              33.044          -4.754e+01             126.670           4.000e+01     
 119.000         270.000           -7.685e+00          -7.685e+00              34.517          -4.729e+01             124.869           3.960e+01     
 118.000         270.000           -7.921e+00          -7.922e+00              36.026          -4.704e+01             123.188           3.913e+01     
 117.000         270.000           -8.168e+00          -8.169e+00              37.572          -4.682e+01             121.618           3.869e+01     
 116.000         270.000           -8.426e+00          -8.426e+00              39.156          -4.660e+01             120.148           3.828e+01     
 115.000         270.000           -8.694e+00          -8.694e+00              40.782          -4.640e+01             118.770           3.790e+01     
 114.000         270.000           -8.972e+00          -8.972e+00              42.453          -4.622e+01             117.476           3.754e+01     
 113.000         270.000           -9.260e+00          -9.261e+00              44.173          -4.604e+01             116.260           3.721e+01     
 112.000         270.000           -9.559e+00          -9.560e+00              45.945          -4.588e+01             115.116           3.691e+01     
 111.000         270.000           -9.868e+00          -9.869e+00              47.779          -4.573e+01             114.039           3.663e+01     
 110.000         270.000           -1.019e+01          -1.019e+01              49.679          -4.559e+01             113.024           3.638e+01     
 109.000         270.000           -1.052e+01          -1.052e+01              51.654          -4.546e+01             112.069           3.616e+01     
 108.000         270.000           -1.085e+01          -1.086e+01              53.713          -4.534e+01             111.169           3.597e+01     
 107.000         270.000           -1.120e+01          -1.120e+01              55.868          -4.524e+01             110.321           3.583e+01     
 106.000         270.000           -1.156e+01          -1.156e+01              58.130          -4.514e+01             109.523           3.573e+01     
 105.000         270.000           -1.192e+01          -1.192e+01              60.514          -4.506e+01             108.772           3.568e+01     
 104.000         270.000           -1.229e+01          -1.229e+01              63.034          -4.498e+01             108.067           3.570e+01     
 103.000         270.000           -1.266e+01          -1.266e+01              65.709          -4.491e+01             107.405           3.579e+01     
 102.000         270.000           -1.303e+01          -1.304e+01              68.556          -4.485e+01             106.786           3.599e+01     
 101.000         270.000           -1.341e+01          -1.341e+01              71.594          -4.481e+01             106.208           3.631e+01     
 100.000         270.000           -1.377e+01          -1.378e+01              74.839          -4.477e+01             105.669           3.680e+01     
  99.000         270.000           -1.413e+01          -1.413e+01              78.309          -4.474e+01             105.170           3.751e+01     
  98.000         270.000           -1.447e+01          -1.447e+01              82.015          -4.472e+01             104.710           3.853e+01     
  97.000         270.000           -1.478e+01          -1.479e+01              85.963          -4.471e+01             104.287           3.998e+01     
  96.000         270.000           -1.507e+01          -1.507e+01              90.149          -4.470e+01             103.902           4.000e+01     
  95.000         270.000           -1.531e+01          -1.531e+01              94.556          -4.471e+01             103.556           4.000e+01     
  94.000         270.000           -1.550e+01          -1.551e+01              99.154          -4.473e+01             103.247           4.000e+01     
  93.000         270.000           -1.564e+01          -1.564e+01             103.895          -4.475e+01             102.976           4.000e+01     
  92.000         270.000           -1.571e+01          -1.572e+01             108.718          -4.478e+01             102.745           4.000e+01     
  91.000         270.000           -1.572e+01          -1.572e+01             113.548          -4.483e+01             102.553           4.000e+01     
  90.000         270.000           -1.566e+01          -1.566e+01             118.308          -4.488e+01             102.402           4.000e+01     
  89.000         270.000           -1.553e+01          -1.553e+01             122.920          -4.494e+01             102.293           3.848e+01     
  88.000         270.000           -1.534e+01          -1.534e+01             127.316          -4.501e+01             102.227           3.713e+01     
  87.000         270.000           -1.510e+01          -1.510e+01             131.441          -4.509e+01             102.207           3.622e+01     
  86.000         270.000           -1.481e+01          -1.481e+01             135.255          -4.518e+01             102.234           3.565e+01     
  85.000         270.000           -1.448e+01          -1.449e+01             138.736          -4.528e+01             102.311           3.533e+01     
  84.000         270.000           -1.413e+01          -1.413e+01             141.874          -4.539e+01             102.441           3.520e+01     
  83.000         270.000           -1.376e+01          -1.376e+01             144.671          -4.551e+01             102.627           3.524e+01     
  82.000         270.000           -1.337e+01          -1.337e+01             147.138          -4.564e+01             102.873           3.540e+01     
  81.000         270.000           -1.297e+01          -1.297e+01             149.289          -4.579e+01             103.184           3.566e+01     
  80.000         270.000           -1.257e+01          -1.257e+01             151.145          -4.594e+01             103.564           3.601e+01     
  79.000         270.000           -1.217e+01          -1.217e+01             152.724          -4.611e+01             104.019           3.642e+01     
  78.000         270.000           -1.177e+01          -1.177e+01             154.048          -4.629e+01             104.555           3.689e+01     
  77.000         270.000           -1.138e+01          -1.138e+01             155.137          -4.648e+01             105.181           3.742e+01     
  76.000         270.000           -1.099e+01          -1.099e+01             156.008          -4.668e+01             105.905           3.799e+01     
  75.000         270.000           -1.061e+01          -1.061e+01             156.680          -4.690e+01             106.735           3.860e+01     
  74.000         270.000           -1.024e+01          -1.024e+01             157.168          -4.712e+01             107.684           3.926e+01     
  73.000         270.000           -9.880e+00          -9.880e+00             157.487          -4.737e+01             108.764           3.997e+01     
  72.000         270.000           -9.526e+00          -9.527e+00             157.651          -4.762e+01             109.987           4.000e+01     
  71.000         270.000           -9.182e+00          -9.183e+00             157.670          -4.789e+01             111.372           4.000e+01     
  70.000         270.000           -8.848e+00          -8.849e+00             157.556          -4.816e+01             112.934           4.000e+01     
  69.000         270.000           -8.524e+00          -8.524e+00             157.318          -4.845e+01             114.693           4.000e+01     
  68.000         270.000           -8.209e+00          -8.209e+00             156.966          -4.875e+01             116.670           4.000e+01     
  67.000         270.000           -7.904e+00          -7.904e+00             156.506          -4.905e+01             118.888           4.000e+01     
  66.000         270.000           -7.608e+00          -7.608e+00             155.948          -4.935e+01             121.368           4.000e+01     
  65.000         270.000           -7.322e+00          -7.323e+00             155.296          -4.965e+01             124.134           4.000e+01     
  64.000         270.000           -7.046e+00          -7.046e+00             154.557          -4.995e+01             127.206           4.000e+01     
  63.000         270.000           -6.779e+00          -6.779e+00             153.736          -5.023e+01             130.599           4.000e+01     
  62.000         270.000           -6.522e+00          -6.522e+00             152.839          -5.049e+01             134.320           4.000e+01     
  61.000         270.000           -6.274e+00          -6.274e+00             151.869          -5.072e+01             138.366           4.000e+01     
  60.000         270.000           -6.036e+00          -6.036e+00             150.832          -5.091e+01             142.718           4.000e+01     
  59.000         270.000           -5.807e+00          -5.807e+00             149.730          -5.104e+01             147.336           4.000e+01     
  58.000         270.000           -5.588e+00          -5.588e+00             148.568          -5.112e+01             152.165           4.000e+01     
  57.000         270.000           -5.378e+00          -5.378e+00             147.349          -5.113e+01             157.129           4.000e+01     
  56.000         270.000           -5.177e+00          -5.177e+00             146.075          -5.108e+01             162.141           4.000e+01     
  55.000         270.000           -4.987e+00          -4.987e+00             144.750          -5.095e+01             167.112           4.000e+01     
  54.000         270.000           -4.806e+00          -4.806e+00             143.377          -5.077e+01             171.957           4.000e+01     
  53.000         270.000           -4.634e+00          -4.634e+00             141.957          -5.052e+01             176.603           4.000e+01     
  52.000         270.000           -4.473e+00          -4.473e+00             140.494          -5.023e+01             180.995           4.000e+01     
  51.000         270.000           -4.321e+00          -4.322e+00             138.989          -4.990e+01             185.099           4.000e+01     
  50.000         270.000           -4.180e+00          -4.180e+00             137.444          -4.954e+01             188.899           4.000e+01     
  49.000         270.000           -4.049e+00          -4.049e+00             135.861          -4.916e+01             192.392           4.000e+01     
  48.000         270.000           -3.929e+00          -3.929e+00             134.242          -4.878e+01             195.588           4.000e+01     
  47.000         270.000           -3.819e+00          -3.819e+00             132.589          -4.839e+01             198.502           4.000e+01     
  46.000         270.000           -3.720e+00          -3.720e+00             130.902          -4.800e+01             201.156           4.000e+01     
  45.000         270.000           -3.632e+00          -3.632e+00             129.184          -4.762e+01             203.573           4.000e+01     
  44.000         270.000           -3.555e+00          -3.555e+00             127.435          -4.725e+01             205.776           4.000e+01     
  43.000         270.000           -3.489e+00          -3.489e+00             125.656          -4.689e+01             207.787           4.000e+01     
  42.000         270.000           -3.435e+00          -3.435e+00             123.850          -4.655e+01             209.627           4.000e+01     
  41.000         270.000           -3.393e+00          -3.393e+00             122.015          -4.623e+01             211.316           4.000e+01     
  40.000         270.000           -3.362e+00          -3.362e+00             120.154          -4.592e+01             212.870           4.000e+01     
  39.000         270.000           -3.344e+00          -3.344e+00             118.267          -4.563e+01             214.305           4.000e+01     
  38.000         270.000           -3.338e+00          -3.339e+00             116.354          -4.536e+01             215.635           4.000e+01     
  37.000         270.000           -3.345e+00          -3.345e+00             114.417          -4.511e+01             216.874           4.000e+01     
  36.000         270.000           -3.364e+00          -3.365e+00             112.455          -4.488e+01             218.030           4.000e+01     
  35.000         270.000           -3.397e+00          -3.397e+00             110.470          -4.467e+01             219.115           4.000e+01     
  34.000         270.000           -3.443e+00          -3.443e+00             108.461          -4.447e+01             220.135           4.000e+01     
  33.000         270.000           -3.502e+00          -3.502e+00             106.428          -4.430e+01             221.099           4.000e+01     
  32.000         270.000           -3.574e+00          -3.574e+00             104.373          -4.415e+01             222.012           4.000e+01     
  31.000         270.000           -3.660e+00          -3.660e+00             102.296          -4.401e+01             222.880           4.000e+01     
  30.000         270.000           -3.760e+00          -3.760e+00             100.196          -4.390e+01             223.707           4.000e+01     
  29.000         270.000           -3.874e+00          -3.874e+00              98.074          -4.380e+01             224.496           4.000e+01     
  28.000         270.000           -4.002e+00          -4.002e+00              95.932          -4.372e+01             225.252           4.000e+01     
  27.000         270.000           -4.144e+00          -4.144e+00              93.768          -4.366e+01             225.975           4.000e+01     
  26.000         270.000           -4.300e+00          -4.301e+00              91.585          -4.362e+01             226.669           4.000e+01     
  25.000         270.000           -4.471e+00          -4.472e+00              89.383          -4.360e+01             227.333           4.000e+01     
  24.000         270.000           -4.656e+00          -4.657e+00              87.163          -4.360e+01             227.970           4.000e+01     
  23.000         270.000           -4.856e+00          -4.857e+00              84.927          -4.362e+01             228.577           4.000e+01     
  22.000         270.000           -5.071e+00          -5.072e+00              82.675          -4.365e+01             229.156           4.000e+01     
  21.000         270.000           -5.301e+00          -5.302e+00              80.411          -4.370e+01             229.705           4.000e+01     
  20.000         270.000           -5.546e+00          -5.546e+00              78.136          -4.377e+01             230.222           4.000e+01     
  19.000         270.000           -5.806e+00          -5.806e+00              75.853          -4.386e+01             230.706           4.000e+01     
  18.000         270.000           -6.081e+00          -6.082e+00              73.565          -4.397e+01             231.152           4.000e+01     
  17.000         270.000           -6.373e+00          -6.374e+00              71.277          -4.409e+01             231.559           4.000e+01     
  16.000         270.000           -6.681e+00          -6.681e+00              68.991          -4.424e+01             231.921           4.000e+01     
  15.000         270.000           -7.005e+00          -7.006e+00              66.712          -4.440e+01             232.235           4.000e+01     
  14.000         270.000           -7.347e+00          -7.348e+00              64.445          -4.457e+01             232.494           4.000e+01     
  13.000         270.000           -7.707e+00          -7.708e+00              62.196          -4.477e+01             232.694           4.000e+01     
  12.000         270.000           -8.086e+00          -8.087e+00              59.971          -4.498e+01             232.827           4.000e+01     
  11.000         270.000           -8.485e+00          -8.486e+00              57.777          -4.520e+01             232.887           4.000e+01     
  10.000         270.000           -8.906e+00          -8.907e+00              55.622          -4.544e+01             232.865           4.000e+01     
   9.000         270.000           -9.350e+00          -9.351e+00              53.513          -4.570e+01             232.753           4.000e+01     
   8.000         270.000           -9.819e+00          -9.820e+00              51.460          -4.597e+01             232.544           4.000e+01     
   7.000         270.000           -1.032e+01          -1.032e+01              49.474          -4.625e+01             232.227           4.000e+01     
   6.000         270.000           -1.084e+01          -1.084e+01              47.565          -4.654e+01             231.793           4.000e+01     
   5.000         270.000           -1.140e+01          -1.140e+01              45.748          -4.684e+01             231.235           4.000e+01     
   4.000         270.000           -1.200e+01          -1.200e+01              44.036          -4.715e+01             230.543           4.000e+01     
   3.000         270.000           -1.264e+01          -1.264e+01              42.450          -4.746e+01             229.712           4.000e+01     
   2.000         270.000           -1.333e+01          -1.333e+01              41.012          -4.777e+01             228.734           4.000e+01     
   1.000         270.000           -1.407e+01          -1.407e+01              39.750          -4.809e+01             227.608           4.000e+01     
