Theta [deg.]  Phi   [deg.]  Abs(Grlz)[dBi   ]   Abs(Theta)[dBi   ]  Phase(Theta)[deg.]  Abs(Phi  )[dBi   ]  Phase(Phi  )[deg.]  Ax.Ratio[dB    ]    
------------------------------------------------------------------------------------------------------------------------------------------------------
   0.000          90.000           -4.582e+00          -4.586e+00             288.069          -3.512e+01             333.153           3.353e+01     
   1.000          90.000           -4.041e+00          -4.044e+00             284.985          -3.503e+01             329.732           3.404e+01     
   2.000          90.000           -3.579e+00          -3.582e+00             282.110          -3.496e+01             326.471           3.449e+01     
   3.000          90.000           -3.191e+00          -3.194e+00             279.400          -3.491e+01             323.353           3.489e+01     
   4.000          90.000           -2.875e+00          -2.878e+00             276.824          -3.489e+01             320.352           3.526e+01     
   5.000          90.000           -2.627e+00          -2.629e+00             274.357          -3.491e+01             317.435           3.560e+01     
   6.000          90.000           -2.445e+00          -2.447e+00             271.983          -3.497e+01             314.564           3.591e+01     
   7.000          90.000           -2.329e+00          -2.331e+00             269.690          -3.506e+01             311.696           3.622e+01     
   8.000          90.000           -2.279e+00          -2.281e+00             267.470          -3.520e+01             308.786           3.652e+01     
   9.000          90.000           -2.296e+00          -2.298e+00             265.319          -3.537e+01             305.789           3.683e+01     
  10.000          90.000           -2.383e+00          -2.386e+00             263.234          -3.558e+01             302.658           3.714e+01     
  11.000          90.000           -2.545e+00          -2.547e+00             261.213          -3.583e+01             299.350           3.747e+01     
  12.000          90.000           -2.786e+00          -2.788e+00             259.260          -3.609e+01             295.826           3.781e+01     
  13.000          90.000           -3.115e+00          -3.117e+00             257.372          -3.638e+01             292.055           3.816e+01     
  14.000          90.000           -3.544e+00          -3.546e+00             255.551          -3.667e+01             288.022           3.853e+01     
  15.000          90.000           -4.086e+00          -4.088e+00             253.796          -3.695e+01             283.731           3.891e+01     
  16.000          90.000           -4.763e+00          -4.766e+00             252.107          -3.722e+01             279.210           3.929e+01     
  17.000          90.000           -5.604e+00          -5.607e+00             250.479          -3.746e+01             274.517           3.965e+01     
  18.000          90.000           -6.652e+00          -6.655e+00             248.908          -3.765e+01             269.736           3.998e+01     
  19.000          90.000           -7.971e+00          -7.976e+00             247.380          -3.780e+01             264.970           4.000e+01     
  20.000          90.000           -9.673e+00          -9.680e+00             245.871          -3.790e+01             260.332           4.000e+01     
  21.000          90.000           -1.196e+01          -1.197e+01             244.325          -3.797e+01             255.926           3.995e+01     
  22.000          90.000           -1.530e+01          -1.532e+01             242.574          -3.800e+01             251.840           3.859e+01     
  23.000          90.000           -2.111e+01          -2.120e+01             239.808          -3.802e+01             248.135           3.378e+01     
  24.000          90.000           -3.739e+01          -4.603e+01             149.154          -3.803e+01             244.847           8.055e+00     
  25.000          90.000           -2.087e+01          -2.095e+01              64.154          -3.805e+01             241.986           4.000e+01     
  26.000          90.000           -1.488e+01          -1.490e+01              61.567          -3.810e+01             239.544           4.000e+01     
  27.000          90.000           -1.136e+01          -1.137e+01              60.096          -3.817e+01             237.499           4.000e+01     
  28.000          90.000           -8.880e+00          -8.885e+00              58.932          -3.829e+01             235.822           4.000e+01     
  29.000          90.000           -6.994e+00          -6.998e+00              57.910          -3.845e+01             234.478           4.000e+01     
  30.000          90.000           -5.497e+00          -5.499e+00              56.968          -3.866e+01             233.431           4.000e+01     
  31.000          90.000           -4.280e+00          -4.281e+00              56.076          -3.894e+01             232.646           4.000e+01     
  32.000          90.000           -3.277e+00          -3.278e+00              55.216          -3.928e+01             232.088           4.000e+01     
  33.000          90.000           -2.448e+00          -2.449e+00              54.372          -3.969e+01             231.725           4.000e+01     
  34.000          90.000           -1.764e+00          -1.765e+00              53.534          -4.018e+01             231.518           4.000e+01     
  35.000          90.000           -1.206e+00          -1.206e+00              52.690          -4.075e+01             231.434           4.000e+01     
  36.000          90.000           -7.583e-01          -7.587e-01              51.827          -4.141e+01             231.438           4.000e+01     
  37.000          90.000           -4.114e-01          -4.117e-01              50.935          -4.217e+01             231.486           4.000e+01     
  38.000          90.000           -1.568e-01          -1.570e-01              49.999          -4.304e+01             231.531           4.000e+01     
  39.000          90.000            1.176e-02           1.159e-02              49.005          -4.404e+01             231.509           4.000e+01     
  40.000          90.000            9.892e-02           9.879e-02              47.938          -4.519e+01             231.331           4.000e+01     
  41.000          90.000            1.084e-01           1.083e-01              46.779          -4.651e+01             230.868           4.000e+01     
  42.000          90.000            4.291e-02           4.284e-02              45.505          -4.806e+01             229.905           4.000e+01     
  43.000          90.000           -9.524e-02          -9.529e-02              44.091          -4.990e+01             228.062           4.000e+01     
  44.000          90.000           -3.043e-01          -3.043e-01              42.508          -5.211e+01             224.592           4.000e+01     
  45.000          90.000           -5.827e-01          -5.827e-01              40.718          -5.483e+01             217.827           4.000e+01     
  46.000          90.000           -9.287e-01          -9.287e-01              38.677          -5.808e+01             203.694           4.000e+01     
  47.000          90.000           -1.340e+00          -1.340e+00              36.333          -6.091e+01             174.531           4.000e+01     
  48.000          90.000           -1.814e+00          -1.814e+00              33.621          -6.047e+01             137.319           4.000e+01     
  49.000          90.000           -2.345e+00          -2.345e+00              30.463          -5.784e+01             115.007           4.000e+01     
  50.000          90.000           -2.926e+00          -2.926e+00              26.770          -5.541e+01             104.763           4.000e+01     
  51.000          90.000           -3.544e+00          -3.544e+00              22.443          -5.355e+01              99.988           4.000e+01     
  52.000          90.000           -4.180e+00          -4.180e+00              17.380          -5.214e+01              97.828           4.000e+01     
  53.000          90.000           -4.806e+00          -4.807e+00              11.496          -5.107e+01              97.094           4.000e+01     
  54.000          90.000           -5.387e+00          -5.387e+00               4.756          -5.027e+01              97.237           4.000e+01     
  55.000          90.000           -5.877e+00          -5.877e+00             357.214          -4.968e+01              97.982           4.000e+01     
  56.000          90.000           -6.232e+00          -6.232e+00             349.058          -4.927e+01              99.181           4.000e+01     
  57.000          90.000           -6.420e+00          -6.421e+00             340.607          -4.900e+01             100.760           4.000e+01     
  58.000          90.000           -6.434e+00          -6.435e+00             332.258          -4.888e+01             102.688           4.000e+01     
  59.000          90.000           -6.292e+00          -6.292e+00             324.385          -4.887e+01             104.963           4.000e+01     
  60.000          90.000           -6.030e+00          -6.030e+00             317.252          -4.898e+01             107.610           4.000e+01     
  61.000          90.000           -5.692e+00          -5.692e+00             310.987          -4.919e+01             110.677           4.000e+01     
  62.000          90.000           -5.319e+00          -5.319e+00             305.600          -4.950e+01             114.240           4.000e+01     
  63.000          90.000           -4.942e+00          -4.942e+00             301.030          -4.991e+01             118.406           4.000e+01     
  64.000          90.000           -4.583e+00          -4.583e+00             297.184          -5.039e+01             123.313           4.000e+01     
  65.000          90.000           -4.255e+00          -4.255e+00             293.962          -5.094e+01             129.138           4.000e+01     
  66.000          90.000           -3.967e+00          -3.967e+00             291.270          -5.152e+01             136.077           4.000e+01     
  67.000          90.000           -3.725e+00          -3.725e+00             289.028          -5.208e+01             144.317           4.000e+01     
  68.000          90.000           -3.529e+00          -3.529e+00             287.167          -5.256e+01             153.938           4.000e+01     
  69.000          90.000           -3.380e+00          -3.380e+00             285.633          -5.285e+01             164.787           4.000e+01     
  70.000          90.000           -3.279e+00          -3.279e+00             284.380          -5.289e+01             176.370           4.000e+01     
  71.000          90.000           -3.223e+00          -3.223e+00             283.375          -5.263e+01             187.923           4.000e+01     
  72.000          90.000           -3.212e+00          -3.212e+00             282.588          -5.210e+01             198.690           4.000e+01     
  73.000          90.000           -3.246e+00          -3.246e+00             281.999          -5.139e+01             208.189           4.000e+01     
  74.000          90.000           -3.321e+00          -3.321e+00             281.593          -5.059e+01             216.279           4.000e+01     
  75.000          90.000           -3.439e+00          -3.439e+00             281.356          -4.976e+01             223.052           4.000e+01     
  76.000          90.000           -3.597e+00          -3.597e+00             281.283          -4.894e+01             228.696           4.000e+01     
  77.000          90.000           -3.795e+00          -3.795e+00             281.369          -4.817e+01             233.416           4.000e+01     
  78.000          90.000           -4.033e+00          -4.033e+00             281.615          -4.745e+01             237.394           4.000e+01     
  79.000          90.000           -4.310e+00          -4.310e+00             282.024          -4.679e+01             240.778           4.000e+01     
  80.000          90.000           -4.626e+00          -4.626e+00             282.603          -4.619e+01             243.687           4.000e+01     
  81.000          90.000           -4.981e+00          -4.982e+00             283.362          -4.565e+01             246.211           4.000e+01     
  82.000          90.000           -5.376e+00          -5.376e+00             284.317          -4.516e+01             248.423           4.000e+01     
  83.000          90.000           -5.810e+00          -5.811e+00             285.489          -4.473e+01             250.379           4.000e+01     
  84.000          90.000           -6.284e+00          -6.285e+00             286.902          -4.435e+01             252.123           4.000e+01     
  85.000          90.000           -6.799e+00          -6.799e+00             288.592          -4.401e+01             253.692           4.000e+01     
  86.000          90.000           -7.353e+00          -7.354e+00             290.600          -4.373e+01             255.114           4.000e+01     
  87.000          90.000           -7.945e+00          -7.947e+00             292.977          -4.348e+01             256.414           4.000e+01     
  88.000          90.000           -8.575e+00          -8.576e+00             295.789          -4.327e+01             257.611           3.888e+01     
  89.000          90.000           -9.237e+00          -9.239e+00             299.112          -4.311e+01             258.725           3.764e+01     
  90.000          90.000           -9.924e+00          -9.926e+00             303.038          -4.298e+01             259.771           3.634e+01     
  91.000          90.000           -1.062e+01          -1.063e+01             307.665          -4.289e+01             260.763           3.500e+01     
  92.000          90.000           -1.131e+01          -1.132e+01             313.096          -4.284e+01             261.716           3.367e+01     
  93.000          90.000           -1.197e+01          -1.197e+01             319.406          -4.282e+01             262.643           3.240e+01     
  94.000          90.000           -1.255e+01          -1.256e+01             326.618          -4.284e+01             263.559           3.128e+01     
  95.000          90.000           -1.302e+01          -1.302e+01             334.653          -4.289e+01             264.477           3.040e+01     
  96.000          90.000           -1.332e+01          -1.332e+01             343.294          -4.298e+01             265.414           2.985e+01     
  97.000          90.000           -1.344e+01          -1.344e+01             352.197          -4.310e+01             266.388           2.969e+01     
  98.000          90.000           -1.336e+01          -1.337e+01               0.959          -4.327e+01             267.419           2.991e+01     
  99.000          90.000           -1.313e+01          -1.313e+01               9.220          -4.347e+01             268.529           3.049e+01     
 100.000          90.000           -1.277e+01          -1.277e+01              16.744          -4.371e+01             269.747           3.132e+01     
 101.000          90.000           -1.233e+01          -1.233e+01              23.431          -4.399e+01             271.106           3.233e+01     
 102.000          90.000           -1.185e+01          -1.185e+01              29.290          -4.431e+01             272.646           3.343e+01     
 103.000          90.000           -1.137e+01          -1.137e+01              34.397          -4.467e+01             274.416           3.455e+01     
 104.000          90.000           -1.090e+01          -1.090e+01              38.849          -4.507e+01             276.477           3.564e+01     
 105.000          90.000           -1.045e+01          -1.045e+01              42.752          -4.552e+01             278.901           3.667e+01     
 106.000          90.000           -1.005e+01          -1.005e+01              46.199          -4.600e+01             281.779           3.762e+01     
 107.000          90.000           -9.687e+00          -9.688e+00              49.274          -4.651e+01             285.216           3.845e+01     
 108.000          90.000           -9.372e+00          -9.373e+00              52.046          -4.703e+01             289.331           3.916e+01     
 109.000          90.000           -9.106e+00          -9.107e+00              54.576          -4.755e+01             294.246           3.973e+01     
 110.000          90.000           -8.891e+00          -8.892e+00              56.913          -4.804e+01             300.059           4.000e+01     
 111.000          90.000           -8.728e+00          -8.729e+00              59.099          -4.844e+01             306.804           4.000e+01     
 112.000          90.000           -8.619e+00          -8.620e+00              61.170          -4.872e+01             314.389           4.000e+01     
 113.000          90.000           -8.566e+00          -8.566e+00              63.161          -4.881e+01             322.549           4.000e+01     
 114.000          90.000           -8.570e+00          -8.571e+00              65.101          -4.869e+01             330.866           4.000e+01     
 115.000          90.000           -8.635e+00          -8.636e+00              67.021          -4.836e+01             338.866           3.973e+01     
 116.000          90.000           -8.764e+00          -8.764e+00              68.952          -4.786e+01             346.151           3.916e+01     
 117.000          90.000           -8.961e+00          -8.962e+00              70.927          -4.724e+01             352.485           3.845e+01     
 118.000          90.000           -9.232e+00          -9.232e+00              72.986          -4.654e+01             357.801           3.761e+01     
 119.000          90.000           -9.582e+00          -9.583e+00              75.176          -4.583e+01               2.146           3.663e+01     
 120.000          90.000           -1.002e+01          -1.002e+01              77.561          -4.511e+01               5.625           3.553e+01     
 121.000          90.000           -1.055e+01          -1.056e+01              80.223          -4.442e+01               8.358           3.431e+01     
 122.000          90.000           -1.119e+01          -1.120e+01              83.276          -4.377e+01              10.461           3.297e+01     
 123.000          90.000           -1.195e+01          -1.196e+01              86.885          -4.317e+01              12.035           3.152e+01     
 124.000          90.000           -1.284e+01          -1.284e+01              91.291          -4.261e+01              13.164           2.995e+01     
 125.000          90.000           -1.386e+01          -1.386e+01              96.855          -4.210e+01              13.917           2.831e+01     
 126.000          90.000           -1.499e+01          -1.500e+01             104.108          -4.165e+01              14.347           2.664e+01     
 127.000          90.000           -1.619e+01          -1.620e+01             113.776          -4.124e+01              14.499           2.516e+01     
 128.000          90.000           -1.728e+01          -1.729e+01             126.606          -4.089e+01              14.405           2.427e+01     
 129.000          90.000           -1.797e+01          -1.799e+01             142.649          -4.059e+01              14.093           2.475e+01     
 130.000          90.000           -1.796e+01          -1.799e+01             160.184          -4.033e+01              13.582           2.756e+01     
 131.000          90.000           -1.725e+01          -1.727e+01             176.233          -4.013e+01              12.887           3.375e+01     
 132.000          90.000           -1.611e+01          -1.613e+01             188.920          -3.997e+01              12.018           4.000e+01     
 133.000          90.000           -1.486e+01          -1.488e+01             198.185          -3.987e+01              10.983           4.000e+01     
 134.000          90.000           -1.367e+01          -1.368e+01             204.739          -3.981e+01               9.784           3.791e+01     
 135.000          90.000           -1.261e+01          -1.261e+01             209.311          -3.979e+01               8.426           3.615e+01     
 136.000          90.000           -1.168e+01          -1.169e+01             212.419          -3.983e+01               6.906           3.547e+01     
 137.000          90.000           -1.090e+01          -1.091e+01             214.408          -3.991e+01               5.223           3.525e+01     
 138.000          90.000           -1.025e+01          -1.026e+01             215.488          -4.003e+01               3.374           3.527e+01     
 139.000          90.000           -9.724e+00          -9.728e+00             215.787          -4.019e+01               1.357           3.542e+01     
 140.000          90.000           -9.305e+00          -9.308e+00             215.367          -4.040e+01             359.171           3.567e+01     
 141.000          90.000           -8.982e+00          -8.985e+00             214.254          -4.063e+01             356.820           3.598e+01     
 142.000          90.000           -8.741e+00          -8.744e+00             212.441          -4.090e+01             354.310           3.635e+01     
 143.000          90.000           -8.566e+00          -8.568e+00             209.906          -4.120e+01             351.658           3.680e+01     
 144.000          90.000           -8.436e+00          -8.438e+00             206.620          -4.152e+01             348.889           3.735e+01     
 145.000          90.000           -8.326e+00          -8.328e+00             202.568          -4.186e+01             346.045           3.804e+01     
 146.000          90.000           -8.208e+00          -8.210e+00             197.765          -4.221e+01             343.183           3.892e+01     
 147.000          90.000           -8.049e+00          -8.050e+00             192.286          -4.256e+01             340.377           4.000e+01     
 148.000          90.000           -7.820e+00          -7.821e+00             186.278          -4.292e+01             337.723           4.000e+01     
 149.000          90.000           -7.498e+00          -7.499e+00             179.965          -4.327e+01             335.335           4.000e+01     
 150.000          90.000           -7.075e+00          -7.076e+00             173.609          -4.362e+01             333.343           4.000e+01     
 151.000          90.000           -6.559e+00          -6.560e+00             167.470          -4.397e+01             331.889           4.000e+01     
 152.000          90.000           -5.970e+00          -5.970e+00             161.755          -4.431e+01             331.123           4.000e+01     
 153.000          90.000           -5.334e+00          -5.334e+00             156.594          -4.464e+01             331.199           4.000e+01     
 154.000          90.000           -4.679e+00          -4.679e+00             152.040          -4.495e+01             332.260           4.000e+01     
 155.000          90.000           -4.030e+00          -4.031e+00             148.087          -4.522e+01             334.424           4.000e+01     
 156.000          90.000           -3.407e+00          -3.407e+00             144.690          -4.542e+01             337.752           4.000e+01     
 157.000          90.000           -2.822e+00          -2.823e+00             141.788          -4.552e+01             342.206           4.000e+01     
 158.000          90.000           -2.287e+00          -2.287e+00             139.315          -4.548e+01             347.611           4.000e+01     
 159.000          90.000           -1.807e+00          -1.807e+00             137.206          -4.527e+01             353.644           4.000e+01     
 160.000          90.000           -1.385e+00          -1.385e+00             135.401          -4.489e+01             359.902           4.000e+01     
 161.000          90.000           -1.023e+00          -1.023e+00             133.848          -4.436e+01               5.984           4.000e+01     
 162.000          90.000           -7.214e-01          -7.216e-01             132.501          -4.371e+01              11.597           4.000e+01     
 163.000          90.000           -4.801e-01          -4.803e-01             131.321          -4.301e+01              16.592           4.000e+01     
 164.000          90.000           -2.977e-01          -2.980e-01             130.273          -4.228e+01              20.939           4.000e+01     
 165.000          90.000           -1.727e-01          -1.731e-01             129.329          -4.157e+01              24.689           4.000e+01     
 166.000          90.000           -1.033e-01          -1.036e-01             128.464          -4.090e+01              27.928           4.000e+01     
 167.000          90.000           -8.715e-02          -8.756e-02             127.654          -4.028e+01              30.753           4.000e+01     
 168.000          90.000           -1.219e-01          -1.224e-01             126.883          -3.973e+01              33.257           3.963e+01     
 169.000          90.000           -2.050e-01          -2.056e-01             126.133          -3.926e+01              35.521           3.905e+01     
 170.000          90.000           -3.337e-01          -3.343e-01             125.393          -3.885e+01              37.615           3.852e+01     
 171.000          90.000           -5.043e-01          -5.050e-01             124.649          -3.852e+01              39.598           3.805e+01     
 172.000          90.000           -7.140e-01          -7.148e-01             123.896          -3.826e+01              41.520           3.762e+01     
 173.000          90.000           -9.592e-01          -9.601e-01             123.131          -3.807e+01              43.421           3.725e+01     
 174.000          90.000           -1.236e+00          -1.237e+00             122.353          -3.795e+01              45.337           3.693e+01     
 175.000          90.000           -1.542e+00          -1.543e+00             121.566          -3.789e+01              47.293           3.668e+01     
 176.000          90.000           -1.872e+00          -1.873e+00             120.778          -3.789e+01              49.312           3.648e+01     
 177.000          90.000           -2.222e+00          -2.223e+00             120.002          -3.794e+01              51.408           3.634e+01     
 178.000          90.000           -2.590e+00          -2.591e+00             119.256          -3.804e+01              53.588           3.626e+01     
 179.000          90.000           -2.972e+00          -2.974e+00             118.560          -3.818e+01              55.852           3.624e+01     
 180.000          90.000           -3.366e+00          -3.367e+00             117.943          -3.836e+01              58.189           3.627e+01     
 179.000         270.000           -3.769e+00          -3.770e+00             297.428          -3.857e+01             240.577           3.634e+01     
 178.000         270.000           -4.178e+00          -4.179e+00             297.047          -3.879e+01             242.984           3.645e+01     
 177.000         270.000           -4.592e+00          -4.594e+00             296.831          -3.903e+01             245.364           3.657e+01     
 176.000         270.000           -5.010e+00          -5.012e+00             296.809          -3.928e+01             247.664           3.669e+01     
 175.000         270.000           -5.430e+00          -5.431e+00             297.008          -3.953e+01             249.818           3.679e+01     
 174.000         270.000           -5.848e+00          -5.850e+00             297.449          -3.978e+01             251.759           3.684e+01     
 173.000         270.000           -6.263e+00          -6.264e+00             298.146          -4.002e+01             253.416           3.681e+01     
 172.000         270.000           -6.669e+00          -6.671e+00             299.107          -4.026e+01             254.725           3.669e+01     
 171.000         270.000           -7.062e+00          -7.064e+00             300.326          -4.048e+01             255.629           3.648e+01     
 170.000         270.000           -7.434e+00          -7.436e+00             301.784          -4.070e+01             256.085           3.617e+01     
 169.000         270.000           -7.777e+00          -7.780e+00             303.443          -4.090e+01             256.073           3.579e+01     
 168.000         270.000           -8.084e+00          -8.086e+00             305.255          -4.109e+01             255.580           3.536e+01     
 167.000         270.000           -8.344e+00          -8.346e+00             307.143          -4.126e+01             254.629           3.492e+01     
 166.000         270.000           -8.548e+00          -8.551e+00             309.021          -4.141e+01             253.259           3.451e+01     
 165.000         270.000           -8.691e+00          -8.693e+00             310.793          -4.152e+01             251.538           3.415e+01     
 164.000         270.000           -8.765e+00          -8.767e+00             312.361          -4.162e+01             249.549           3.387e+01     
 163.000         270.000           -8.768e+00          -8.770e+00             313.639          -4.168e+01             247.389           3.368e+01     
 162.000         270.000           -8.698e+00          -8.700e+00             314.560          -4.172e+01             245.161           3.360e+01     
 161.000         270.000           -8.556e+00          -8.558e+00             315.085          -4.175e+01             242.966           3.362e+01     
 160.000         270.000           -8.343e+00          -8.345e+00             315.207          -4.176e+01             240.890           3.375e+01     
 159.000         270.000           -8.061e+00          -8.063e+00             314.951          -4.178e+01             239.009           3.398e+01     
 158.000         270.000           -7.717e+00          -7.719e+00             314.368          -4.181e+01             237.377           3.432e+01     
 157.000         270.000           -7.315e+00          -7.316e+00             313.533          -4.187e+01             236.037           3.476e+01     
 156.000         270.000           -6.864e+00          -6.865e+00             312.528          -4.196e+01             235.018           3.530e+01     
 155.000         270.000           -6.372e+00          -6.373e+00             311.433          -4.209e+01             234.339           3.594e+01     
 154.000         270.000           -5.852e+00          -5.853e+00             310.326          -4.227e+01             234.016           3.666e+01     
 153.000         270.000           -5.313e+00          -5.314e+00             309.269          -4.250e+01             234.060           3.748e+01     
 152.000         270.000           -4.768e+00          -4.769e+00             308.310          -4.280e+01             234.486           3.838e+01     
 151.000         270.000           -4.226e+00          -4.227e+00             307.484          -4.316e+01             235.309           3.936e+01     
 150.000         270.000           -3.697e+00          -3.697e+00             306.811          -4.358e+01             236.548           4.000e+01     
 149.000         270.000           -3.188e+00          -3.188e+00             306.302          -4.407e+01             238.226           4.000e+01     
 148.000         270.000           -2.706e+00          -2.706e+00             305.959          -4.462e+01             240.371           4.000e+01     
 147.000         270.000           -2.256e+00          -2.256e+00             305.781          -4.523e+01             243.009           4.000e+01     
 146.000         270.000           -1.841e+00          -1.841e+00             305.760          -4.589e+01             246.171           4.000e+01     
 145.000         270.000           -1.465e+00          -1.465e+00             305.891          -4.660e+01             249.876           4.000e+01     
 144.000         270.000           -1.130e+00          -1.130e+00             306.165          -4.735e+01             254.131           4.000e+01     
 143.000         270.000           -8.359e-01          -8.360e-01             306.574          -4.813e+01             258.920           4.000e+01     
 142.000         270.000           -5.849e-01          -5.849e-01             307.110          -4.892e+01             264.193           4.000e+01     
 141.000         270.000           -3.765e-01          -3.766e-01             307.767          -4.972e+01             269.865           4.000e+01     
 140.000         270.000           -2.109e-01          -2.109e-01             308.539          -5.053e+01             275.819           4.000e+01     
 139.000         270.000           -8.744e-02          -8.748e-02             309.420          -5.137e+01             281.916           4.000e+01     
 138.000         270.000           -5.647e-03          -5.673e-03             310.407          -5.226e+01             288.027           4.000e+01     
 137.000         270.000            3.531e-02           3.529e-02             311.495          -5.324e+01             294.054           4.000e+01     
 136.000         270.000            3.636e-02           3.635e-02             312.682          -5.438e+01             299.971           4.000e+01     
 135.000         270.000           -1.450e-03          -1.462e-03             313.967          -5.579e+01             305.868           4.000e+01     
 134.000         270.000           -7.700e-02          -7.700e-02             315.347          -5.763e+01             312.056           4.000e+01     
 133.000         270.000           -1.890e-01          -1.890e-01             316.823          -6.023e+01             319.434           4.000e+01     
 132.000         270.000           -3.363e-01          -3.363e-01             318.393          -6.434e+01             331.384           4.000e+01     
 131.000         270.000           -5.175e-01          -5.175e-01             320.057          -7.145e+01              10.919           4.000e+01     
 130.000         270.000           -7.313e-01          -7.313e-01             321.817          -6.805e+01              99.686           4.000e+01     
 129.000         270.000           -9.762e-01          -9.762e-01             323.672          -6.137e+01             121.814           4.000e+01     
 128.000         270.000           -1.251e+00          -1.251e+00             325.622          -5.721e+01             129.860           4.000e+01     
 127.000         270.000           -1.554e+00          -1.554e+00             327.669          -5.424e+01             134.471           4.000e+01     
 126.000         270.000           -1.883e+00          -1.883e+00             329.814          -5.193e+01             137.669           4.000e+01     
 125.000         270.000           -2.238e+00          -2.238e+00             332.055          -5.003e+01             140.103           4.000e+01     
 124.000         270.000           -2.616e+00          -2.616e+00             334.395          -4.844e+01             142.052           4.000e+01     
 123.000         270.000           -3.017e+00          -3.017e+00             336.833          -4.707e+01             143.660           4.000e+01     
 122.000         270.000           -3.438e+00          -3.438e+00             339.368          -4.587e+01             145.010           4.000e+01     
 121.000         270.000           -3.879e+00          -3.879e+00             342.001          -4.481e+01             146.157           4.000e+01     
 120.000         270.000           -4.338e+00          -4.339e+00             344.732          -4.387e+01             147.140           4.000e+01     
 119.000         270.000           -4.814e+00          -4.815e+00             347.560          -4.304e+01             147.985           4.000e+01     
 118.000         270.000           -5.307e+00          -5.308e+00             350.485          -4.229e+01             148.714           4.000e+01     
 117.000         270.000           -5.814e+00          -5.815e+00             353.508          -4.161e+01             149.343           4.000e+01     
 116.000         270.000           -6.336e+00          -6.338e+00             356.632          -4.100e+01             149.885           4.000e+01     
 115.000         270.000           -6.873e+00          -6.875e+00             359.859          -4.046e+01             150.353           3.974e+01     
 114.000         270.000           -7.423e+00          -7.425e+00               3.195          -3.996e+01             150.754           3.795e+01     
 113.000         270.000           -7.987e+00          -7.990e+00               6.649          -3.952e+01             151.098           3.624e+01     
 112.000         270.000           -8.564e+00          -8.568e+00              10.232          -3.911e+01             151.392           3.460e+01     
 111.000         270.000           -9.155e+00          -9.160e+00              13.962          -3.875e+01             151.641           3.303e+01     
 110.000         270.000           -9.759e+00          -9.765e+00              17.862          -3.843e+01             151.851           3.153e+01     
 109.000         270.000           -1.038e+01          -1.038e+01              21.961          -3.813e+01             152.028           3.008e+01     
 108.000         270.000           -1.100e+01          -1.101e+01              26.296          -3.787e+01             152.175           2.869e+01     
 107.000         270.000           -1.164e+01          -1.165e+01              30.913          -3.764e+01             152.298           2.737e+01     
 106.000         270.000           -1.227e+01          -1.229e+01              35.865          -3.743e+01             152.399           2.611e+01     
 105.000         270.000           -1.291e+01          -1.292e+01              41.213          -3.724e+01             152.484           2.494e+01     
 104.000         270.000           -1.352e+01          -1.354e+01              47.017          -3.708e+01             152.555           2.386e+01     
 103.000         270.000           -1.411e+01          -1.413e+01              53.328          -3.693e+01             152.617           2.292e+01     
 102.000         270.000           -1.463e+01          -1.466e+01              60.176          -3.681e+01             152.672           2.216e+01     
 101.000         270.000           -1.508e+01          -1.511e+01              67.541          -3.670e+01             152.723           2.162e+01     
 100.000         270.000           -1.541e+01          -1.545e+01              75.340          -3.661e+01             152.773           2.137e+01     
  99.000         270.000           -1.561e+01          -1.565e+01              83.408          -3.653e+01             152.826           2.146e+01     
  98.000         270.000           -1.566e+01          -1.570e+01              91.512          -3.646e+01             152.884           2.191e+01     
  97.000         270.000           -1.555e+01          -1.559e+01              99.390          -3.640e+01             152.949           2.273e+01     
  96.000         270.000           -1.531e+01          -1.534e+01             106.798          -3.636e+01             153.024           2.388e+01     
  95.000         270.000           -1.495e+01          -1.498e+01             113.557          -3.633e+01             153.111           2.530e+01     
  94.000         270.000           -1.451e+01          -1.453e+01             119.567          -3.630e+01             153.212           2.694e+01     
  93.000         270.000           -1.400e+01          -1.403e+01             124.802          -3.629e+01             153.329           2.872e+01     
  92.000         270.000           -1.346e+01          -1.349e+01             129.284          -3.628e+01             153.462           3.058e+01     
  91.000         270.000           -1.291e+01          -1.293e+01             133.070          -3.627e+01             153.614           3.247e+01     
  90.000         270.000           -1.235e+01          -1.237e+01             136.224          -3.628e+01             153.785           3.435e+01     
  89.000         270.000           -1.180e+01          -1.181e+01             138.817          -3.629e+01             153.976           3.615e+01     
  88.000         270.000           -1.126e+01          -1.127e+01             140.912          -3.630e+01             154.186           3.783e+01     
  87.000         270.000           -1.073e+01          -1.074e+01             142.567          -3.632e+01             154.415           3.935e+01     
  86.000         270.000           -1.022e+01          -1.023e+01             143.834          -3.634e+01             154.664           4.000e+01     
  85.000         270.000           -9.729e+00          -9.739e+00             144.755          -3.636e+01             154.930           4.000e+01     
  84.000         270.000           -9.255e+00          -9.264e+00             145.366          -3.639e+01             155.212           4.000e+01     
  83.000         270.000           -8.798e+00          -8.806e+00             145.701          -3.642e+01             155.508           4.000e+01     
  82.000         270.000           -8.358e+00          -8.365e+00             145.785          -3.645e+01             155.816           4.000e+01     
  81.000         270.000           -7.934e+00          -7.940e+00             145.641          -3.648e+01             156.133           4.000e+01     
  80.000         270.000           -7.526e+00          -7.531e+00             145.289          -3.652e+01             156.455           4.000e+01     
  79.000         270.000           -7.131e+00          -7.136e+00             144.745          -3.656e+01             156.779           4.000e+01     
  78.000         270.000           -6.751e+00          -6.755e+00             144.026          -3.660e+01             157.100           4.000e+01     
  77.000         270.000           -6.383e+00          -6.387e+00             143.142          -3.664e+01             157.414           4.000e+01     
  76.000         270.000           -6.028e+00          -6.032e+00             142.107          -3.669e+01             157.717           4.000e+01     
  75.000         270.000           -5.684e+00          -5.688e+00             140.930          -3.674e+01             158.003           4.000e+01     
  74.000         270.000           -5.351e+00          -5.354e+00             139.620          -3.679e+01             158.267           4.000e+01     
  73.000         270.000           -5.029e+00          -5.032e+00             138.186          -3.684e+01             158.504           4.000e+01     
  72.000         270.000           -4.716e+00          -4.719e+00             136.635          -3.690e+01             158.708           4.000e+01     
  71.000         270.000           -4.413e+00          -4.416e+00             134.975          -3.697e+01             158.874           4.000e+01     
  70.000         270.000           -4.119e+00          -4.122e+00             133.212          -3.704e+01             158.996           4.000e+01     
  69.000         270.000           -3.834e+00          -3.836e+00             131.354          -3.712e+01             159.069           3.993e+01     
  68.000         270.000           -3.558e+00          -3.560e+00             129.405          -3.720e+01             159.087           3.975e+01     
  67.000         270.000           -3.290e+00          -3.291e+00             127.373          -3.730e+01             159.045           3.960e+01     
  66.000         270.000           -3.030e+00          -3.032e+00             125.263          -3.740e+01             158.937           3.949e+01     
  65.000         270.000           -2.779e+00          -2.780e+00             123.082          -3.751e+01             158.759           3.942e+01     
  64.000         270.000           -2.536e+00          -2.537e+00             120.833          -3.764e+01             158.505           3.938e+01     
  63.000         270.000           -2.301e+00          -2.303e+00             118.526          -3.778e+01             158.172           3.938e+01     
  62.000         270.000           -2.076e+00          -2.077e+00             116.164          -3.793e+01             157.756           3.941e+01     
  61.000         270.000           -1.859e+00          -1.860e+00             113.753          -3.809e+01             157.251           3.948e+01     
  60.000         270.000           -1.653e+00          -1.653e+00             111.300          -3.827e+01             156.656           3.957e+01     
  59.000         270.000           -1.456e+00          -1.457e+00             108.809          -3.846e+01             155.968           3.970e+01     
  58.000         270.000           -1.270e+00          -1.271e+00             106.286          -3.867e+01             155.185           3.986e+01     
  57.000         270.000           -1.095e+00          -1.096e+00             103.737          -3.889e+01             154.307           4.000e+01     
  56.000         270.000           -9.334e-01          -9.340e-01             101.165          -3.913e+01             153.336           4.000e+01     
  55.000         270.000           -7.848e-01          -7.854e-01              98.576          -3.939e+01             152.276           4.000e+01     
  54.000         270.000           -6.507e-01          -6.512e-01              95.973          -3.965e+01             151.132           4.000e+01     
  53.000         270.000           -5.324e-01          -5.329e-01              93.359          -3.994e+01             149.916           4.000e+01     
  52.000         270.000           -4.312e-01          -4.317e-01              90.738          -4.023e+01             148.641           4.000e+01     
  51.000         270.000           -3.486e-01          -3.490e-01              88.111          -4.054e+01             147.328           4.000e+01     
  50.000         270.000           -2.861e-01          -2.865e-01              85.479          -4.086e+01             146.001           4.000e+01     
  49.000         270.000           -2.454e-01          -2.458e-01              82.842          -4.118e+01             144.694           4.000e+01     
  48.000         270.000           -2.282e-01          -2.286e-01              80.200          -4.152e+01             143.447           4.000e+01     
  47.000         270.000           -2.364e-01          -2.367e-01              77.549          -4.187e+01             142.309           4.000e+01     
  46.000         270.000           -2.717e-01          -2.720e-01              74.887          -4.222e+01             141.336           4.000e+01     
  45.000         270.000           -3.364e-01          -3.367e-01              72.208          -4.258e+01             140.603           4.000e+01     
  44.000         270.000           -4.324e-01          -4.327e-01              69.506          -4.295e+01             140.185           4.000e+01     
  43.000         270.000           -5.619e-01          -5.621e-01              66.771          -4.332e+01             140.173           4.000e+01     
  42.000         270.000           -7.269e-01          -7.271e-01              63.993          -4.369e+01             140.663           4.000e+01     
  41.000         270.000           -9.297e-01          -9.300e-01              61.159          -4.406e+01             141.762           4.000e+01     
  40.000         270.000           -1.173e+00          -1.173e+00              58.252          -4.441e+01             143.575           4.000e+01     
  39.000         270.000           -1.457e+00          -1.458e+00              55.253          -4.473e+01             146.197           4.000e+01     
  38.000         270.000           -1.787e+00          -1.787e+00              52.138          -4.500e+01             149.692           4.000e+01     
  37.000         270.000           -2.162e+00          -2.162e+00              48.880          -4.518e+01             154.061           4.000e+01     
  36.000         270.000           -2.585e+00          -2.585e+00              45.445          -4.524e+01             159.213           4.000e+01     
  35.000         270.000           -3.056e+00          -3.057e+00              41.794          -4.515e+01             164.941           4.000e+01     
  34.000         270.000           -3.577e+00          -3.578e+00              37.879          -4.490e+01             170.944           4.000e+01     
  33.000         270.000           -4.147e+00          -4.147e+00              33.649          -4.448e+01             176.883           4.000e+01     
  32.000         270.000           -4.762e+00          -4.762e+00              29.039          -4.393e+01             182.456           4.000e+01     
  31.000         270.000           -5.418e+00          -5.419e+00              23.984          -4.328e+01             187.458           4.000e+01     
  30.000         270.000           -6.108e+00          -6.109e+00              18.413          -4.257e+01             191.790           4.000e+01     
  29.000         270.000           -6.819e+00          -6.820e+00              12.259          -4.183e+01             195.440           4.000e+01     
  28.000         270.000           -7.534e+00          -7.536e+00               5.469          -4.109e+01             198.448           4.000e+01     
  27.000         270.000           -8.232e+00          -8.235e+00             358.026          -4.038e+01             200.880           4.000e+01     
  26.000         270.000           -8.890e+00          -8.894e+00             349.961          -3.971e+01             202.805           3.613e+01     
  25.000         270.000           -9.485e+00          -9.490e+00             341.372          -3.908e+01             204.291           3.293e+01     
  24.000         270.000           -1.000e+01          -1.001e+01             332.421          -3.850e+01             205.391           3.045e+01     
  23.000         270.000           -1.043e+01          -1.044e+01             323.307          -3.797e+01             206.151           2.855e+01     
  22.000         270.000           -1.079e+01          -1.080e+01             314.227          -3.750e+01             206.603           2.712e+01     
  21.000         270.000           -1.110e+01          -1.111e+01             305.322          -3.709e+01             206.771           2.607e+01     
  20.000         270.000           -1.139e+01          -1.141e+01             296.651          -3.673e+01             206.670           2.533e+01     
  19.000         270.000           -1.170e+01          -1.171e+01             288.173          -3.643e+01             206.308           2.480e+01     
  18.000         270.000           -1.205e+01          -1.207e+01             279.754          -3.618e+01             205.686           2.445e+01     
  17.000         270.000           -1.246e+01          -1.248e+01             271.170          -3.597e+01             204.802           2.426e+01     
  16.000         270.000           -1.295e+01          -1.297e+01             262.108          -3.582e+01             203.648           2.424e+01     
  15.000         270.000           -1.351e+01          -1.353e+01             252.165          -3.570e+01             202.215           2.451e+01     
  14.000         270.000           -1.409e+01          -1.412e+01             240.873          -3.563e+01             200.491           2.531e+01     
  13.000         270.000           -1.461e+01          -1.464e+01             227.806          -3.559e+01             198.466           2.719e+01     
  12.000         270.000           -1.491e+01          -1.495e+01             212.869          -3.557e+01             196.132           3.150e+01     
  11.000         270.000           -1.483e+01          -1.487e+01             196.702          -3.557e+01             193.489           4.000e+01     
  10.000         270.000           -1.428e+01          -1.432e+01             180.699          -3.558e+01             190.539           3.667e+01     
   9.000         270.000           -1.335e+01          -1.338e+01             166.290          -3.560e+01             187.305           3.118e+01     
   8.000         270.000           -1.219e+01          -1.221e+01             154.158          -3.561e+01             183.814           2.954e+01     
   7.000         270.000           -1.097e+01          -1.098e+01             144.258          -3.561e+01             180.109           2.929e+01     
   6.000         270.000           -9.775e+00          -9.786e+00             136.209          -3.559e+01             176.244           2.965e+01     
   5.000         270.000           -8.661e+00          -8.670e+00             129.585          -3.555e+01             172.285           3.026e+01     
   4.000         270.000           -7.645e+00          -7.652e+00             124.032          -3.549e+01             168.296           3.096e+01     
   3.000         270.000           -6.733e+00          -6.739e+00             119.278          -3.541e+01             164.342           3.167e+01     
   2.000         270.000           -5.922e+00          -5.927e+00             115.124          -3.531e+01             160.475           3.235e+01     
   1.000         270.000           -5.207e+00          -5.211e+00             111.423          -3.521e+01             156.737           3.297e+01     
