Theta [deg.]  Phi   [deg.]  Abs(Grlz)[dBi   ]   Abs(Theta)[dBi   ]  Phase(Theta)[deg.]  Abs(Phi  )[dBi   ]  Phase(Phi  )[deg.]  Ax.Ratio[dB    ]    
------------------------------------------------------------------------------------------------------------------------------------------------------
   0.000          90.000            1.283e+00           1.283e+00             108.966          -4.902e+01             178.241           4.000e+01     
   1.000          90.000            1.441e+00           1.441e+00             109.298          -4.889e+01             178.126           4.000e+01     
   2.000          90.000            1.587e+00           1.587e+00             109.608          -4.875e+01             178.028           4.000e+01     
   3.000          90.000            1.723e+00           1.723e+00             109.897          -4.861e+01             177.946           4.000e+01     
   4.000          90.000            1.847e+00           1.847e+00             110.167          -4.848e+01             177.883           4.000e+01     
   5.000          90.000            1.959e+00           1.959e+00             110.419          -4.835e+01             177.839           4.000e+01     
   6.000          90.000            2.060e+00           2.060e+00             110.654          -4.822e+01             177.816           4.000e+01     
   7.000          90.000            2.148e+00           2.148e+00             110.874          -4.810e+01             177.813           4.000e+01     
   8.000          90.000            2.225e+00           2.225e+00             111.080          -4.798e+01             177.832           4.000e+01     
   9.000          90.000            2.290e+00           2.290e+00             111.273          -4.786e+01             177.874           4.000e+01     
  10.000          90.000            2.343e+00           2.342e+00             111.455          -4.774e+01             177.938           4.000e+01     
  11.000          90.000            2.383e+00           2.383e+00             111.626          -4.762e+01             178.025           4.000e+01     
  12.000          90.000            2.411e+00           2.411e+00             111.787          -4.751e+01             178.136           4.000e+01     
  13.000          90.000            2.427e+00           2.427e+00             111.940          -4.740e+01             178.271           4.000e+01     
  14.000          90.000            2.430e+00           2.430e+00             112.085          -4.729e+01             178.429           4.000e+01     
  15.000          90.000            2.421e+00           2.421e+00             112.224          -4.719e+01             178.611           4.000e+01     
  16.000          90.000            2.399e+00           2.399e+00             112.356          -4.709e+01             178.816           4.000e+01     
  17.000          90.000            2.364e+00           2.364e+00             112.483          -4.699e+01             179.045           4.000e+01     
  18.000          90.000            2.317e+00           2.317e+00             112.605          -4.689e+01             179.296           4.000e+01     
  19.000          90.000            2.258e+00           2.258e+00             112.724          -4.680e+01             179.571           4.000e+01     
  20.000          90.000            2.185e+00           2.185e+00             112.839          -4.671e+01             179.867           4.000e+01     
  21.000          90.000            2.100e+00           2.100e+00             112.951          -4.662e+01             180.186           4.000e+01     
  22.000          90.000            2.002e+00           2.002e+00             113.061          -4.654e+01             180.526           4.000e+01     
  23.000          90.000            1.891e+00           1.891e+00             113.169          -4.646e+01             180.886           4.000e+01     
  24.000          90.000            1.767e+00           1.767e+00             113.276          -4.638e+01             181.267           4.000e+01     
  25.000          90.000            1.630e+00           1.630e+00             113.382          -4.630e+01             181.667           4.000e+01     
  26.000          90.000            1.480e+00           1.480e+00             113.487          -4.623e+01             182.085           4.000e+01     
  27.000          90.000            1.317e+00           1.317e+00             113.591          -4.616e+01             182.522           4.000e+01     
  28.000          90.000            1.140e+00           1.140e+00             113.695          -4.609e+01             182.976           4.000e+01     
  29.000          90.000            9.509e-01           9.508e-01             113.798          -4.603e+01             183.446           4.000e+01     
  30.000          90.000            7.480e-01           7.479e-01             113.901          -4.597e+01             183.931           4.000e+01     
  31.000          90.000            5.317e-01           5.316e-01             114.003          -4.591e+01             184.431           4.000e+01     
  32.000          90.000            3.019e-01           3.018e-01             114.106          -4.585e+01             184.945           4.000e+01     
  33.000          90.000            5.845e-02           5.833e-02             114.207          -4.580e+01             185.472           4.000e+01     
  34.000          90.000           -1.987e-01          -1.988e-01             114.307          -4.574e+01             186.010           4.000e+01     
  35.000          90.000           -4.697e-01          -4.698e-01             114.406          -4.569e+01             186.559           4.000e+01     
  36.000          90.000           -7.546e-01          -7.548e-01             114.502          -4.565e+01             187.119           4.000e+01     
  37.000          90.000           -1.054e+00          -1.054e+00             114.595          -4.560e+01             187.687           4.000e+01     
  38.000          90.000           -1.367e+00          -1.367e+00             114.684          -4.556e+01             188.264           4.000e+01     
  39.000          90.000           -1.695e+00          -1.695e+00             114.767          -4.552e+01             188.848           4.000e+01     
  40.000          90.000           -2.037e+00          -2.037e+00             114.844          -4.548e+01             189.438           4.000e+01     
  41.000          90.000           -2.395e+00          -2.395e+00             114.912          -4.544e+01             190.033           4.000e+01     
  42.000          90.000           -2.767e+00          -2.767e+00             114.969          -4.541e+01             190.633           4.000e+01     
  43.000          90.000           -3.155e+00          -3.155e+00             115.013          -4.537e+01             191.237           4.000e+01     
  44.000          90.000           -3.558e+00          -3.558e+00             115.041          -4.534e+01             191.843           4.000e+01     
  45.000          90.000           -3.977e+00          -3.978e+00             115.049          -4.531e+01             192.450           4.000e+01     
  46.000          90.000           -4.413e+00          -4.413e+00             115.033          -4.529e+01             193.059           4.000e+01     
  47.000          90.000           -4.865e+00          -4.865e+00             114.988          -4.526e+01             193.668           4.000e+01     
  48.000          90.000           -5.334e+00          -5.334e+00             114.909          -4.524e+01             194.275           4.000e+01     
  49.000          90.000           -5.820e+00          -5.820e+00             114.789          -4.521e+01             194.882           3.952e+01     
  50.000          90.000           -6.324e+00          -6.324e+00             114.619          -4.519e+01             195.486           3.898e+01     
  51.000          90.000           -6.846e+00          -6.847e+00             114.390          -4.517e+01             196.086           3.842e+01     
  52.000          90.000           -7.387e+00          -7.387e+00             114.091          -4.515e+01             196.683           3.784e+01     
  53.000          90.000           -7.946e+00          -7.947e+00             113.709          -4.513e+01             197.275           3.724e+01     
  54.000          90.000           -8.524e+00          -8.525e+00             113.227          -4.512e+01             197.862           3.663e+01     
  55.000          90.000           -9.122e+00          -9.123e+00             112.628          -4.510e+01             198.443           3.600e+01     
  56.000          90.000           -9.739e+00          -9.740e+00             111.889          -4.509e+01             199.017           3.536e+01     
  57.000          90.000           -1.038e+01          -1.038e+01             110.983          -4.507e+01             199.584           3.470e+01     
  58.000          90.000           -1.103e+01          -1.103e+01             109.879          -4.506e+01             200.143           3.403e+01     
  59.000          90.000           -1.170e+01          -1.170e+01             108.542          -4.505e+01             200.694           3.336e+01     
  60.000          90.000           -1.238e+01          -1.239e+01             106.930          -4.504e+01             201.236           3.268e+01     
  61.000          90.000           -1.308e+01          -1.308e+01             104.995          -4.503e+01             201.768           3.201e+01     
  62.000          90.000           -1.378e+01          -1.378e+01             102.684          -4.502e+01             202.290           3.136e+01     
  63.000          90.000           -1.447e+01          -1.448e+01              99.945          -4.502e+01             202.802           3.076e+01     
  64.000          90.000           -1.515e+01          -1.516e+01              96.725          -4.501e+01             203.303           3.022e+01     
  65.000          90.000           -1.580e+01          -1.581e+01              92.983          -4.500e+01             203.793           2.978e+01     
  66.000          90.000           -1.640e+01          -1.640e+01              88.703          -4.500e+01             204.271           2.949e+01     
  67.000          90.000           -1.692e+01          -1.693e+01              83.907          -4.499e+01             204.737           2.939e+01     
  68.000          90.000           -1.734e+01          -1.735e+01              78.669          -4.499e+01             205.191           2.954e+01     
  69.000          90.000           -1.765e+01          -1.766e+01              73.124          -4.498e+01             205.631           2.998e+01     
  70.000          90.000           -1.782e+01          -1.783e+01              67.456          -4.498e+01             206.059           3.075e+01     
  71.000          90.000           -1.786e+01          -1.787e+01              61.874          -4.498e+01             206.473           3.186e+01     
  72.000          90.000           -1.778e+01          -1.779e+01              56.573          -4.497e+01             206.874           3.330e+01     
  73.000          90.000           -1.759e+01          -1.760e+01              51.707          -4.497e+01             207.261           3.505e+01     
  74.000          90.000           -1.731e+01          -1.732e+01              47.369          -4.497e+01             207.633           3.709e+01     
  75.000          90.000           -1.698e+01          -1.698e+01              43.596          -4.497e+01             207.991           3.940e+01     
  76.000          90.000           -1.660e+01          -1.661e+01              40.381          -4.497e+01             208.334           4.000e+01     
  77.000          90.000           -1.620e+01          -1.621e+01              37.688          -4.496e+01             208.663           4.000e+01     
  78.000          90.000           -1.579e+01          -1.579e+01              35.466          -4.496e+01             208.976           4.000e+01     
  79.000          90.000           -1.537e+01          -1.538e+01              33.656          -4.496e+01             209.274           4.000e+01     
  80.000          90.000           -1.496e+01          -1.497e+01              32.204          -4.496e+01             209.557           4.000e+01     
  81.000          90.000           -1.456e+01          -1.456e+01              31.057          -4.496e+01             209.824           4.000e+01     
  82.000          90.000           -1.417e+01          -1.417e+01              30.168          -4.496e+01             210.075           4.000e+01     
  83.000          90.000           -1.379e+01          -1.379e+01              29.495          -4.496e+01             210.310           4.000e+01     
  84.000          90.000           -1.342e+01          -1.343e+01              29.003          -4.496e+01             210.530           4.000e+01     
  85.000          90.000           -1.307e+01          -1.307e+01              28.660          -4.496e+01             210.733           4.000e+01     
  86.000          90.000           -1.273e+01          -1.273e+01              28.439          -4.496e+01             210.920           4.000e+01     
  87.000          90.000           -1.241e+01          -1.241e+01              28.317          -4.496e+01             211.091           4.000e+01     
  88.000          90.000           -1.210e+01          -1.210e+01              28.274          -4.496e+01             211.245           4.000e+01     
  89.000          90.000           -1.180e+01          -1.180e+01              28.293          -4.496e+01             211.382           4.000e+01     
  90.000          90.000           -1.152e+01          -1.152e+01              28.358          -4.496e+01             211.503           4.000e+01     
  91.000          90.000           -1.125e+01          -1.125e+01              28.456          -4.496e+01             211.607           4.000e+01     
  92.000          90.000           -1.099e+01          -1.099e+01              28.576          -4.496e+01             211.695           4.000e+01     
  93.000          90.000           -1.074e+01          -1.074e+01              28.708          -4.496e+01             211.765           4.000e+01     
  94.000          90.000           -1.051e+01          -1.051e+01              28.841          -4.497e+01             211.819           4.000e+01     
  95.000          90.000           -1.028e+01          -1.028e+01              28.969          -4.497e+01             211.856           4.000e+01     
  96.000          90.000           -1.007e+01          -1.007e+01              29.083          -4.497e+01             211.875           4.000e+01     
  97.000          90.000           -9.874e+00          -9.875e+00              29.177          -4.497e+01             211.878           4.000e+01     
  98.000          90.000           -9.686e+00          -9.687e+00              29.245          -4.497e+01             211.864           4.000e+01     
  99.000          90.000           -9.510e+00          -9.511e+00              29.280          -4.497e+01             211.832           4.000e+01     
 100.000          90.000           -9.345e+00          -9.346e+00              29.277          -4.497e+01             211.784           4.000e+01     
 101.000          90.000           -9.191e+00          -9.192e+00              29.231          -4.497e+01             211.718           4.000e+01     
 102.000          90.000           -9.049e+00          -9.050e+00              29.136          -4.497e+01             211.636           4.000e+01     
 103.000          90.000           -8.917e+00          -8.918e+00              28.988          -4.498e+01             211.536           4.000e+01     
 104.000          90.000           -8.796e+00          -8.797e+00              28.780          -4.498e+01             211.420           4.000e+01     
 105.000          90.000           -8.686e+00          -8.687e+00              28.509          -4.498e+01             211.287           4.000e+01     
 106.000          90.000           -8.586e+00          -8.587e+00              28.168          -4.498e+01             211.136           4.000e+01     
 107.000          90.000           -8.496e+00          -8.497e+00              27.753          -4.499e+01             210.969           4.000e+01     
 108.000          90.000           -8.416e+00          -8.417e+00              27.258          -4.499e+01             210.786           4.000e+01     
 109.000          90.000           -8.346e+00          -8.347e+00              26.676          -4.499e+01             210.586           4.000e+01     
 110.000          90.000           -8.285e+00          -8.286e+00              26.002          -4.500e+01             210.369           4.000e+01     
 111.000          90.000           -8.232e+00          -8.233e+00              25.231          -4.500e+01             210.136           4.000e+01     
 112.000          90.000           -8.187e+00          -8.188e+00              24.354          -4.501e+01             209.887           4.000e+01     
 113.000          90.000           -8.150e+00          -8.150e+00              23.368          -4.501e+01             209.622           4.000e+01     
 114.000          90.000           -8.118e+00          -8.119e+00              22.264          -4.502e+01             209.342           4.000e+01     
 115.000          90.000           -8.091e+00          -8.092e+00              21.037          -4.503e+01             209.045           4.000e+01     
 116.000          90.000           -8.068e+00          -8.068e+00              19.682          -4.504e+01             208.734           4.000e+01     
 117.000          90.000           -8.046e+00          -8.047e+00              18.192          -4.504e+01             208.407           4.000e+01     
 118.000          90.000           -8.025e+00          -8.026e+00              16.563          -4.505e+01             208.066           4.000e+01     
 119.000          90.000           -8.002e+00          -8.003e+00              14.793          -4.506e+01             207.710           4.000e+01     
 120.000          90.000           -7.975e+00          -7.976e+00              12.879          -4.507e+01             207.340           4.000e+01     
 121.000          90.000           -7.941e+00          -7.942e+00              10.823          -4.509e+01             206.956           4.000e+01     
 122.000          90.000           -7.898e+00          -7.899e+00               8.626          -4.510e+01             206.559           4.000e+01     
 123.000          90.000           -7.843e+00          -7.844e+00               6.295          -4.511e+01             206.148           4.000e+01     
 124.000          90.000           -7.774e+00          -7.774e+00               3.840          -4.513e+01             205.725           4.000e+01     
 125.000          90.000           -7.687e+00          -7.688e+00               1.272          -4.515e+01             205.290           4.000e+01     
 126.000          90.000           -7.581e+00          -7.581e+00             358.609          -4.516e+01             204.842           4.000e+01     
 127.000          90.000           -7.453e+00          -7.454e+00             355.868          -4.518e+01             204.384           4.000e+01     
 128.000          90.000           -7.302e+00          -7.303e+00             353.072          -4.520e+01             203.915           4.000e+01     
 129.000          90.000           -7.127e+00          -7.128e+00             350.246          -4.522e+01             203.435           4.000e+01     
 130.000          90.000           -6.928e+00          -6.929e+00             347.413          -4.525e+01             202.946           4.000e+01     
 131.000          90.000           -6.705e+00          -6.706e+00             344.600          -4.527e+01             202.447           4.000e+01     
 132.000          90.000           -6.460e+00          -6.460e+00             341.830          -4.530e+01             201.941           4.000e+01     
 133.000          90.000           -6.193e+00          -6.194e+00             339.124          -4.533e+01             201.426           4.000e+01     
 134.000          90.000           -5.908e+00          -5.908e+00             336.502          -4.536e+01             200.904           4.000e+01     
 135.000          90.000           -5.606e+00          -5.606e+00             333.979          -4.539e+01             200.375           4.000e+01     
 136.000          90.000           -5.290e+00          -5.291e+00             331.567          -4.542e+01             199.840           4.000e+01     
 137.000          90.000           -4.964e+00          -4.964e+00             329.277          -4.546e+01             199.300           4.000e+01     
 138.000          90.000           -4.630e+00          -4.630e+00             327.112          -4.549e+01             198.756           4.000e+01     
 139.000          90.000           -4.290e+00          -4.290e+00             325.075          -4.553e+01             198.207           4.000e+01     
 140.000          90.000           -3.948e+00          -3.948e+00             323.168          -4.557e+01             197.656           4.000e+01     
 141.000          90.000           -3.605e+00          -3.605e+00             321.387          -4.562e+01             197.103           4.000e+01     
 142.000          90.000           -3.264e+00          -3.264e+00             319.730          -4.566e+01             196.548           4.000e+01     
 143.000          90.000           -2.927e+00          -2.927e+00             318.192          -4.571e+01             195.992           4.000e+01     
 144.000          90.000           -2.595e+00          -2.595e+00             316.768          -4.576e+01             195.436           4.000e+01     
 145.000          90.000           -2.269e+00          -2.270e+00             315.451          -4.582e+01             194.882           4.000e+01     
 146.000          90.000           -1.952e+00          -1.952e+00             314.236          -4.587e+01             194.329           4.000e+01     
 147.000          90.000           -1.644e+00          -1.644e+00             313.117          -4.593e+01             193.778           4.000e+01     
 148.000          90.000           -1.345e+00          -1.345e+00             312.086          -4.600e+01             193.231           4.000e+01     
 149.000          90.000           -1.057e+00          -1.058e+00             311.139          -4.606e+01             192.688           4.000e+01     
 150.000          90.000           -7.807e-01          -7.809e-01             310.270          -4.613e+01             192.149           4.000e+01     
 151.000          90.000           -5.159e-01          -5.161e-01             309.471          -4.620e+01             191.617           4.000e+01     
 152.000          90.000           -2.634e-01          -2.635e-01             308.739          -4.627e+01             191.091           4.000e+01     
 153.000          90.000           -2.335e-02          -2.346e-02             308.067          -4.635e+01             190.572           4.000e+01     
 154.000          90.000            2.038e-01           2.037e-01             307.453          -4.643e+01             190.062           4.000e+01     
 155.000          90.000            4.179e-01           4.178e-01             306.890          -4.651e+01             189.560           4.000e+01     
 156.000          90.000            6.187e-01           6.186e-01             306.375          -4.660e+01             189.068           4.000e+01     
 157.000          90.000            8.060e-01           8.059e-01             305.905          -4.669e+01             188.586           4.000e+01     
 158.000          90.000            9.798e-01           9.797e-01             305.474          -4.679e+01             188.115           4.000e+01     
 159.000          90.000            1.140e+00           1.140e+00             305.081          -4.688e+01             187.655           4.000e+01     
 160.000          90.000            1.286e+00           1.286e+00             304.722          -4.698e+01             187.208           4.000e+01     
 161.000          90.000            1.419e+00           1.419e+00             304.393          -4.709e+01             186.774           4.000e+01     
 162.000          90.000            1.538e+00           1.538e+00             304.093          -4.720e+01             186.352           4.000e+01     
 163.000          90.000            1.643e+00           1.643e+00             303.818          -4.731e+01             185.945           4.000e+01     
 164.000          90.000            1.734e+00           1.733e+00             303.567          -4.742e+01             185.552           4.000e+01     
 165.000          90.000            1.810e+00           1.810e+00             303.336          -4.754e+01             185.173           4.000e+01     
 166.000          90.000            1.874e+00           1.873e+00             303.124          -4.767e+01             184.810           4.000e+01     
 167.000          90.000            1.923e+00           1.923e+00             302.928          -4.779e+01             184.462           4.000e+01     
 168.000          90.000            1.958e+00           1.958e+00             302.747          -4.792e+01             184.129           4.000e+01     
 169.000          90.000            1.979e+00           1.979e+00             302.578          -4.806e+01             183.812           4.000e+01     
 170.000          90.000            1.986e+00           1.986e+00             302.420          -4.820e+01             183.510           4.000e+01     
 171.000          90.000            1.979e+00           1.979e+00             302.272          -4.834e+01             183.225           4.000e+01     
 172.000          90.000            1.958e+00           1.958e+00             302.130          -4.848e+01             182.955           4.000e+01     
 173.000          90.000            1.922e+00           1.922e+00             301.994          -4.863e+01             182.700           4.000e+01     
 174.000          90.000            1.873e+00           1.873e+00             301.861          -4.879e+01             182.461           4.000e+01     
 175.000          90.000            1.810e+00           1.810e+00             301.731          -4.894e+01             182.236           4.000e+01     
 176.000          90.000            1.733e+00           1.732e+00             301.601          -4.910e+01             182.025           4.000e+01     
 177.000          90.000            1.641e+00           1.641e+00             301.470          -4.927e+01             181.828           4.000e+01     
 178.000          90.000            1.535e+00           1.535e+00             301.336          -4.943e+01             181.644           4.000e+01     
 179.000          90.000            1.416e+00           1.416e+00             301.197          -4.960e+01             181.472           4.000e+01     
 180.000          90.000            1.281e+00           1.281e+00             301.051          -4.978e+01             181.310           4.000e+01     
 179.000         270.000            1.133e+00           1.133e+00             120.897          -4.995e+01               1.159           4.000e+01     
 178.000         270.000            9.710e-01           9.710e-01             120.733          -5.013e+01               1.016           4.000e+01     
 177.000         270.000            7.945e-01           7.944e-01             120.556          -5.032e+01               0.880           4.000e+01     
 176.000         270.000            6.037e-01           6.036e-01             120.365          -5.050e+01               0.750           4.000e+01     
 175.000         270.000            3.987e-01           3.986e-01             120.158          -5.069e+01               0.624           4.000e+01     
 174.000         270.000            1.794e-01           1.794e-01             119.932          -5.088e+01               0.499           4.000e+01     
 173.000         270.000           -5.410e-02          -5.413e-02             119.684          -5.107e+01               0.375           4.000e+01     
 172.000         270.000           -3.018e-01          -3.019e-01             119.413          -5.127e+01               0.248           4.000e+01     
 171.000         270.000           -5.638e-01          -5.638e-01             119.115          -5.147e+01               0.116           4.000e+01     
 170.000         270.000           -8.400e-01          -8.400e-01             118.788          -5.167e+01             359.978           4.000e+01     
 169.000         270.000           -1.130e+00          -1.130e+00             118.428          -5.187e+01             359.829           4.000e+01     
 168.000         270.000           -1.435e+00          -1.435e+00             118.033          -5.208e+01             359.668           4.000e+01     
 167.000         270.000           -1.753e+00          -1.753e+00             117.598          -5.228e+01             359.491           4.000e+01     
 166.000         270.000           -2.086e+00          -2.086e+00             117.120          -5.249e+01             359.296           4.000e+01     
 165.000         270.000           -2.432e+00          -2.432e+00             116.595          -5.270e+01             359.079           4.000e+01     
 164.000         270.000           -2.791e+00          -2.792e+00             116.018          -5.291e+01             358.837           4.000e+01     
 163.000         270.000           -3.165e+00          -3.165e+00             115.386          -5.313e+01             358.566           4.000e+01     
 162.000         270.000           -3.551e+00          -3.551e+00             114.692          -5.334e+01             358.263           4.000e+01     
 161.000         270.000           -3.950e+00          -3.950e+00             113.932          -5.356e+01             357.925           4.000e+01     
 160.000         270.000           -4.362e+00          -4.362e+00             113.100          -5.377e+01             357.547           4.000e+01     
 159.000         270.000           -4.785e+00          -4.786e+00             112.190          -5.399e+01             357.126           4.000e+01     
 158.000         270.000           -5.220e+00          -5.220e+00             111.197          -5.421e+01             356.659           4.000e+01     
 157.000         270.000           -5.666e+00          -5.666e+00             110.113          -5.443e+01             356.141           4.000e+01     
 156.000         270.000           -6.121e+00          -6.121e+00             108.933          -5.465e+01             355.568           4.000e+01     
 155.000         270.000           -6.585e+00          -6.585e+00             107.649          -5.487e+01             354.938           4.000e+01     
 154.000         270.000           -7.057e+00          -7.057e+00             106.254          -5.509e+01             354.246           4.000e+01     
 153.000         270.000           -7.535e+00          -7.535e+00             104.744          -5.531e+01             353.489           4.000e+01     
 152.000         270.000           -8.017e+00          -8.018e+00             103.112          -5.552e+01             352.664           4.000e+01     
 151.000         270.000           -8.503e+00          -8.503e+00             101.352          -5.574e+01             351.767           4.000e+01     
 150.000         270.000           -8.989e+00          -8.989e+00              99.461          -5.595e+01             350.796           4.000e+01     
 149.000         270.000           -9.474e+00          -9.474e+00              97.431          -5.616e+01             349.748           4.000e+01     
 148.000         270.000           -9.954e+00          -9.954e+00              95.271          -5.637e+01             348.622           4.000e+01     
 147.000         270.000           -1.043e+01          -1.043e+01              92.978          -5.657e+01             347.415           4.000e+01     
 146.000         270.000           -1.089e+01          -1.089e+01              90.556          -5.677e+01             346.127           4.000e+01     
 145.000         270.000           -1.135e+01          -1.135e+01              88.012          -5.696e+01             344.758           4.000e+01     
 144.000         270.000           -1.179e+01          -1.179e+01              85.356          -5.715e+01             343.308           4.000e+01     
 143.000         270.000           -1.221e+01          -1.221e+01              82.603          -5.732e+01             341.778           4.000e+01     
 142.000         270.000           -1.261e+01          -1.261e+01              79.770          -5.749e+01             340.172           4.000e+01     
 141.000         270.000           -1.299e+01          -1.299e+01              76.875          -5.765e+01             338.493           4.000e+01     
 140.000         270.000           -1.335e+01          -1.335e+01              73.941          -5.780e+01             336.745           4.000e+01     
 139.000         270.000           -1.369e+01          -1.369e+01              70.990          -5.794e+01             334.934           4.000e+01     
 138.000         270.000           -1.400e+01          -1.400e+01              68.046          -5.806e+01             333.066           4.000e+01     
 137.000         270.000           -1.429e+01          -1.429e+01              65.128          -5.817e+01             331.149           4.000e+01     
 136.000         270.000           -1.457e+01          -1.457e+01              62.259          -5.827e+01             329.191           4.000e+01     
 135.000         270.000           -1.482e+01          -1.482e+01              59.454          -5.835e+01             327.202           4.000e+01     
 134.000         270.000           -1.506e+01          -1.506e+01              56.728          -5.842e+01             325.191           4.000e+01     
 133.000         270.000           -1.529e+01          -1.529e+01              54.092          -5.848e+01             323.167           4.000e+01     
 132.000         270.000           -1.550e+01          -1.550e+01              51.552          -5.852e+01             321.141           4.000e+01     
 131.000         270.000           -1.571e+01          -1.571e+01              49.113          -5.854e+01             319.123           4.000e+01     
 130.000         270.000           -1.591e+01          -1.591e+01              46.774          -5.856e+01             317.122           4.000e+01     
 129.000         270.000           -1.611e+01          -1.611e+01              44.534          -5.856e+01             315.147           4.000e+01     
 128.000         270.000           -1.631e+01          -1.631e+01              42.388          -5.855e+01             313.206           4.000e+01     
 127.000         270.000           -1.651e+01          -1.651e+01              40.328          -5.852e+01             311.307           4.000e+01     
 126.000         270.000           -1.672e+01          -1.672e+01              38.348          -5.849e+01             309.455           4.000e+01     
 125.000         270.000           -1.692e+01          -1.692e+01              36.437          -5.845e+01             307.657           4.000e+01     
 124.000         270.000           -1.714e+01          -1.714e+01              34.585          -5.840e+01             305.918           4.000e+01     
 123.000         270.000           -1.736e+01          -1.736e+01              32.781          -5.834e+01             304.239           4.000e+01     
 122.000         270.000           -1.759e+01          -1.759e+01              31.011          -5.828e+01             302.625           4.000e+01     
 121.000         270.000           -1.783e+01          -1.784e+01              29.264          -5.821e+01             301.077           4.000e+01     
 120.000         270.000           -1.809e+01          -1.809e+01              27.526          -5.814e+01             299.596           4.000e+01     
 119.000         270.000           -1.835e+01          -1.835e+01              25.782          -5.807e+01             298.182           3.973e+01     
 118.000         270.000           -1.862e+01          -1.862e+01              24.019          -5.799e+01             296.836           3.938e+01     
 117.000         270.000           -1.890e+01          -1.890e+01              22.219          -5.791e+01             295.557           3.903e+01     
 116.000         270.000           -1.920e+01          -1.920e+01              20.368          -5.784e+01             294.344           3.866e+01     
 115.000         270.000           -1.950e+01          -1.950e+01              18.448          -5.776e+01             293.196           3.829e+01     
 114.000         270.000           -1.981e+01          -1.981e+01              16.441          -5.769e+01             292.111           3.791e+01     
 113.000         270.000           -2.013e+01          -2.013e+01              14.328          -5.761e+01             291.088           3.754e+01     
 112.000         270.000           -2.046e+01          -2.046e+01              12.089          -5.754e+01             290.125           3.716e+01     
 111.000         270.000           -2.080e+01          -2.080e+01               9.703          -5.747e+01             289.220           3.679e+01     
 110.000         270.000           -2.114e+01          -2.114e+01               7.151          -5.740e+01             288.373           3.644e+01     
 109.000         270.000           -2.147e+01          -2.147e+01               4.412          -5.734e+01             287.580           3.610e+01     
 108.000         270.000           -2.181e+01          -2.181e+01               1.465          -5.728e+01             286.841           3.579e+01     
 107.000         270.000           -2.213e+01          -2.213e+01             358.294          -5.723e+01             286.154           3.552e+01     
 106.000         270.000           -2.244e+01          -2.244e+01             354.886          -5.717e+01             285.517           3.531e+01     
 105.000         270.000           -2.273e+01          -2.273e+01             351.233          -5.713e+01             284.928           3.516e+01     
 104.000         270.000           -2.300e+01          -2.300e+01             347.336          -5.709e+01             284.388           3.509e+01     
 103.000         270.000           -2.322e+01          -2.323e+01             343.206          -5.705e+01             283.894           3.513e+01     
 102.000         270.000           -2.341e+01          -2.341e+01             338.867          -5.701e+01             283.445           3.529e+01     
 101.000         270.000           -2.355e+01          -2.355e+01             334.356          -5.699e+01             283.041           3.559e+01     
 100.000         270.000           -2.363e+01          -2.363e+01             329.723          -5.696e+01             282.681           3.605e+01     
  99.000         270.000           -2.365e+01          -2.365e+01             325.025          -5.694e+01             282.363           3.668e+01     
  98.000         270.000           -2.361e+01          -2.361e+01             320.329          -5.693e+01             282.089           3.749e+01     
  97.000         270.000           -2.351e+01          -2.351e+01             315.697          -5.692e+01             281.856           3.850e+01     
  96.000         270.000           -2.336e+01          -2.336e+01             311.191          -5.692e+01             281.666           3.971e+01     
  95.000         270.000           -2.315e+01          -2.316e+01             306.860          -5.692e+01             281.517           4.000e+01     
  94.000         270.000           -2.290e+01          -2.291e+01             302.740          -5.693e+01             281.411           4.000e+01     
  93.000         270.000           -2.262e+01          -2.262e+01             298.859          -5.694e+01             281.346           4.000e+01     
  92.000         270.000           -2.230e+01          -2.231e+01             295.227          -5.696e+01             281.324           4.000e+01     
  91.000         270.000           -2.197e+01          -2.197e+01             291.847          -5.699e+01             281.346           4.000e+01     
  90.000         270.000           -2.161e+01          -2.161e+01             288.715          -5.701e+01             281.410           4.000e+01     
  89.000         270.000           -2.125e+01          -2.125e+01             285.818          -5.705e+01             281.520           4.000e+01     
  88.000         270.000           -2.088e+01          -2.088e+01             283.144          -5.709e+01             281.674           4.000e+01     
  87.000         270.000           -2.050e+01          -2.050e+01             280.675          -5.713e+01             281.876           4.000e+01     
  86.000         270.000           -2.012e+01          -2.012e+01             278.394          -5.718e+01             282.125           4.000e+01     
  85.000         270.000           -1.975e+01          -1.975e+01             276.284          -5.724e+01             282.423           4.000e+01     
  84.000         270.000           -1.938e+01          -1.938e+01             274.330          -5.729e+01             282.772           4.000e+01     
  83.000         270.000           -1.901e+01          -1.901e+01             272.514          -5.736e+01             283.174           4.000e+01     
  82.000         270.000           -1.865e+01          -1.865e+01             270.825          -5.743e+01             283.630           4.000e+01     
  81.000         270.000           -1.829e+01          -1.829e+01             269.248          -5.750e+01             284.143           4.000e+01     
  80.000         270.000           -1.794e+01          -1.794e+01             267.773          -5.758e+01             284.715           4.000e+01     
  79.000         270.000           -1.760e+01          -1.760e+01             266.390          -5.766e+01             285.347           4.000e+01     
  78.000         270.000           -1.726e+01          -1.726e+01             265.089          -5.774e+01             286.044           4.000e+01     
  77.000         270.000           -1.693e+01          -1.693e+01             263.863          -5.783e+01             286.806           4.000e+01     
  76.000         270.000           -1.661e+01          -1.661e+01             262.705          -5.792e+01             287.638           4.000e+01     
  75.000         270.000           -1.629e+01          -1.629e+01             261.609          -5.801e+01             288.541           4.000e+01     
  74.000         270.000           -1.598e+01          -1.598e+01             260.571          -5.811e+01             289.519           4.000e+01     
  73.000         270.000           -1.568e+01          -1.568e+01             259.585          -5.821e+01             290.574           4.000e+01     
  72.000         270.000           -1.538e+01          -1.538e+01             258.648          -5.830e+01             291.709           4.000e+01     
  71.000         270.000           -1.509e+01          -1.509e+01             257.758          -5.840e+01             292.927           4.000e+01     
  70.000         270.000           -1.481e+01          -1.481e+01             256.911          -5.850e+01             294.228           4.000e+01     
  69.000         270.000           -1.453e+01          -1.453e+01             256.107          -5.859e+01             295.616           4.000e+01     
  68.000         270.000           -1.425e+01          -1.425e+01             255.343          -5.868e+01             297.092           4.000e+01     
  67.000         270.000           -1.399e+01          -1.399e+01             254.619          -5.877e+01             298.656           4.000e+01     
  66.000         270.000           -1.373e+01          -1.373e+01             253.933          -5.885e+01             300.308           4.000e+01     
  65.000         270.000           -1.347e+01          -1.347e+01             253.286          -5.892e+01             302.047           4.000e+01     
  64.000         270.000           -1.322e+01          -1.322e+01             252.678          -5.899e+01             303.870           4.000e+01     
  63.000         270.000           -1.297e+01          -1.297e+01             252.109          -5.905e+01             305.776           4.000e+01     
  62.000         270.000           -1.273e+01          -1.273e+01             251.579          -5.909e+01             307.757           4.000e+01     
  61.000         270.000           -1.250e+01          -1.250e+01             251.089          -5.913e+01             309.810           4.000e+01     
  60.000         270.000           -1.227e+01          -1.227e+01             250.641          -5.915e+01             311.926           4.000e+01     
  59.000         270.000           -1.204e+01          -1.204e+01             250.235          -5.915e+01             314.095           4.000e+01     
  58.000         270.000           -1.182e+01          -1.182e+01             249.874          -5.914e+01             316.309           4.000e+01     
  57.000         270.000           -1.161e+01          -1.161e+01             249.557          -5.912e+01             318.554           4.000e+01     
  56.000         270.000           -1.139e+01          -1.139e+01             249.288          -5.907e+01             320.820           4.000e+01     
  55.000         270.000           -1.119e+01          -1.119e+01             249.068          -5.901e+01             323.093           4.000e+01     
  54.000         270.000           -1.098e+01          -1.098e+01             248.898          -5.893e+01             325.359           4.000e+01     
  53.000         270.000           -1.078e+01          -1.078e+01             248.781          -5.884e+01             327.606           4.000e+01     
  52.000         270.000           -1.059e+01          -1.059e+01             248.719          -5.872e+01             329.821           4.000e+01     
  51.000         270.000           -1.039e+01          -1.039e+01             248.713          -5.859e+01             331.993           4.000e+01     
  50.000         270.000           -1.020e+01          -1.020e+01             248.766          -5.845e+01             334.109           4.000e+01     
  49.000         270.000           -1.002e+01          -1.002e+01             248.880          -5.829e+01             336.161           4.000e+01     
  48.000         270.000           -9.831e+00          -9.831e+00             249.056          -5.812e+01             338.140           4.000e+01     
  47.000         270.000           -9.648e+00          -9.648e+00             249.296          -5.793e+01             340.040           4.000e+01     
  46.000         270.000           -9.466e+00          -9.466e+00             249.602          -5.774e+01             341.855           4.000e+01     
  45.000         270.000           -9.286e+00          -9.286e+00             249.974          -5.754e+01             343.581           4.000e+01     
  44.000         270.000           -9.105e+00          -9.105e+00             250.415          -5.733e+01             345.215           4.000e+01     
  43.000         270.000           -8.925e+00          -8.925e+00             250.924          -5.711e+01             346.756           4.000e+01     
  42.000         270.000           -8.744e+00          -8.744e+00             251.502          -5.689e+01             348.204           4.000e+01     
  41.000         270.000           -8.562e+00          -8.562e+00             252.149          -5.667e+01             349.558           4.000e+01     
  40.000         270.000           -8.378e+00          -8.378e+00             252.863          -5.644e+01             350.820           4.000e+01     
  39.000         270.000           -8.191e+00          -8.191e+00             253.644          -5.621e+01             351.992           4.000e+01     
  38.000         270.000           -8.001e+00          -8.001e+00             254.490          -5.598e+01             353.075           4.000e+01     
  37.000         270.000           -7.807e+00          -7.807e+00             255.397          -5.575e+01             354.073           4.000e+01     
  36.000         270.000           -7.608e+00          -7.608e+00             256.363          -5.553e+01             354.989           4.000e+01     
  35.000         270.000           -7.404e+00          -7.405e+00             257.383          -5.530e+01             355.825           4.000e+01     
  34.000         270.000           -7.195e+00          -7.195e+00             258.454          -5.507e+01             356.584           4.000e+01     
  33.000         270.000           -6.980e+00          -6.980e+00             259.569          -5.485e+01             357.270           4.000e+01     
  32.000         270.000           -6.758e+00          -6.758e+00             260.723          -5.463e+01             357.886           4.000e+01     
  31.000         270.000           -6.529e+00          -6.529e+00             261.910          -5.441e+01             358.435           4.000e+01     
  30.000         270.000           -6.294e+00          -6.294e+00             263.123          -5.420e+01             358.920           4.000e+01     
  29.000         270.000           -6.052e+00          -6.052e+00             264.355          -5.398e+01             359.346           4.000e+01     
  28.000         270.000           -5.802e+00          -5.803e+00             265.598          -5.377e+01             359.714           4.000e+01     
  27.000         270.000           -5.547e+00          -5.547e+00             266.847          -5.357e+01               0.029           4.000e+01     
  26.000         270.000           -5.285e+00          -5.285e+00             268.093          -5.337e+01               0.292           4.000e+01     
  25.000         270.000           -5.017e+00          -5.017e+00             269.331          -5.317e+01               0.508           4.000e+01     
  24.000         270.000           -4.744e+00          -4.744e+00             270.555          -5.297e+01               0.678           4.000e+01     
  23.000         270.000           -4.467e+00          -4.467e+00             271.757          -5.278e+01               0.806           4.000e+01     
  22.000         270.000           -4.186e+00          -4.186e+00             272.935          -5.259e+01               0.895           4.000e+01     
  21.000         270.000           -3.902e+00          -3.902e+00             274.082          -5.240e+01               0.948           4.000e+01     
  20.000         270.000           -3.616e+00          -3.616e+00             275.195          -5.222e+01               0.967           4.000e+01     
  19.000         270.000           -3.329e+00          -3.329e+00             276.270          -5.204e+01               0.955           4.000e+01     
  18.000         270.000           -3.041e+00          -3.041e+00             277.306          -5.186e+01               0.914           4.000e+01     
  17.000         270.000           -2.755e+00          -2.755e+00             278.300          -5.168e+01               0.848           4.000e+01     
  16.000         270.000           -2.470e+00          -2.470e+00             279.252          -5.151e+01               0.759           4.000e+01     
  15.000         270.000           -2.187e+00          -2.187e+00             280.159          -5.134e+01               0.650           4.000e+01     
  14.000         270.000           -1.908e+00          -1.908e+00             281.022          -5.117e+01               0.523           4.000e+01     
  13.000         270.000           -1.633e+00          -1.633e+00             281.841          -5.100e+01               0.382           4.000e+01     
  12.000         270.000           -1.363e+00          -1.363e+00             282.616          -5.084e+01               0.227           4.000e+01     
  11.000         270.000           -1.098e+00          -1.098e+00             283.348          -5.068e+01               0.063           4.000e+01     
  10.000         270.000           -8.398e-01          -8.398e-01             284.038          -5.052e+01             359.890           4.000e+01     
   9.000         270.000           -5.884e-01          -5.884e-01             284.687          -5.036e+01             359.713           4.000e+01     
   8.000         270.000           -3.444e-01          -3.445e-01             285.298          -5.020e+01             359.533           4.000e+01     
   7.000         270.000           -1.085e-01          -1.086e-01             285.870          -5.005e+01             359.352           4.000e+01     
   6.000         270.000            1.189e-01           1.189e-01             286.407          -4.990e+01             359.172           4.000e+01     
   5.000         270.000            3.374e-01           3.373e-01             286.909          -4.975e+01             358.996           4.000e+01     
   4.000         270.000            5.465e-01           5.465e-01             287.379          -4.960e+01             358.826           4.000e+01     
   3.000         270.000            7.460e-01           7.459e-01             287.817          -4.945e+01             358.664           4.000e+01     
   2.000         270.000            9.354e-01           9.353e-01             288.227          -4.931e+01             358.511           4.000e+01     
   1.000         270.000            1.114e+00           1.114e+00             288.609          -4.917e+01             358.369           4.000e+01     
