Theta [deg.]  Phi   [deg.]  Abs(Grlz)[dBi   ]   Abs(Theta)[dBi   ]  Phase(Theta)[deg.]  Abs(Phi  )[dBi   ]  Phase(Phi  )[deg.]  Ax.Ratio[dB    ]    
------------------------------------------------------------------------------------------------------------------------------------------------------
   0.000          90.000           -1.179e+01          -1.179e+01              55.222          -4.542e+01             328.013           3.364e+01     
   1.000          90.000           -1.158e+01          -1.158e+01              50.692          -4.547e+01             328.364           3.397e+01     
   2.000          90.000           -1.133e+01          -1.133e+01              45.979          -4.554e+01             328.635           3.442e+01     
   3.000          90.000           -1.105e+01          -1.105e+01              41.137          -4.561e+01             328.818           3.498e+01     
   4.000          90.000           -1.073e+01          -1.073e+01              36.227          -4.569e+01             328.905           3.567e+01     
   5.000          90.000           -1.036e+01          -1.036e+01              31.311          -4.578e+01             328.887           3.647e+01     
   6.000          90.000           -9.951e+00          -9.952e+00              26.453          -4.587e+01             328.757           3.738e+01     
   7.000          90.000           -9.506e+00          -9.507e+00              21.712          -4.597e+01             328.506           3.839e+01     
   8.000          90.000           -9.029e+00          -9.030e+00              17.135          -4.607e+01             328.129           3.948e+01     
   9.000          90.000           -8.525e+00          -8.526e+00              12.761          -4.616e+01             327.617           4.000e+01     
  10.000          90.000           -8.002e+00          -8.002e+00               8.616          -4.626e+01             326.967           4.000e+01     
  11.000          90.000           -7.466e+00          -7.466e+00               4.713          -4.634e+01             326.174           4.000e+01     
  12.000          90.000           -6.923e+00          -6.924e+00               1.057          -4.642e+01             325.237           4.000e+01     
  13.000          90.000           -6.380e+00          -6.380e+00             357.646          -4.649e+01             324.159           4.000e+01     
  14.000          90.000           -5.841e+00          -5.841e+00             354.470          -4.655e+01             322.942           4.000e+01     
  15.000          90.000           -5.310e+00          -5.310e+00             351.519          -4.659e+01             321.596           4.000e+01     
  16.000          90.000           -4.791e+00          -4.791e+00             348.778          -4.661e+01             320.131           4.000e+01     
  17.000          90.000           -4.286e+00          -4.287e+00             346.232          -4.661e+01             318.564           4.000e+01     
  18.000          90.000           -3.798e+00          -3.798e+00             343.865          -4.658e+01             316.914           4.000e+01     
  19.000          90.000           -3.327e+00          -3.328e+00             341.662          -4.653e+01             315.201           4.000e+01     
  20.000          90.000           -2.876e+00          -2.876e+00             339.610          -4.646e+01             313.452           4.000e+01     
  21.000          90.000           -2.444e+00          -2.444e+00             337.694          -4.635e+01             311.690           4.000e+01     
  22.000          90.000           -2.033e+00          -2.033e+00             335.903          -4.622e+01             309.942           4.000e+01     
  23.000          90.000           -1.642e+00          -1.642e+00             334.226          -4.607e+01             308.231           4.000e+01     
  24.000          90.000           -1.272e+00          -1.272e+00             332.652          -4.589e+01             306.579           4.000e+01     
  25.000          90.000           -9.226e-01          -9.228e-01             331.172          -4.569e+01             305.006           4.000e+01     
  26.000          90.000           -5.940e-01          -5.941e-01             329.777          -4.547e+01             303.527           4.000e+01     
  27.000          90.000           -2.858e-01          -2.860e-01             328.459          -4.524e+01             302.155           4.000e+01     
  28.000          90.000            2.095e-03           1.957e-03             327.213          -4.499e+01             300.897           4.000e+01     
  29.000          90.000            2.701e-01           2.699e-01             326.032          -4.473e+01             299.759           4.000e+01     
  30.000          90.000            5.184e-01           5.183e-01             324.909          -4.446e+01             298.743           4.000e+01     
  31.000          90.000            7.475e-01           7.473e-01             323.841          -4.419e+01             297.849           4.000e+01     
  32.000          90.000            9.575e-01           9.574e-01             322.822          -4.392e+01             297.074           4.000e+01     
  33.000          90.000            1.149e+00           1.149e+00             321.849          -4.364e+01             296.415           4.000e+01     
  34.000          90.000            1.322e+00           1.322e+00             320.917          -4.337e+01             295.866           4.000e+01     
  35.000          90.000            1.477e+00           1.477e+00             320.022          -4.310e+01             295.422           4.000e+01     
  36.000          90.000            1.615e+00           1.615e+00             319.162          -4.283e+01             295.077           4.000e+01     
  37.000          90.000            1.736e+00           1.736e+00             318.334          -4.257e+01             294.824           4.000e+01     
  38.000          90.000            1.839e+00           1.839e+00             317.534          -4.231e+01             294.656           4.000e+01     
  39.000          90.000            1.927e+00           1.926e+00             316.761          -4.206e+01             294.567           4.000e+01     
  40.000          90.000            1.998e+00           1.997e+00             316.010          -4.181e+01             294.552           4.000e+01     
  41.000          90.000            2.053e+00           2.053e+00             315.281          -4.157e+01             294.603           4.000e+01     
  42.000          90.000            2.092e+00           2.092e+00             314.571          -4.134e+01             294.715           4.000e+01     
  43.000          90.000            2.117e+00           2.117e+00             313.877          -4.112e+01             294.883           4.000e+01     
  44.000          90.000            2.126e+00           2.126e+00             313.199          -4.091e+01             295.101           4.000e+01     
  45.000          90.000            2.121e+00           2.121e+00             312.532          -4.070e+01             295.365           4.000e+01     
  46.000          90.000            2.102e+00           2.101e+00             311.877          -4.050e+01             295.671           4.000e+01     
  47.000          90.000            2.068e+00           2.068e+00             311.230          -4.031e+01             296.013           4.000e+01     
  48.000          90.000            2.021e+00           2.020e+00             310.590          -4.013e+01             296.389           4.000e+01     
  49.000          90.000            1.960e+00           1.959e+00             309.955          -3.995e+01             296.794           4.000e+01     
  50.000          90.000            1.885e+00           1.885e+00             309.323          -3.979e+01             297.226           4.000e+01     
  51.000          90.000            1.798e+00           1.798e+00             308.691          -3.962e+01             297.680           4.000e+01     
  52.000          90.000            1.698e+00           1.697e+00             308.059          -3.947e+01             298.155           4.000e+01     
  53.000          90.000            1.585e+00           1.585e+00             307.423          -3.932e+01             298.647           4.000e+01     
  54.000          90.000            1.460e+00           1.459e+00             306.783          -3.918e+01             299.154           4.000e+01     
  55.000          90.000            1.322e+00           1.322e+00             306.134          -3.905e+01             299.673           4.000e+01     
  56.000          90.000            1.173e+00           1.172e+00             305.476          -3.892e+01             300.203           4.000e+01     
  57.000          90.000            1.011e+00           1.011e+00             304.806          -3.880e+01             300.740           4.000e+01     
  58.000          90.000            8.382e-01           8.377e-01             304.121          -3.869e+01             301.284           4.000e+01     
  59.000          90.000            6.537e-01           6.531e-01             303.419          -3.858e+01             301.832           4.000e+01     
  60.000          90.000            4.578e-01           4.573e-01             302.697          -3.847e+01             302.383           4.000e+01     
  61.000          90.000            2.508e-01           2.502e-01             301.951          -3.838e+01             302.934           4.000e+01     
  62.000          90.000            3.277e-02           3.213e-02             301.179          -3.828e+01             303.486           4.000e+01     
  63.000          90.000           -1.961e-01          -1.968e-01             300.376          -3.819e+01             304.035           4.000e+01     
  64.000          90.000           -4.357e-01          -4.364e-01             299.540          -3.811e+01             304.581           4.000e+01     
  65.000          90.000           -6.858e-01          -6.866e-01             298.666          -3.803e+01             305.123           4.000e+01     
  66.000          90.000           -9.463e-01          -9.472e-01             297.750          -3.796e+01             305.659           4.000e+01     
  67.000          90.000           -1.217e+00          -1.218e+00             296.786          -3.788e+01             306.188           4.000e+01     
  68.000          90.000           -1.498e+00          -1.499e+00             295.771          -3.782e+01             306.709           4.000e+01     
  69.000          90.000           -1.788e+00          -1.789e+00             294.697          -3.776e+01             307.221           4.000e+01     
  70.000          90.000           -2.088e+00          -2.089e+00             293.560          -3.770e+01             307.724           4.000e+01     
  71.000          90.000           -2.398e+00          -2.399e+00             292.353          -3.764e+01             308.216           4.000e+01     
  72.000          90.000           -2.716e+00          -2.717e+00             291.067          -3.759e+01             308.696           4.000e+01     
  73.000          90.000           -3.042e+00          -3.044e+00             289.696          -3.754e+01             309.164           4.000e+01     
  74.000          90.000           -3.377e+00          -3.379e+00             288.231          -3.749e+01             309.620           4.000e+01     
  75.000          90.000           -3.719e+00          -3.721e+00             286.663          -3.745e+01             310.061           4.000e+01     
  76.000          90.000           -4.067e+00          -4.069e+00             284.981          -3.741e+01             310.489           4.000e+01     
  77.000          90.000           -4.421e+00          -4.424e+00             283.176          -3.737e+01             310.901           3.960e+01     
  78.000          90.000           -4.780e+00          -4.782e+00             281.236          -3.734e+01             311.299           3.857e+01     
  79.000          90.000           -5.141e+00          -5.144e+00             279.150          -3.731e+01             311.680           3.756e+01     
  80.000          90.000           -5.504e+00          -5.507e+00             276.906          -3.728e+01             312.045           3.658e+01     
  81.000          90.000           -5.865e+00          -5.869e+00             274.492          -3.725e+01             312.394           3.562e+01     
  82.000          90.000           -6.223e+00          -6.227e+00             271.897          -3.723e+01             312.725           3.470e+01     
  83.000          90.000           -6.575e+00          -6.578e+00             269.111          -3.721e+01             313.039           3.381e+01     
  84.000          90.000           -6.916e+00          -6.920e+00             266.125          -3.719e+01             313.336           3.296e+01     
  85.000          90.000           -7.243e+00          -7.247e+00             262.935          -3.717e+01             313.614           3.216e+01     
  86.000          90.000           -7.551e+00          -7.555e+00             259.540          -3.716e+01             313.874           3.141e+01     
  87.000          90.000           -7.835e+00          -7.840e+00             255.943          -3.715e+01             314.115           3.073e+01     
  88.000          90.000           -8.090e+00          -8.095e+00             252.156          -3.714e+01             314.338           3.011e+01     
  89.000          90.000           -8.312e+00          -8.317e+00             248.196          -3.713e+01             314.542           2.958e+01     
  90.000          90.000           -8.494e+00          -8.500e+00             244.090          -3.713e+01             314.727           2.913e+01     
  91.000          90.000           -8.635e+00          -8.641e+00             239.870          -3.712e+01             314.893           2.878e+01     
  92.000          90.000           -8.729e+00          -8.736e+00             235.576          -3.712e+01             315.040           2.853e+01     
  93.000          90.000           -8.777e+00          -8.783e+00             231.251          -3.712e+01             315.168           2.839e+01     
  94.000          90.000           -8.777e+00          -8.783e+00             226.941          -3.713e+01             315.276           2.835e+01     
  95.000          90.000           -8.731e+00          -8.738e+00             222.690          -3.713e+01             315.366           2.840e+01     
  96.000          90.000           -8.642e+00          -8.648e+00             218.538          -3.714e+01             315.437           2.855e+01     
  97.000          90.000           -8.514e+00          -8.520e+00             214.520          -3.715e+01             315.489           2.879e+01     
  98.000          90.000           -8.350e+00          -8.356e+00             210.661          -3.716e+01             315.522           2.910e+01     
  99.000          90.000           -8.156e+00          -8.162e+00             206.983          -3.718e+01             315.537           2.948e+01     
 100.000          90.000           -7.938e+00          -7.943e+00             203.496          -3.719e+01             315.533           2.991e+01     
 101.000          90.000           -7.698e+00          -7.703e+00             200.206          -3.721e+01             315.511           3.039e+01     
 102.000          90.000           -7.443e+00          -7.448e+00             197.115          -3.724e+01             315.472           3.090e+01     
 103.000          90.000           -7.177e+00          -7.181e+00             194.218          -3.726e+01             315.414           3.144e+01     
 104.000          90.000           -6.902e+00          -6.906e+00             191.508          -3.729e+01             315.340           3.200e+01     
 105.000          90.000           -6.621e+00          -6.625e+00             188.976          -3.732e+01             315.249           3.257e+01     
 106.000          90.000           -6.338e+00          -6.342e+00             186.614          -3.735e+01             315.142           3.314e+01     
 107.000          90.000           -6.055e+00          -6.058e+00             184.410          -3.739e+01             315.019           3.373e+01     
 108.000          90.000           -5.772e+00          -5.775e+00             182.355          -3.743e+01             314.881           3.430e+01     
 109.000          90.000           -5.492e+00          -5.495e+00             180.438          -3.747e+01             314.728           3.488e+01     
 110.000          90.000           -5.217e+00          -5.219e+00             178.649          -3.751e+01             314.561           3.545e+01     
 111.000          90.000           -4.945e+00          -4.948e+00             176.980          -3.756e+01             314.381           3.601e+01     
 112.000          90.000           -4.680e+00          -4.682e+00             175.422          -3.762e+01             314.188           3.656e+01     
 113.000          90.000           -4.421e+00          -4.423e+00             173.967          -3.767e+01             313.984           3.709e+01     
 114.000          90.000           -4.169e+00          -4.171e+00             172.610          -3.773e+01             313.768           3.762e+01     
 115.000          90.000           -3.924e+00          -3.926e+00             171.343          -3.780e+01             313.543           3.813e+01     
 116.000          90.000           -3.687e+00          -3.688e+00             170.161          -3.786e+01             313.309           3.862e+01     
 117.000          90.000           -3.458e+00          -3.459e+00             169.058          -3.794e+01             313.067           3.910e+01     
 118.000          90.000           -3.237e+00          -3.239e+00             168.032          -3.801e+01             312.818           3.956e+01     
 119.000          90.000           -3.025e+00          -3.027e+00             167.077          -3.810e+01             312.564           4.000e+01     
 120.000          90.000           -2.823e+00          -2.824e+00             166.190          -3.818e+01             312.306           4.000e+01     
 121.000          90.000           -2.629e+00          -2.631e+00             165.369          -3.827e+01             312.045           4.000e+01     
 122.000          90.000           -2.446e+00          -2.447e+00             164.610          -3.837e+01             311.784           4.000e+01     
 123.000          90.000           -2.272e+00          -2.273e+00             163.910          -3.847e+01             311.523           4.000e+01     
 124.000          90.000           -2.108e+00          -2.109e+00             163.269          -3.858e+01             311.265           4.000e+01     
 125.000          90.000           -1.955e+00          -1.956e+00             162.684          -3.869e+01             311.011           4.000e+01     
 126.000          90.000           -1.813e+00          -1.814e+00             162.154          -3.881e+01             310.763           4.000e+01     
 127.000          90.000           -1.682e+00          -1.683e+00             161.677          -3.893e+01             310.524           4.000e+01     
 128.000          90.000           -1.562e+00          -1.563e+00             161.252          -3.906e+01             310.297           4.000e+01     
 129.000          90.000           -1.455e+00          -1.455e+00             160.879          -3.920e+01             310.083           4.000e+01     
 130.000          90.000           -1.359e+00          -1.360e+00             160.558          -3.935e+01             309.884           4.000e+01     
 131.000          90.000           -1.276e+00          -1.277e+00             160.286          -3.950e+01             309.706           4.000e+01     
 132.000          90.000           -1.206e+00          -1.206e+00             160.065          -3.966e+01             309.549           4.000e+01     
 133.000          90.000           -1.149e+00          -1.149e+00             159.894          -3.982e+01             309.418           4.000e+01     
 134.000          90.000           -1.106e+00          -1.106e+00             159.773          -3.999e+01             309.317           4.000e+01     
 135.000          90.000           -1.077e+00          -1.077e+00             159.703          -4.018e+01             309.249           4.000e+01     
 136.000          90.000           -1.062e+00          -1.063e+00             159.684          -4.036e+01             309.217           4.000e+01     
 137.000          90.000           -1.063e+00          -1.064e+00             159.717          -4.056e+01             309.228           4.000e+01     
 138.000          90.000           -1.079e+00          -1.080e+00             159.804          -4.076e+01             309.285           4.000e+01     
 139.000          90.000           -1.111e+00          -1.112e+00             159.944          -4.097e+01             309.393           4.000e+01     
 140.000          90.000           -1.160e+00          -1.161e+00             160.141          -4.119e+01             309.558           4.000e+01     
 141.000          90.000           -1.226e+00          -1.226e+00             160.396          -4.142e+01             309.785           4.000e+01     
 142.000          90.000           -1.309e+00          -1.310e+00             160.710          -4.165e+01             310.080           4.000e+01     
 143.000          90.000           -1.411e+00          -1.411e+00             161.088          -4.190e+01             310.451           4.000e+01     
 144.000          90.000           -1.531e+00          -1.531e+00             161.532          -4.214e+01             310.902           4.000e+01     
 145.000          90.000           -1.670e+00          -1.671e+00             162.045          -4.240e+01             311.440           4.000e+01     
 146.000          90.000           -1.830e+00          -1.830e+00             162.632          -4.266e+01             312.074           4.000e+01     
 147.000          90.000           -2.009e+00          -2.010e+00             163.298          -4.292e+01             312.808           4.000e+01     
 148.000          90.000           -2.210e+00          -2.211e+00             164.048          -4.319e+01             313.650           4.000e+01     
 149.000          90.000           -2.433e+00          -2.433e+00             164.888          -4.346e+01             314.605           4.000e+01     
 150.000          90.000           -2.678e+00          -2.678e+00             165.828          -4.373e+01             315.679           4.000e+01     
 151.000          90.000           -2.945e+00          -2.946e+00             166.874          -4.399e+01             316.875           4.000e+01     
 152.000          90.000           -3.236e+00          -3.237e+00             168.037          -4.426e+01             318.197           4.000e+01     
 153.000          90.000           -3.551e+00          -3.551e+00             169.329          -4.451e+01             319.644           4.000e+01     
 154.000          90.000           -3.890e+00          -3.890e+00             170.763          -4.476e+01             321.215           4.000e+01     
 155.000          90.000           -4.253e+00          -4.253e+00             172.354          -4.500e+01             322.905           4.000e+01     
 156.000          90.000           -4.640e+00          -4.640e+00             174.120          -4.523e+01             324.706           4.000e+01     
 157.000          90.000           -5.051e+00          -5.051e+00             176.080          -4.543e+01             326.606           4.000e+01     
 158.000          90.000           -5.485e+00          -5.485e+00             178.257          -4.562e+01             328.589           4.000e+01     
 159.000          90.000           -5.939e+00          -5.940e+00             180.677          -4.579e+01             330.637           4.000e+01     
 160.000          90.000           -6.413e+00          -6.414e+00             183.365          -4.594e+01             332.728           4.000e+01     
 161.000          90.000           -6.903e+00          -6.903e+00             186.352          -4.606e+01             334.836           4.000e+01     
 162.000          90.000           -7.403e+00          -7.404e+00             189.667          -4.616e+01             336.937           4.000e+01     
 163.000          90.000           -7.908e+00          -7.908e+00             193.337          -4.624e+01             339.004           4.000e+01     
 164.000          90.000           -8.409e+00          -8.410e+00             197.385          -4.629e+01             341.012           4.000e+01     
 165.000          90.000           -8.897e+00          -8.898e+00             201.825          -4.632e+01             342.938           4.000e+01     
 166.000          90.000           -9.359e+00          -9.360e+00             206.653          -4.634e+01             344.760           4.000e+01     
 167.000          90.000           -9.784e+00          -9.785e+00             211.846          -4.634e+01             346.463           3.951e+01     
 168.000          90.000           -1.016e+01          -1.016e+01             217.354          -4.632e+01             348.033           3.857e+01     
 169.000          90.000           -1.047e+01          -1.047e+01             223.097          -4.630e+01             349.458           3.771e+01     
 170.000          90.000           -1.071e+01          -1.071e+01             228.973          -4.627e+01             350.733           3.697e+01     
 171.000          90.000           -1.087e+01          -1.087e+01             234.862          -4.624e+01             351.853           3.637e+01     
 172.000          90.000           -1.097e+01          -1.097e+01             240.641          -4.620e+01             352.819           3.590e+01     
 173.000          90.000           -1.100e+01          -1.100e+01             246.203          -4.617e+01             353.630           3.558e+01     
 174.000          90.000           -1.097e+01          -1.097e+01             251.459          -4.614e+01             354.290           3.539e+01     
 175.000          90.000           -1.091e+01          -1.091e+01             256.350          -4.612e+01             354.802           3.530e+01     
 176.000          90.000           -1.082e+01          -1.082e+01             260.844          -4.610e+01             355.172           3.531e+01     
 177.000          90.000           -1.071e+01          -1.072e+01             264.931          -4.610e+01             355.404           3.538e+01     
 178.000          90.000           -1.061e+01          -1.061e+01             268.618          -4.611e+01             355.505           3.551e+01     
 179.000          90.000           -1.051e+01          -1.051e+01             271.921          -4.612e+01             355.478           3.567e+01     
 180.000          90.000           -1.042e+01          -1.042e+01             274.866          -4.616e+01             355.332           3.586e+01     
 179.000         270.000           -1.035e+01          -1.035e+01              97.472          -4.620e+01             175.068           3.606e+01     
 178.000         270.000           -1.030e+01          -1.030e+01              99.764          -4.627e+01             174.693           3.627e+01     
 177.000         270.000           -1.028e+01          -1.028e+01             101.764          -4.635e+01             174.210           3.648e+01     
 176.000         270.000           -1.028e+01          -1.028e+01             103.489          -4.644e+01             173.623           3.669e+01     
 175.000         270.000           -1.031e+01          -1.031e+01             104.955          -4.656e+01             172.936           3.690e+01     
 174.000         270.000           -1.037e+01          -1.038e+01             106.170          -4.669e+01             172.150           3.710e+01     
 173.000         270.000           -1.046e+01          -1.047e+01             107.143          -4.684e+01             171.267           3.729e+01     
 172.000         270.000           -1.058e+01          -1.058e+01             107.875          -4.702e+01             170.287           3.748e+01     
 171.000         270.000           -1.073e+01          -1.073e+01             108.365          -4.721e+01             169.211           3.766e+01     
 170.000         270.000           -1.090e+01          -1.090e+01             108.610          -4.743e+01             168.037           3.783e+01     
 169.000         270.000           -1.109e+01          -1.110e+01             108.602          -4.767e+01             166.763           3.799e+01     
 168.000         270.000           -1.131e+01          -1.131e+01             108.331          -4.793e+01             165.383           3.814e+01     
 167.000         270.000           -1.154e+01          -1.155e+01             107.785          -4.822e+01             163.894           3.829e+01     
 166.000         270.000           -1.179e+01          -1.179e+01             106.951          -4.854e+01             162.287           3.844e+01     
 165.000         270.000           -1.205e+01          -1.205e+01             105.817          -4.888e+01             160.552           3.859e+01     
 164.000         270.000           -1.231e+01          -1.231e+01             104.371          -4.926e+01             158.675           3.876e+01     
 163.000         270.000           -1.256e+01          -1.256e+01             102.607          -4.966e+01             156.640           3.894e+01     
 162.000         270.000           -1.280e+01          -1.280e+01             100.528          -5.010e+01             154.424           3.915e+01     
 161.000         270.000           -1.302e+01          -1.302e+01              98.144          -5.058e+01             152.000           3.941e+01     
 160.000         270.000           -1.321e+01          -1.321e+01              95.483          -5.109e+01             149.331           3.974e+01     
 159.000         270.000           -1.335e+01          -1.335e+01              92.586          -5.164e+01             146.370           4.000e+01     
 158.000         270.000           -1.345e+01          -1.345e+01              89.512          -5.224e+01             143.059           4.000e+01     
 157.000         270.000           -1.349e+01          -1.349e+01              86.332          -5.287e+01             139.320           4.000e+01     
 156.000         270.000           -1.347e+01          -1.347e+01              83.125          -5.355e+01             135.059           4.000e+01     
 155.000         270.000           -1.340e+01          -1.340e+01              79.973          -5.426e+01             130.155           4.000e+01     
 154.000         270.000           -1.327e+01          -1.327e+01              76.952          -5.499e+01             124.460           4.000e+01     
 153.000         270.000           -1.309e+01          -1.309e+01              74.124          -5.572e+01             117.815           4.000e+01     
 152.000         270.000           -1.287e+01          -1.287e+01              71.537          -5.642e+01             110.062           4.000e+01     
 151.000         270.000           -1.262e+01          -1.262e+01              69.222          -5.704e+01             101.113           4.000e+01     
 150.000         270.000           -1.235e+01          -1.235e+01              67.192          -5.749e+01              91.028           4.000e+01     
 149.000         270.000           -1.206e+01          -1.206e+01              65.450          -5.773e+01              80.112           4.000e+01     
 148.000         270.000           -1.177e+01          -1.177e+01              63.988          -5.769e+01              68.916           4.000e+01     
 147.000         270.000           -1.147e+01          -1.147e+01              62.790          -5.739e+01              58.087           4.000e+01     
 146.000         270.000           -1.117e+01          -1.117e+01              61.839          -5.686e+01              48.151           4.000e+01     
 145.000         270.000           -1.088e+01          -1.088e+01              61.113          -5.620e+01              39.384           4.000e+01     
 144.000         270.000           -1.059e+01          -1.059e+01              60.590          -5.545e+01              31.824           4.000e+01     
 143.000         270.000           -1.032e+01          -1.032e+01              60.250          -5.467e+01              25.368           4.000e+01     
 142.000         270.000           -1.005e+01          -1.005e+01              60.073          -5.389e+01              19.857           4.000e+01     
 141.000         270.000           -9.805e+00          -9.805e+00              60.040          -5.314e+01              15.129           4.000e+01     
 140.000         270.000           -9.569e+00          -9.569e+00              60.134          -5.242e+01              11.040           4.000e+01     
 139.000         270.000           -9.347e+00          -9.348e+00              60.339          -5.174e+01               7.470           4.000e+01     
 138.000         270.000           -9.140e+00          -9.140e+00              60.642          -5.110e+01               4.324           4.000e+01     
 137.000         270.000           -8.946e+00          -8.946e+00              61.029          -5.050e+01               1.525           4.000e+01     
 136.000         270.000           -8.767e+00          -8.767e+00              61.489          -4.994e+01             359.014           4.000e+01     
 135.000         270.000           -8.601e+00          -8.601e+00              62.012          -4.941e+01             356.743           4.000e+01     
 134.000         270.000           -8.449e+00          -8.450e+00              62.589          -4.891e+01             354.675           4.000e+01     
 133.000         270.000           -8.311e+00          -8.312e+00              63.212          -4.845e+01             352.779           4.000e+01     
 132.000         270.000           -8.186e+00          -8.187e+00              63.874          -4.801e+01             351.032           4.000e+01     
 131.000         270.000           -8.075e+00          -8.075e+00              64.567          -4.760e+01             349.413           3.982e+01     
 130.000         270.000           -7.975e+00          -7.976e+00              65.287          -4.721e+01             347.906           3.945e+01     
 129.000         270.000           -7.888e+00          -7.889e+00              66.031          -4.685e+01             346.498           3.911e+01     
 128.000         270.000           -7.814e+00          -7.815e+00              66.788          -4.651e+01             345.178           3.879e+01     
 127.000         270.000           -7.751e+00          -7.752e+00              67.558          -4.619e+01             343.936           3.849e+01     
 126.000         270.000           -7.700e+00          -7.701e+00              68.337          -4.588e+01             342.765           3.821e+01     
 125.000         270.000           -7.660e+00          -7.661e+00              69.121          -4.560e+01             341.657           3.794e+01     
 124.000         270.000           -7.632e+00          -7.633e+00              69.907          -4.533e+01             340.607           3.769e+01     
 123.000         270.000           -7.614e+00          -7.615e+00              70.694          -4.507e+01             339.611           3.746e+01     
 122.000         270.000           -7.607e+00          -7.608e+00              71.477          -4.483e+01             338.663           3.724e+01     
 121.000         270.000           -7.610e+00          -7.611e+00              72.256          -4.461e+01             337.759           3.702e+01     
 120.000         270.000           -7.624e+00          -7.625e+00              73.027          -4.439e+01             336.898           3.682e+01     
 119.000         270.000           -7.647e+00          -7.648e+00              73.790          -4.419e+01             336.075           3.662e+01     
 118.000         270.000           -7.681e+00          -7.682e+00              74.543          -4.400e+01             335.288           3.644e+01     
 117.000         270.000           -7.724e+00          -7.725e+00              75.284          -4.383e+01             334.535           3.626e+01     
 116.000         270.000           -7.776e+00          -7.778e+00              76.012          -4.366e+01             333.813           3.608e+01     
 115.000         270.000           -7.839e+00          -7.840e+00              76.725          -4.350e+01             333.121           3.591e+01     
 114.000         270.000           -7.910e+00          -7.911e+00              77.423          -4.335e+01             332.458           3.574e+01     
 113.000         270.000           -7.990e+00          -7.992e+00              78.105          -4.322e+01             331.821           3.558e+01     
 112.000         270.000           -8.080e+00          -8.081e+00              78.769          -4.309e+01             331.209           3.542e+01     
 111.000         270.000           -8.178e+00          -8.180e+00              79.415          -4.296e+01             330.622           3.526e+01     
 110.000         270.000           -8.286e+00          -8.287e+00              80.042          -4.285e+01             330.057           3.510e+01     
 109.000         270.000           -8.402e+00          -8.404e+00              80.649          -4.274e+01             329.514           3.495e+01     
 108.000         270.000           -8.527e+00          -8.529e+00              81.236          -4.265e+01             328.993           3.479e+01     
 107.000         270.000           -8.661e+00          -8.663e+00              81.802          -4.256e+01             328.491           3.463e+01     
 106.000         270.000           -8.804e+00          -8.806e+00              82.346          -4.247e+01             328.009           3.447e+01     
 105.000         270.000           -8.956e+00          -8.958e+00              82.868          -4.239e+01             327.546           3.431e+01     
 104.000         270.000           -9.117e+00          -9.119e+00              83.367          -4.232e+01             327.101           3.415e+01     
 103.000         270.000           -9.286e+00          -9.289e+00              83.844          -4.226e+01             326.673           3.399e+01     
 102.000         270.000           -9.465e+00          -9.467e+00              84.297          -4.220e+01             326.262           3.382e+01     
 101.000         270.000           -9.653e+00          -9.655e+00              84.726          -4.215e+01             325.868           3.365e+01     
 100.000         270.000           -9.850e+00          -9.853e+00              85.131          -4.210e+01             325.489           3.347e+01     
  99.000         270.000           -1.006e+01          -1.006e+01              85.512          -4.206e+01             325.127           3.329e+01     
  98.000         270.000           -1.027e+01          -1.028e+01              85.868          -4.203e+01             324.779           3.310e+01     
  97.000         270.000           -1.050e+01          -1.050e+01              86.200          -4.200e+01             324.446           3.291e+01     
  96.000         270.000           -1.074e+01          -1.074e+01              86.507          -4.198e+01             324.128           3.271e+01     
  95.000         270.000           -1.099e+01          -1.099e+01              86.788          -4.196e+01             323.824           3.250e+01     
  94.000         270.000           -1.124e+01          -1.125e+01              87.045          -4.195e+01             323.534           3.228e+01     
  93.000         270.000           -1.151e+01          -1.152e+01              87.277          -4.194e+01             323.258           3.205e+01     
  92.000         270.000           -1.180e+01          -1.180e+01              87.483          -4.194e+01             322.996           3.182e+01     
  91.000         270.000           -1.209e+01          -1.210e+01              87.665          -4.194e+01             322.747           3.157e+01     
  90.000         270.000           -1.240e+01          -1.241e+01              87.822          -4.195e+01             322.511           3.132e+01     
  89.000         270.000           -1.272e+01          -1.273e+01              87.955          -4.197e+01             322.289           3.105e+01     
  88.000         270.000           -1.306e+01          -1.306e+01              88.064          -4.199e+01             322.080           3.077e+01     
  87.000         270.000           -1.341e+01          -1.342e+01              88.148          -4.201e+01             321.884           3.047e+01     
  86.000         270.000           -1.378e+01          -1.379e+01              88.210          -4.205e+01             321.702           3.016e+01     
  85.000         270.000           -1.417e+01          -1.417e+01              88.249          -4.208e+01             321.532           2.984e+01     
  84.000         270.000           -1.457e+01          -1.458e+01              88.267          -4.213e+01             321.376           2.949e+01     
  83.000         270.000           -1.500e+01          -1.501e+01              88.263          -4.218e+01             321.234           2.913e+01     
  82.000         270.000           -1.545e+01          -1.546e+01              88.240          -4.223e+01             321.105           2.875e+01     
  81.000         270.000           -1.592e+01          -1.593e+01              88.198          -4.229e+01             320.989           2.835e+01     
  80.000         270.000           -1.642e+01          -1.643e+01              88.140          -4.236e+01             320.888           2.792e+01     
  79.000         270.000           -1.695e+01          -1.696e+01              88.066          -4.244e+01             320.800           2.747e+01     
  78.000         270.000           -1.751e+01          -1.752e+01              87.981          -4.252e+01             320.727           2.699e+01     
  77.000         270.000           -1.810e+01          -1.812e+01              87.885          -4.261e+01             320.669           2.648e+01     
  76.000         270.000           -1.874e+01          -1.875e+01              87.784          -4.271e+01             320.627           2.594e+01     
  75.000         270.000           -1.942e+01          -1.944e+01              87.682          -4.282e+01             320.600           2.535e+01     
  74.000         270.000           -2.015e+01          -2.017e+01              87.584          -4.293e+01             320.589           2.473e+01     
  73.000         270.000           -2.094e+01          -2.097e+01              87.500          -4.305e+01             320.595           2.405e+01     
  72.000         270.000           -2.180e+01          -2.183e+01              87.439          -4.318e+01             320.620           2.330e+01     
  71.000         270.000           -2.275e+01          -2.278e+01              87.418          -4.332e+01             320.662           2.249e+01     
  70.000         270.000           -2.379e+01          -2.383e+01              87.458          -4.348e+01             320.725           2.160e+01     
  69.000         270.000           -2.495e+01          -2.501e+01              87.592          -4.364e+01             320.808           2.060e+01     
  68.000         270.000           -2.627e+01          -2.635e+01              87.875          -4.381e+01             320.913           1.947e+01     
  67.000         270.000           -2.779e+01          -2.790e+01              88.397          -4.399e+01             321.041           1.817e+01     
  66.000         270.000           -2.958e+01          -2.973e+01              89.329          -4.419e+01             321.195           1.666e+01     
  65.000         270.000           -3.176e+01          -3.200e+01              91.032          -4.440e+01             321.376           1.488e+01     
  64.000         270.000           -3.452e+01          -3.497e+01              94.417          -4.463e+01             321.586           1.280e+01     
  63.000         270.000           -3.817e+01          -3.922e+01             102.579          -4.487e+01             321.828           1.106e+01     
  62.000         270.000           -4.243e+01          -4.578e+01             132.574          -4.512e+01             322.105           2.161e+01     
  61.000         270.000           -4.230e+01          -4.523e+01             211.869          -4.540e+01             322.420           3.189e+00     
  60.000         270.000           -3.827e+01          -3.914e+01             237.714          -4.569e+01             322.778           6.596e+00     
  59.000         270.000           -3.497e+01          -3.533e+01             245.099          -4.600e+01             323.183           1.089e+01     
  58.000         270.000           -3.253e+01          -3.272e+01             248.223          -4.633e+01             323.641           1.392e+01     
  57.000         270.000           -3.066e+01          -3.077e+01             249.793          -4.669e+01             324.159           1.627e+01     
  56.000         270.000           -2.916e+01          -2.923e+01             250.636          -4.707e+01             324.746           1.819e+01     
  55.000         270.000           -2.793e+01          -2.798e+01             251.089          -4.749e+01             325.411           1.984e+01     
  54.000         270.000           -2.690e+01          -2.694e+01             251.314          -4.793e+01             326.166           2.130e+01     
  53.000         270.000           -2.603e+01          -2.605e+01             251.401          -4.840e+01             327.028           2.263e+01     
  52.000         270.000           -2.527e+01          -2.529e+01             251.405          -4.892e+01             328.017           2.387e+01     
  51.000         270.000           -2.461e+01          -2.463e+01             251.362          -4.947e+01             329.156           2.505e+01     
  50.000         270.000           -2.404e+01          -2.405e+01             251.281          -5.008e+01             330.480           2.618e+01     
  49.000         270.000           -2.354e+01          -2.355e+01             251.217          -5.073e+01             332.030           2.730e+01     
  48.000         270.000           -2.310e+01          -2.310e+01             251.170          -5.145e+01             333.863           2.842e+01     
  47.000         270.000           -2.270e+01          -2.271e+01             251.153          -5.223e+01             336.058           2.956e+01     
  46.000         270.000           -2.236e+01          -2.236e+01             251.180          -5.309e+01             338.725           3.074e+01     
  45.000         270.000           -2.205e+01          -2.206e+01             251.263          -5.403e+01             342.017           3.198e+01     
  44.000         270.000           -2.178e+01          -2.178e+01             251.413          -5.506e+01             346.155           3.331e+01     
  43.000         270.000           -2.154e+01          -2.154e+01             251.640          -5.618e+01             351.461           3.477e+01     
  42.000         270.000           -2.133e+01          -2.133e+01             251.956          -5.737e+01             358.383           3.641e+01     
  41.000         270.000           -2.113e+01          -2.113e+01             252.369          -5.858e+01               7.503           3.831e+01     
  40.000         270.000           -2.095e+01          -2.095e+01             252.887          -5.966e+01              19.380           4.000e+01     
  39.000         270.000           -2.079e+01          -2.079e+01             253.517          -6.040e+01              34.046           4.000e+01     
  38.000         270.000           -2.064e+01          -2.064e+01             254.264          -6.054e+01              50.283           4.000e+01     
  37.000         270.000           -2.049e+01          -2.049e+01             255.130          -6.004e+01              65.829           4.000e+01     
  36.000         270.000           -2.034e+01          -2.034e+01             256.114          -5.908e+01              78.930           4.000e+01     
  35.000         270.000           -2.019e+01          -2.019e+01             257.212          -5.792e+01              89.188           4.000e+01     
  34.000         270.000           -2.004e+01          -2.004e+01             258.416          -5.674e+01              97.037           4.000e+01     
  33.000         270.000           -1.987e+01          -1.987e+01             259.711          -5.561e+01             103.084           4.000e+01     
  32.000         270.000           -1.969e+01          -1.969e+01             261.081          -5.457e+01             107.834           4.000e+01     
  31.000         270.000           -1.949e+01          -1.950e+01             262.504          -5.362e+01             111.656           4.000e+01     
  30.000         270.000           -1.928e+01          -1.928e+01             263.954          -5.276e+01             114.806           3.928e+01     
  29.000         270.000           -1.904e+01          -1.905e+01             265.403          -5.197e+01             117.462           3.843e+01     
  28.000         270.000           -1.879e+01          -1.879e+01             266.822          -5.127e+01             119.749           3.777e+01     
  27.000         270.000           -1.851e+01          -1.852e+01             268.181          -5.062e+01             121.754           3.726e+01     
  26.000         270.000           -1.822e+01          -1.822e+01             269.453          -5.004e+01             123.542           3.685e+01     
  25.000         270.000           -1.791e+01          -1.792e+01             270.612          -4.950e+01             125.161           3.652e+01     
  24.000         270.000           -1.759e+01          -1.760e+01             271.635          -4.902e+01             126.645           3.625e+01     
  23.000         270.000           -1.726e+01          -1.726e+01             272.504          -4.858e+01             128.023           3.603e+01     
  22.000         270.000           -1.692e+01          -1.693e+01             273.207          -4.817e+01             129.314           3.584e+01     
  21.000         270.000           -1.658e+01          -1.659e+01             273.728          -4.780e+01             130.534           3.567e+01     
  20.000         270.000           -1.624e+01          -1.625e+01             274.061          -4.747e+01             131.697           3.551e+01     
  19.000         270.000           -1.591e+01          -1.591e+01             274.201          -4.717e+01             132.812           3.536e+01     
  18.000         270.000           -1.558e+01          -1.558e+01             274.145          -4.689e+01             133.885           3.520e+01     
  17.000         270.000           -1.526e+01          -1.526e+01             273.889          -4.664e+01             134.924           3.504e+01     
  16.000         270.000           -1.495e+01          -1.495e+01             273.434          -4.642e+01             135.932           3.488e+01     
  15.000         270.000           -1.465e+01          -1.465e+01             272.776          -4.622e+01             136.913           3.471e+01     
  14.000         270.000           -1.437e+01          -1.437e+01             271.914          -4.605e+01             137.868           3.454e+01     
  13.000         270.000           -1.411e+01          -1.411e+01             270.846          -4.589e+01             138.799           3.437e+01     
  12.000         270.000           -1.386e+01          -1.386e+01             269.567          -4.576e+01             139.706           3.419e+01     
  11.000         270.000           -1.363e+01          -1.363e+01             268.072          -4.564e+01             140.589           3.402e+01     
  10.000         270.000           -1.342e+01          -1.342e+01             266.355          -4.554e+01             141.447           3.385e+01     
   9.000         270.000           -1.322e+01          -1.323e+01             264.409          -4.547e+01             142.279           3.368e+01     
   8.000         270.000           -1.304e+01          -1.305e+01             262.224          -4.540e+01             143.081           3.353e+01     
   7.000         270.000           -1.288e+01          -1.288e+01             259.790          -4.536e+01             143.852           3.340e+01     
   6.000         270.000           -1.272e+01          -1.273e+01             257.098          -4.532e+01             144.588           3.329e+01     
   5.000         270.000           -1.258e+01          -1.258e+01             254.138          -4.531e+01             145.285           3.321e+01     
   4.000         270.000           -1.243e+01          -1.244e+01             250.902          -4.530e+01             145.939           3.317e+01     
   3.000         270.000           -1.229e+01          -1.229e+01             247.388          -4.531e+01             146.544           3.318e+01     
   2.000         270.000           -1.214e+01          -1.214e+01             243.595          -4.534e+01             147.096           3.325e+01     
   1.000         270.000           -1.197e+01          -1.198e+01             239.534          -4.537e+01             147.587           3.340e+01     
