Theta [deg.]  Phi   [deg.]  Abs(Grlz)[dBi   ]   Abs(Theta)[dBi   ]  Phase(Theta)[deg.]  Abs(Phi  )[dBi   ]  Phase(Phi  )[deg.]  Ax.Ratio[dB    ]    
------------------------------------------------------------------------------------------------------------------------------------------------------
   0.000           0.000            2.607e+00          -4.770e+01             212.649           2.607e+00             162.777           4.000e+01     
   1.000           0.000            2.603e+00          -4.555e+01              34.834           2.603e+00             162.790           4.000e+01     
   2.000           0.000            2.597e+00          -3.668e+01              34.211           2.596e+00             162.826           4.000e+01     
   3.000           0.000            2.587e+00          -3.239e+01              34.057           2.586e+00             162.886           3.715e+01     
   4.000           0.000            2.575e+00          -2.955e+01              33.973           2.572e+00             162.969           3.431e+01     
   5.000           0.000            2.559e+00          -2.742e+01              33.909           2.554e+00             163.076           3.219e+01     
   6.000           0.000            2.540e+00          -2.573e+01              33.851           2.533e+00             163.207           3.050e+01     
   7.000           0.000            2.518e+00          -2.433e+01              33.794           2.509e+00             163.362           2.910e+01     
   8.000           0.000            2.493e+00          -2.313e+01              33.735           2.481e+00             163.541           2.791e+01     
   9.000           0.000            2.464e+00          -2.210e+01              33.673           2.449e+00             163.743           2.688e+01     
  10.000           0.000            2.433e+00          -2.118e+01              33.607           2.414e+00             163.970           2.598e+01     
  11.000           0.000            2.399e+00          -2.037e+01              33.536           2.376e+00             164.220           2.517e+01     
  12.000           0.000            2.362e+00          -1.964e+01              33.459           2.334e+00             164.494           2.445e+01     
  13.000           0.000            2.322e+00          -1.899e+01              33.378           2.290e+00             164.793           2.380e+01     
  14.000           0.000            2.279e+00          -1.839e+01              33.290           2.241e+00             165.115           2.322e+01     
  15.000           0.000            2.233e+00          -1.784e+01              33.196           2.190e+00             165.462           2.269e+01     
  16.000           0.000            2.185e+00          -1.734e+01              33.096           2.136e+00             165.833           2.220e+01     
  17.000           0.000            2.134e+00          -1.688e+01              32.989           2.079e+00             166.228           2.176e+01     
  18.000           0.000            2.080e+00          -1.646e+01              32.876           2.019e+00             166.647           2.137e+01     
  19.000           0.000            2.024e+00          -1.607e+01              32.755           1.956e+00             167.090           2.100e+01     
  20.000           0.000            1.965e+00          -1.571e+01              32.626           1.890e+00             167.558           2.068e+01     
  21.000           0.000            1.904e+00          -1.538e+01              32.490           1.822e+00             168.049           2.038e+01     
  22.000           0.000            1.840e+00          -1.507e+01              32.346           1.751e+00             168.565           2.012e+01     
  23.000           0.000            1.774e+00          -1.479e+01              32.193           1.678e+00             169.105           1.988e+01     
  24.000           0.000            1.706e+00          -1.453e+01              32.032           1.602e+00             169.669           1.968e+01     
  25.000           0.000            1.636e+00          -1.429e+01              31.861           1.524e+00             170.258           1.950e+01     
  26.000           0.000            1.565e+00          -1.407e+01              31.681           1.444e+00             170.870           1.935e+01     
  27.000           0.000            1.491e+00          -1.387e+01              31.491           1.362e+00             171.506           1.922e+01     
  28.000           0.000            1.415e+00          -1.368e+01              31.291           1.279e+00             172.165           1.913e+01     
  29.000           0.000            1.338e+00          -1.351e+01              31.081           1.193e+00             172.849           1.906e+01     
  30.000           0.000            1.259e+00          -1.336e+01              30.859           1.107e+00             173.555           1.901e+01     
  31.000           0.000            1.179e+00          -1.322e+01              30.625           1.018e+00             174.284           1.899e+01     
  32.000           0.000            1.098e+00          -1.309e+01              30.379           9.289e-01             175.037           1.901e+01     
  33.000           0.000            1.015e+00          -1.298e+01              30.120           8.384e-01             175.812           1.905e+01     
  34.000           0.000            9.312e-01          -1.288e+01              29.848           7.470e-01             176.608           1.912e+01     
  35.000           0.000            8.466e-01          -1.280e+01              29.562           6.548e-01             177.427           1.922e+01     
  36.000           0.000            7.612e-01          -1.272e+01              29.261           5.620e-01             178.267           1.935e+01     
  37.000           0.000            6.751e-01          -1.266e+01              28.945           4.688e-01             179.127           1.951e+01     
  38.000           0.000            5.884e-01          -1.261e+01              28.613           3.753e-01             180.008           1.972e+01     
  39.000           0.000            5.014e-01          -1.257e+01              28.263           2.818e-01             180.908           1.996e+01     
  40.000           0.000            4.142e-01          -1.254e+01              27.896           1.884e-01             181.828           2.024e+01     
  41.000           0.000            3.268e-01          -1.252e+01              27.510           9.521e-02             182.765           2.057e+01     
  42.000           0.000            2.394e-01          -1.251e+01              27.104           2.485e-03             183.719           2.094e+01     
  43.000           0.000            1.523e-01          -1.251e+01              26.677          -8.962e-02             184.691           2.137e+01     
  44.000           0.000            6.545e-02          -1.252e+01              26.228          -1.810e-01             185.677           2.187e+01     
  45.000           0.000           -2.092e-02          -1.254e+01              25.757          -2.713e-01             186.679           2.243e+01     
  46.000           0.000           -1.067e-01          -1.256e+01              25.260          -3.606e-01             187.693           2.307e+01     
  47.000           0.000           -1.917e-01          -1.260e+01              24.739          -4.486e-01             188.720           2.381e+01     
  48.000           0.000           -2.759e-01          -1.264e+01              24.190          -5.352e-01             189.759           2.467e+01     
  49.000           0.000           -3.590e-01          -1.270e+01              23.613          -6.203e-01             190.807           2.566e+01     
  50.000           0.000           -4.410e-01          -1.276e+01              23.005          -7.037e-01             191.864           2.684e+01     
  51.000           0.000           -5.218e-01          -1.282e+01              22.366          -7.852e-01             192.929           2.826e+01     
  52.000           0.000           -6.011e-01          -1.290e+01              21.693          -8.648e-01             193.999           3.002e+01     
  53.000           0.000           -6.789e-01          -1.298e+01              20.985          -9.423e-01             195.074           3.231e+01     
  54.000           0.000           -7.551e-01          -1.307e+01              20.239          -1.018e+00             196.152           3.552e+01     
  55.000           0.000           -8.296e-01          -1.317e+01              19.454          -1.091e+00             197.232           4.000e+01     
  56.000           0.000           -9.022e-01          -1.327e+01              18.627          -1.162e+00             198.312           4.000e+01     
  57.000           0.000           -9.730e-01          -1.338e+01              17.756          -1.230e+00             199.391           4.000e+01     
  58.000           0.000           -1.042e+00          -1.349e+01              16.838          -1.296e+00             200.466           3.668e+01     
  59.000           0.000           -1.108e+00          -1.361e+01              15.872          -1.359e+00             201.537           3.286e+01     
  60.000           0.000           -1.173e+00          -1.374e+01              14.854          -1.420e+00             202.602           3.021e+01     
  61.000           0.000           -1.235e+00          -1.387e+01              13.782          -1.479e+00             203.659           2.818e+01     
  62.000           0.000           -1.295e+00          -1.400e+01              12.653          -1.534e+00             204.707           2.653e+01     
  63.000           0.000           -1.353e+00          -1.414e+01              11.465          -1.587e+00             205.744           2.515e+01     
  64.000           0.000           -1.408e+00          -1.428e+01              10.214          -1.638e+00             206.769           2.397e+01     
  65.000           0.000           -1.461e+00          -1.442e+01               8.899          -1.686e+00             207.780           2.294e+01     
  66.000           0.000           -1.511e+00          -1.457e+01               7.516          -1.732e+00             208.776           2.203e+01     
  67.000           0.000           -1.559e+00          -1.471e+01               6.063          -1.775e+00             209.755           2.122e+01     
  68.000           0.000           -1.605e+00          -1.486e+01               4.538          -1.815e+00             210.717           2.050e+01     
  69.000           0.000           -1.648e+00          -1.500e+01               2.939          -1.853e+00             211.659           1.984e+01     
  70.000           0.000           -1.689e+00          -1.515e+01               1.264          -1.889e+00             212.580           1.924e+01     
  71.000           0.000           -1.727e+00          -1.529e+01             359.514          -1.923e+00             213.480           1.870e+01     
  72.000           0.000           -1.763e+00          -1.542e+01             357.686          -1.954e+00             214.357           1.820e+01     
  73.000           0.000           -1.796e+00          -1.555e+01             355.782          -1.983e+00             215.209           1.774e+01     
  74.000           0.000           -1.827e+00          -1.568e+01             353.803          -2.010e+00             216.037           1.733e+01     
  75.000           0.000           -1.856e+00          -1.580e+01             351.751          -2.035e+00             216.839           1.694e+01     
  76.000           0.000           -1.882e+00          -1.590e+01             349.630          -2.058e+00             217.613           1.659e+01     
  77.000           0.000           -1.907e+00          -1.600e+01             347.443          -2.079e+00             218.360           1.627e+01     
  78.000           0.000           -1.929e+00          -1.609e+01             345.197          -2.098e+00             219.078           1.597e+01     
  79.000           0.000           -1.948e+00          -1.616e+01             342.898          -2.116e+00             219.767           1.569e+01     
  80.000           0.000           -1.966e+00          -1.622e+01             340.554          -2.132e+00             220.425           1.544e+01     
  81.000           0.000           -1.981e+00          -1.627e+01             338.174          -2.146e+00             221.052           1.521e+01     
  82.000           0.000           -1.995e+00          -1.630e+01             335.768          -2.159e+00             221.648           1.499e+01     
  83.000           0.000           -2.006e+00          -1.631e+01             333.346          -2.170e+00             222.212           1.479e+01     
  84.000           0.000           -2.015e+00          -1.631e+01             330.920          -2.180e+00             222.743           1.461e+01     
  85.000           0.000           -2.023e+00          -1.629e+01             328.499          -2.188e+00             223.242           1.444e+01     
  86.000           0.000           -2.028e+00          -1.626e+01             326.096          -2.195e+00             223.706           1.429e+01     
  87.000           0.000           -2.032e+00          -1.621e+01             323.721          -2.201e+00             224.137           1.414e+01     
  88.000           0.000           -2.034e+00          -1.615e+01             321.384          -2.205e+00             224.533           1.401e+01     
  89.000           0.000           -2.033e+00          -1.607e+01             319.094          -2.208e+00             224.895           1.389e+01     
  90.000           0.000           -2.032e+00          -1.598e+01             316.860          -2.210e+00             225.223           1.377e+01     
  91.000           0.000           -2.028e+00          -1.587e+01             314.687          -2.211e+00             225.515           1.366e+01     
  92.000           0.000           -2.022e+00          -1.576e+01             312.583          -2.210e+00             225.772           1.356e+01     
  93.000           0.000           -2.015e+00          -1.563e+01             310.552          -2.208e+00             225.994           1.347e+01     
  94.000           0.000           -2.006e+00          -1.550e+01             308.598          -2.205e+00             226.180           1.338e+01     
  95.000           0.000           -1.995e+00          -1.536e+01             306.722          -2.200e+00             226.331           1.329e+01     
  96.000           0.000           -1.983e+00          -1.521e+01             304.927          -2.194e+00             226.447           1.321e+01     
  97.000           0.000           -1.968e+00          -1.506e+01             303.212          -2.187e+00             226.527           1.314e+01     
  98.000           0.000           -1.952e+00          -1.491e+01             301.578          -2.178e+00             226.572           1.306e+01     
  99.000           0.000           -1.935e+00          -1.475e+01             300.024          -2.168e+00             226.582           1.299e+01     
 100.000           0.000           -1.915e+00          -1.459e+01             298.549          -2.156e+00             226.558           1.292e+01     
 101.000           0.000           -1.893e+00          -1.442e+01             297.150          -2.143e+00             226.498           1.285e+01     
 102.000           0.000           -1.870e+00          -1.426e+01             295.825          -2.128e+00             226.405           1.278e+01     
 103.000           0.000           -1.845e+00          -1.410e+01             294.572          -2.111e+00             226.277           1.271e+01     
 104.000           0.000           -1.818e+00          -1.394e+01             293.389          -2.093e+00             226.116           1.264e+01     
 105.000           0.000           -1.789e+00          -1.378e+01             292.272          -2.073e+00             225.922           1.257e+01     
 106.000           0.000           -1.758e+00          -1.363e+01             291.218          -2.050e+00             225.696           1.250e+01     
 107.000           0.000           -1.725e+00          -1.347e+01             290.226          -2.026e+00             225.439           1.243e+01     
 108.000           0.000           -1.690e+00          -1.332e+01             289.291          -1.999e+00             225.150           1.237e+01     
 109.000           0.000           -1.653e+00          -1.317e+01             288.412          -1.971e+00             224.831           1.230e+01     
 110.000           0.000           -1.614e+00          -1.303e+01             287.585          -1.940e+00             224.483           1.223e+01     
 111.000           0.000           -1.573e+00          -1.289e+01             286.808          -1.906e+00             224.107           1.216e+01     
 112.000           0.000           -1.530e+00          -1.275e+01             286.079          -1.871e+00             223.703           1.210e+01     
 113.000           0.000           -1.485e+00          -1.262e+01             285.394          -1.832e+00             223.274           1.203e+01     
 114.000           0.000           -1.437e+00          -1.250e+01             284.752          -1.791e+00             222.819           1.197e+01     
 115.000           0.000           -1.387e+00          -1.238e+01             284.151          -1.748e+00             222.340           1.190e+01     
 116.000           0.000           -1.336e+00          -1.226e+01             283.587          -1.701e+00             221.839           1.184e+01     
 117.000           0.000           -1.281e+00          -1.215e+01             283.060          -1.652e+00             221.317           1.179e+01     
 118.000           0.000           -1.225e+00          -1.205e+01             282.566          -1.600e+00             220.775           1.173e+01     
 119.000           0.000           -1.167e+00          -1.195e+01             282.105          -1.546e+00             220.214           1.168e+01     
 120.000           0.000           -1.106e+00          -1.185e+01             281.675          -1.488e+00             219.637           1.163e+01     
 121.000           0.000           -1.043e+00          -1.177e+01             281.273          -1.428e+00             219.044           1.159e+01     
 122.000           0.000           -9.786e-01          -1.169e+01             280.899          -1.364e+00             218.438           1.155e+01     
 123.000           0.000           -9.117e-01          -1.161e+01             280.550          -1.298e+00             217.820           1.152e+01     
 124.000           0.000           -8.427e-01          -1.154e+01             280.227          -1.229e+00             217.191           1.149e+01     
 125.000           0.000           -7.718e-01          -1.148e+01             279.926          -1.157e+00             216.554           1.147e+01     
 126.000           0.000           -6.990e-01          -1.142e+01             279.647          -1.083e+00             215.909           1.145e+01     
 127.000           0.000           -6.244e-01          -1.137e+01             279.389          -1.006e+00             215.259           1.145e+01     
 128.000           0.000           -5.480e-01          -1.133e+01             279.150          -9.267e-01             214.604           1.145e+01     
 129.000           0.000           -4.700e-01          -1.130e+01             278.930          -8.449e-01             213.947           1.146e+01     
 130.000           0.000           -3.904e-01          -1.127e+01             278.727          -7.607e-01             213.289           1.147e+01     
 131.000           0.000           -3.093e-01          -1.125e+01             278.541          -6.744e-01             212.631           1.150e+01     
 132.000           0.000           -2.269e-01          -1.123e+01             278.371          -5.860e-01             211.975           1.153e+01     
 133.000           0.000           -1.433e-01          -1.122e+01             278.215          -4.958e-01             211.323           1.158e+01     
 134.000           0.000           -5.851e-02          -1.123e+01             278.073          -4.038e-01             210.674           1.163e+01     
 135.000           0.000            2.723e-02          -1.123e+01             277.944          -3.103e-01             210.032           1.169e+01     
 136.000           0.000            1.138e-01          -1.125e+01             277.828          -2.154e-01             209.396           1.177e+01     
 137.000           0.000            2.011e-01          -1.128e+01             277.724          -1.193e-01             208.768           1.185e+01     
 138.000           0.000            2.890e-01          -1.131e+01             277.631          -2.225e-02             208.149           1.194e+01     
 139.000           0.000            3.773e-01          -1.135e+01             277.548           7.566e-02             207.540           1.205e+01     
 140.000           0.000            4.659e-01          -1.141e+01             277.475           1.742e-01             206.942           1.216e+01     
 141.000           0.000            5.547e-01          -1.147e+01             277.412           2.732e-01             206.355           1.229e+01     
 142.000           0.000            6.434e-01          -1.154e+01             277.357           3.724e-01             205.780           1.243e+01     
 143.000           0.000            7.320e-01          -1.162e+01             277.311           4.716e-01             205.218           1.258e+01     
 144.000           0.000            8.202e-01          -1.171e+01             277.273           5.707e-01             204.670           1.274e+01     
 145.000           0.000            9.080e-01          -1.181e+01             277.243           6.695e-01             204.136           1.291e+01     
 146.000           0.000            9.952e-01          -1.193e+01             277.220           7.677e-01             203.616           1.309e+01     
 147.000           0.000            1.082e+00          -1.205e+01             277.204           8.652e-01             203.110           1.329e+01     
 148.000           0.000            1.167e+00          -1.219e+01             277.194           9.618e-01             202.620           1.350e+01     
 149.000           0.000            1.252e+00          -1.234e+01             277.191           1.057e+00             202.145           1.372e+01     
 150.000           0.000            1.335e+00          -1.250e+01             277.194           1.151e+00             201.686           1.396e+01     
 151.000           0.000            1.417e+00          -1.268e+01             277.203           1.244e+00             201.242           1.421e+01     
 152.000           0.000            1.497e+00          -1.287e+01             277.218           1.335e+00             200.814           1.447e+01     
 153.000           0.000            1.576e+00          -1.308e+01             277.238           1.425e+00             200.402           1.475e+01     
 154.000           0.000            1.653e+00          -1.330e+01             277.264           1.512e+00             200.006           1.504e+01     
 155.000           0.000            1.729e+00          -1.354e+01             277.296           1.598e+00             199.626           1.535e+01     
 156.000           0.000            1.802e+00          -1.380e+01             277.333           1.681e+00             199.262           1.568e+01     
 157.000           0.000            1.874e+00          -1.408e+01             277.377           1.762e+00             198.914           1.602e+01     
 158.000           0.000            1.943e+00          -1.437e+01             277.426           1.840e+00             198.582           1.639e+01     
 159.000           0.000            2.010e+00          -1.470e+01             277.482           1.916e+00             198.266           1.677e+01     
 160.000           0.000            2.074e+00          -1.504e+01             277.546           1.989e+00             197.965           1.718e+01     
 161.000           0.000            2.136e+00          -1.542e+01             277.617           2.059e+00             197.680           1.762e+01     
 162.000           0.000            2.196e+00          -1.582e+01             277.696           2.127e+00             197.411           1.808e+01     
 163.000           0.000            2.253e+00          -1.626e+01             277.786           2.191e+00             197.157           1.857e+01     
 164.000           0.000            2.307e+00          -1.673e+01             277.887           2.252e+00             196.918           1.909e+01     
 165.000           0.000            2.358e+00          -1.724e+01             278.002           2.310e+00             196.695           1.965e+01     
 166.000           0.000            2.407e+00          -1.779e+01             278.132           2.365e+00             196.487           2.025e+01     
 167.000           0.000            2.452e+00          -1.840e+01             278.283           2.416e+00             196.294           2.090e+01     
 168.000           0.000            2.495e+00          -1.907e+01             278.458           2.464e+00             196.115           2.161e+01     
 169.000           0.000            2.534e+00          -1.980e+01             278.665           2.509e+00             195.952           2.238e+01     
 170.000           0.000            2.570e+00          -2.062e+01             278.913           2.550e+00             195.802           2.323e+01     
 171.000           0.000            2.604e+00          -2.154e+01             279.217           2.587e+00             195.668           2.418e+01     
 172.000           0.000            2.634e+00          -2.258e+01             279.598           2.621e+00             195.548           2.524e+01     
 173.000           0.000            2.660e+00          -2.377e+01             280.093           2.651e+00             195.442           2.646e+01     
 174.000           0.000            2.684e+00          -2.517e+01             280.762           2.677e+00             195.350           2.788e+01     
 175.000           0.000            2.704e+00          -2.686e+01             281.718           2.699e+00             195.273           2.957e+01     
 176.000           0.000            2.721e+00          -2.896e+01             283.201           2.718e+00             195.210           3.169e+01     
 177.000           0.000            2.735e+00          -3.175e+01             285.814           2.733e+00             195.161           3.449e+01     
 178.000           0.000            2.745e+00          -3.585e+01             291.603           2.744e+00             195.125           3.865e+01     
 179.000           0.000            2.751e+00          -4.307e+01             313.412           2.751e+00             195.104           4.000e+01     
 180.000           0.000            2.755e+00          -4.434e+01              52.289           2.755e+00             195.097           4.000e+01     
 179.000         180.000            2.755e+00          -3.652e+01             259.992           2.754e+00              15.103           4.000e+01     
 178.000         180.000            2.752e+00          -3.217e+01             266.562           2.750e+00              15.124           3.538e+01     
 177.000         180.000            2.745e+00          -2.926e+01             269.400           2.742e+00              15.158           3.233e+01     
 176.000         180.000            2.735e+00          -2.708e+01             270.973           2.730e+00              15.206           3.008e+01     
 175.000         180.000            2.721e+00          -2.534e+01             271.972           2.715e+00              15.269           2.830e+01     
 174.000         180.000            2.705e+00          -2.391e+01             272.661           2.695e+00              15.345           2.682e+01     
 173.000         180.000            2.685e+00          -2.269e+01             273.164           2.672e+00              15.435           2.556e+01     
 172.000         180.000            2.661e+00          -2.162e+01             273.548           2.645e+00              15.540           2.446e+01     
 171.000         180.000            2.635e+00          -2.069e+01             273.849           2.615e+00              15.659           2.349e+01     
 170.000         180.000            2.605e+00          -1.986e+01             274.092           2.580e+00              15.792           2.262e+01     
 169.000         180.000            2.572e+00          -1.911e+01             274.291           2.543e+00              15.939           2.183e+01     
 168.000         180.000            2.536e+00          -1.843e+01             274.458           2.501e+00              16.100           2.111e+01     
 167.000         180.000            2.497e+00          -1.781e+01             274.599           2.457e+00              16.277           2.045e+01     
 166.000         180.000            2.455e+00          -1.724e+01             274.720           2.408e+00              16.468           1.984e+01     
 165.000         180.000            2.410e+00          -1.672e+01             274.825           2.357e+00              16.673           1.927e+01     
 164.000         180.000            2.362e+00          -1.624e+01             274.918           2.302e+00              16.893           1.874e+01     
 163.000         180.000            2.312e+00          -1.580e+01             274.999           2.244e+00              17.129           1.825e+01     
 162.000         180.000            2.258e+00          -1.539e+01             275.073           2.183e+00              17.379           1.778e+01     
 161.000         180.000            2.202e+00          -1.501e+01             275.139           2.119e+00              17.644           1.734e+01     
 160.000         180.000            2.144e+00          -1.465e+01             275.199           2.052e+00              17.925           1.693e+01     
 159.000         180.000            2.083e+00          -1.432e+01             275.255           1.982e+00              18.221           1.654e+01     
 158.000         180.000            2.019e+00          -1.402e+01             275.308           1.910e+00              18.532           1.617e+01     
 157.000         180.000            1.953e+00          -1.373e+01             275.358           1.834e+00              18.858           1.582e+01     
 156.000         180.000            1.885e+00          -1.347e+01             275.406           1.757e+00              19.200           1.549e+01     
 155.000         180.000            1.815e+00          -1.322e+01             275.452           1.677e+00              19.558           1.518e+01     
 154.000         180.000            1.743e+00          -1.299e+01             275.498           1.595e+00              19.931           1.489e+01     
 153.000         180.000            1.669e+00          -1.278e+01             275.544           1.511e+00              20.319           1.460e+01     
 152.000         180.000            1.594e+00          -1.258e+01             275.591           1.425e+00              20.723           1.434e+01     
 151.000         180.000            1.517e+00          -1.240e+01             275.639           1.337e+00              21.143           1.409e+01     
 150.000         180.000            1.438e+00          -1.223e+01             275.688           1.247e+00              21.577           1.385e+01     
 149.000         180.000            1.358e+00          -1.208e+01             275.740           1.156e+00              22.027           1.362e+01     
 148.000         180.000            1.276e+00          -1.194e+01             275.794           1.064e+00              22.491           1.341e+01     
 147.000         180.000            1.194e+00          -1.181e+01             275.852           9.708e-01              22.970           1.321e+01     
 146.000         180.000            1.111e+00          -1.169e+01             275.913           8.765e-01              23.464           1.302e+01     
 145.000         180.000            1.027e+00          -1.158e+01             275.978           7.815e-01              23.971           1.285e+01     
 144.000         180.000            9.417e-01          -1.148e+01             276.049           6.860e-01              24.493           1.268e+01     
 143.000         180.000            8.564e-01          -1.140e+01             276.124           5.900e-01              25.027           1.253e+01     
 142.000         180.000            7.706e-01          -1.132e+01             276.206           4.938e-01              25.575           1.239e+01     
 141.000         180.000            6.846e-01          -1.126e+01             276.294           3.977e-01              26.134           1.226e+01     
 140.000         180.000            5.986e-01          -1.120e+01             276.389           3.017e-01              26.705           1.214e+01     
 139.000         180.000            5.125e-01          -1.115e+01             276.492           2.061e-01              27.287           1.203e+01     
 138.000         180.000            4.267e-01          -1.112e+01             276.603           1.110e-01              27.879           1.193e+01     
 137.000         180.000            3.412e-01          -1.109e+01             276.723           1.666e-02              28.480           1.184e+01     
 136.000         180.000            2.562e-01          -1.106e+01             276.853          -7.674e-02              29.090           1.176e+01     
 135.000         180.000            1.717e-01          -1.105e+01             276.994          -1.690e-01              29.706           1.170e+01     
 134.000         180.000            8.805e-02          -1.105e+01             277.145          -2.600e-01              30.330           1.164e+01     
 133.000         180.000            5.238e-03          -1.105e+01             277.309          -3.496e-01              30.958           1.159e+01     
 132.000         180.000           -7.657e-02          -1.106e+01             277.485          -4.376e-01              31.590           1.155e+01     
 131.000         180.000           -1.573e-01          -1.108e+01             277.675          -5.237e-01              32.225           1.152e+01     
 130.000         180.000           -2.367e-01          -1.110e+01             277.880          -6.080e-01              32.862           1.149e+01     
 129.000         180.000           -3.149e-01          -1.113e+01             278.100          -6.903e-01              33.498           1.148e+01     
 128.000         180.000           -3.915e-01          -1.117e+01             278.336          -7.703e-01              34.133           1.148e+01     
 127.000         180.000           -4.667e-01          -1.122e+01             278.590          -8.481e-01              34.766           1.148e+01     
 126.000         180.000           -5.402e-01          -1.127e+01             278.863          -9.235e-01              35.394           1.149e+01     
 125.000         180.000           -6.120e-01          -1.133e+01             279.156          -9.964e-01              36.016           1.150e+01     
 124.000         180.000           -6.820e-01          -1.140e+01             279.470          -1.067e+00              36.631           1.153e+01     
 123.000         180.000           -7.502e-01          -1.147e+01             279.806          -1.135e+00              37.238           1.155e+01     
 122.000         180.000           -8.165e-01          -1.155e+01             280.166          -1.200e+00              37.834           1.159e+01     
 121.000         180.000           -8.808e-01          -1.164e+01             280.552          -1.262e+00              38.418           1.163e+01     
 120.000         180.000           -9.431e-01          -1.173e+01             280.964          -1.322e+00              38.989           1.167e+01     
 119.000         180.000           -1.003e+00          -1.182e+01             281.405          -1.379e+00              39.545           1.172e+01     
 118.000         180.000           -1.062e+00          -1.193e+01             281.876          -1.433e+00              40.084           1.178e+01     
 117.000         180.000           -1.118e+00          -1.203e+01             282.378          -1.484e+00              40.606           1.183e+01     
 116.000         180.000           -1.172e+00          -1.215e+01             282.915          -1.533e+00              41.108           1.189e+01     
 115.000         180.000           -1.224e+00          -1.227e+01             283.487          -1.579e+00              41.590           1.195e+01     
 114.000         180.000           -1.274e+00          -1.239e+01             284.098          -1.623e+00              42.049           1.202e+01     
 113.000         180.000           -1.321e+00          -1.252e+01             284.748          -1.664e+00              42.486           1.208e+01     
 112.000         180.000           -1.367e+00          -1.266e+01             285.442          -1.702e+00              42.898           1.215e+01     
 111.000         180.000           -1.411e+00          -1.280e+01             286.180          -1.738e+00              43.285           1.222e+01     
 110.000         180.000           -1.452e+00          -1.294e+01             286.966          -1.772e+00              43.645           1.229e+01     
 109.000         180.000           -1.491e+00          -1.309e+01             287.802          -1.803e+00              43.978           1.236e+01     
 108.000         180.000           -1.529e+00          -1.324e+01             288.692          -1.832e+00              44.282           1.243e+01     
 107.000         180.000           -1.564e+00          -1.340e+01             289.637          -1.858e+00              44.557           1.250e+01     
 106.000         180.000           -1.597e+00          -1.356e+01             290.642          -1.883e+00              44.801           1.258e+01     
 105.000         180.000           -1.629e+00          -1.372e+01             291.708          -1.906e+00              45.015           1.265e+01     
 104.000         180.000           -1.658e+00          -1.389e+01             292.840          -1.926e+00              45.198           1.272e+01     
 103.000         180.000           -1.686e+00          -1.405e+01             294.040          -1.945e+00              45.348           1.280e+01     
 102.000         180.000           -1.711e+00          -1.422e+01             295.310          -1.962e+00              45.466           1.287e+01     
 101.000         180.000           -1.735e+00          -1.439e+01             296.655          -1.978e+00              45.551           1.295e+01     
 100.000         180.000           -1.757e+00          -1.456e+01             298.077          -1.991e+00              45.603           1.302e+01     
  99.000         180.000           -1.777e+00          -1.472e+01             299.578          -2.003e+00              45.621           1.310e+01     
  98.000         180.000           -1.795e+00          -1.489e+01             301.160          -2.014e+00              45.605           1.318e+01     
  97.000         180.000           -1.812e+00          -1.505e+01             302.825          -2.023e+00              45.554           1.326e+01     
  96.000         180.000           -1.826e+00          -1.521e+01             304.575          -2.030e+00              45.470           1.335e+01     
  95.000         180.000           -1.839e+00          -1.536e+01             306.409          -2.036e+00              45.351           1.344e+01     
  94.000         180.000           -1.850e+00          -1.551e+01             308.327          -2.041e+00              45.197           1.353e+01     
  93.000         180.000           -1.859e+00          -1.565e+01             310.329          -2.045e+00              45.009           1.363e+01     
  92.000         180.000           -1.867e+00          -1.578e+01             312.410          -2.047e+00              44.786           1.374e+01     
  91.000         180.000           -1.872e+00          -1.590e+01             314.569          -2.048e+00              44.529           1.385e+01     
  90.000         180.000           -1.876e+00          -1.600e+01             316.799          -2.047e+00              44.238           1.397e+01     
  89.000         180.000           -1.878e+00          -1.610e+01             319.095          -2.045e+00              43.912           1.409e+01     
  88.000         180.000           -1.878e+00          -1.618e+01             321.449          -2.042e+00              43.553           1.423e+01     
  87.000         180.000           -1.876e+00          -1.625e+01             323.852          -2.038e+00              43.159           1.437e+01     
  86.000         180.000           -1.872e+00          -1.630e+01             326.295          -2.032e+00              42.733           1.453e+01     
  85.000         180.000           -1.867e+00          -1.633e+01             328.767          -2.025e+00              42.273           1.470e+01     
  84.000         180.000           -1.859e+00          -1.635e+01             331.256          -2.016e+00              41.781           1.488e+01     
  83.000         180.000           -1.849e+00          -1.635e+01             333.750          -2.006e+00              41.256           1.508e+01     
  82.000         180.000           -1.838e+00          -1.633e+01             336.238          -1.995e+00              40.700           1.529e+01     
  81.000         180.000           -1.824e+00          -1.630e+01             338.707          -1.982e+00              40.112           1.552e+01     
  80.000         180.000           -1.808e+00          -1.624e+01             341.147          -1.968e+00              39.493           1.577e+01     
  79.000         180.000           -1.790e+00          -1.618e+01             343.547          -1.951e+00              38.845           1.604e+01     
  78.000         180.000           -1.770e+00          -1.610e+01             345.897          -1.934e+00              38.167           1.633e+01     
  77.000         180.000           -1.748e+00          -1.601e+01             348.190          -1.914e+00              37.460           1.665e+01     
  76.000         180.000           -1.724e+00          -1.590e+01             350.418          -1.893e+00              36.726           1.699e+01     
  75.000         180.000           -1.697e+00          -1.579e+01             352.576          -1.869e+00              35.964           1.737e+01     
  74.000         180.000           -1.668e+00          -1.566e+01             354.659          -1.844e+00              35.176           1.777e+01     
  73.000         180.000           -1.636e+00          -1.553e+01             356.664          -1.817e+00              34.363           1.822e+01     
  72.000         180.000           -1.603e+00          -1.539e+01             358.589          -1.788e+00              33.525           1.870e+01     
  71.000         180.000           -1.566e+00          -1.525e+01               0.433          -1.757e+00              32.664           1.923e+01     
  70.000         180.000           -1.528e+00          -1.510e+01               2.197          -1.723e+00              31.781           1.981e+01     
  69.000         180.000           -1.487e+00          -1.495e+01               3.880          -1.687e+00              30.876           2.044e+01     
  68.000         180.000           -1.444e+00          -1.479e+01               5.484          -1.649e+00              29.952           2.115e+01     
  67.000         180.000           -1.398e+00          -1.464e+01               7.011          -1.609e+00              29.009           2.193e+01     
  66.000         180.000           -1.350e+00          -1.449e+01               8.463          -1.566e+00              28.048           2.280e+01     
  65.000         180.000           -1.300e+00          -1.434e+01               9.842          -1.521e+00              27.072           2.379e+01     
  64.000         180.000           -1.247e+00          -1.419e+01              11.152          -1.474e+00              26.080           2.492e+01     
  63.000         180.000           -1.192e+00          -1.404e+01              12.395          -1.424e+00              25.076           2.623e+01     
  62.000         180.000           -1.135e+00          -1.390e+01              13.574          -1.371e+00              24.059           2.778e+01     
  61.000         180.000           -1.075e+00          -1.376e+01              14.692          -1.316e+00              23.032           2.968e+01     
  60.000         180.000           -1.014e+00          -1.362e+01              15.752          -1.259e+00              21.996           3.212e+01     
  59.000         180.000           -9.498e-01          -1.349e+01              16.757          -1.199e+00              20.951           3.551e+01     
  58.000         180.000           -8.839e-01          -1.337e+01              17.709          -1.136e+00              19.901           4.000e+01     
  57.000         180.000           -8.161e-01          -1.325e+01              18.611          -1.072e+00              18.847           4.000e+01     
  56.000         180.000           -7.463e-01          -1.313e+01              19.467          -1.005e+00              17.790           4.000e+01     
  55.000         180.000           -6.747e-01          -1.303e+01              20.278          -9.352e-01              16.731           3.678e+01     
  54.000         180.000           -6.014e-01          -1.292e+01              21.047          -8.636e-01              15.673           3.315e+01     
  53.000         180.000           -5.265e-01          -1.283e+01              21.776          -7.899e-01              14.615           3.065e+01     
  52.000         180.000           -4.501e-01          -1.274e+01              22.467          -7.141e-01              13.561           2.875e+01     
  51.000         180.000           -3.723e-01          -1.266e+01              23.122          -6.364e-01              12.511           2.724e+01     
  50.000         180.000           -2.932e-01          -1.259e+01              23.744          -5.569e-01              11.467           2.599e+01     
  49.000         180.000           -2.129e-01          -1.253e+01              24.334          -4.756e-01              10.429           2.493e+01     
  48.000         180.000           -1.316e-01          -1.247e+01              24.894          -3.928e-01               9.400           2.403e+01     
  47.000         180.000           -4.933e-02          -1.242e+01              25.425          -3.085e-01               8.381           2.325e+01     
  46.000         180.000            3.368e-02          -1.238e+01              25.929          -2.228e-01               7.372           2.257e+01     
  45.000         180.000            1.173e-01          -1.235e+01              26.407          -1.360e-01               6.375           2.197e+01     
  44.000         180.000            2.015e-01          -1.233e+01              26.861          -4.821e-02               5.391           2.145e+01     
  43.000         180.000            2.861e-01          -1.231e+01              27.292           4.049e-02               4.422           2.098e+01     
  42.000         180.000            3.708e-01          -1.231e+01              27.702           1.299e-01               3.467           2.058e+01     
  41.000         180.000            4.557e-01          -1.231e+01              28.090           2.198e-01               2.528           2.022e+01     
  40.000         180.000            5.406e-01          -1.233e+01              28.459           3.102e-01               1.606           1.991e+01     
  39.000         180.000            6.252e-01          -1.235e+01              28.809           4.007e-01               0.701           1.965e+01     
  38.000         180.000            7.096e-01          -1.239e+01              29.141           4.913e-01             359.815           1.942e+01     
  37.000         180.000            7.935e-01          -1.243e+01              29.456           5.818e-01             358.947           1.922e+01     
  36.000         180.000            8.768e-01          -1.249e+01              29.756           6.720e-01             358.099           1.906e+01     
  35.000         180.000            9.594e-01          -1.256e+01              30.039           7.618e-01             357.271           1.894e+01     
  34.000         180.000            1.041e+00          -1.264e+01              30.309           8.509e-01             356.464           1.884e+01     
  33.000         180.000            1.122e+00          -1.273e+01              30.564           9.392e-01             355.678           1.877e+01     
  32.000         180.000            1.202e+00          -1.283e+01              30.806           1.027e+00             354.914           1.873e+01     
  31.000         180.000            1.280e+00          -1.295e+01              31.035           1.113e+00             354.171           1.872e+01     
  30.000         180.000            1.357e+00          -1.308e+01              31.252           1.198e+00             353.451           1.874e+01     
  29.000         180.000            1.433e+00          -1.323e+01              31.457           1.282e+00             352.753           1.878e+01     
  28.000         180.000            1.507e+00          -1.339e+01              31.651           1.364e+00             352.078           1.884e+01     
  27.000         180.000            1.579e+00          -1.357e+01              31.834           1.444e+00             351.425           1.893e+01     
  26.000         180.000            1.650e+00          -1.376e+01              32.007           1.523e+00             350.797           1.905e+01     
  25.000         180.000            1.719e+00          -1.397e+01              32.171           1.600e+00             350.191           1.919e+01     
  24.000         180.000            1.785e+00          -1.420e+01              32.324           1.674e+00             349.609           1.936e+01     
  23.000         180.000            1.850e+00          -1.444e+01              32.469           1.747e+00             349.050           1.956e+01     
  22.000         180.000            1.913e+00          -1.471e+01              32.605           1.817e+00             348.516           1.978e+01     
  21.000         180.000            1.973e+00          -1.500e+01              32.732           1.885e+00             348.004           2.003e+01     
  20.000         180.000            2.031e+00          -1.532e+01              32.851           1.950e+00             347.517           2.031e+01     
  19.000         180.000            2.086e+00          -1.566e+01              32.962           2.013e+00             347.054           2.061e+01     
  18.000         180.000            2.139e+00          -1.602e+01              33.066           2.073e+00             346.614           2.096e+01     
  17.000         180.000            2.190e+00          -1.642e+01              33.162           2.130e+00             346.199           2.133e+01     
  16.000         180.000            2.238e+00          -1.685e+01              33.250           2.184e+00             345.807           2.174e+01     
  15.000         180.000            2.283e+00          -1.732e+01              33.332           2.235e+00             345.439           2.219e+01     
  14.000         180.000            2.325e+00          -1.783e+01              33.406           2.283e+00             345.095           2.269e+01     
  13.000         180.000            2.365e+00          -1.839e+01              33.474           2.328e+00             344.775           2.323e+01     
  12.000         180.000            2.402e+00          -1.900e+01              33.535           2.370e+00             344.479           2.383e+01     
  11.000         180.000            2.435e+00          -1.967e+01              33.589           2.409e+00             344.206           2.450e+01     
  10.000         180.000            2.466e+00          -2.041e+01              33.636           2.444e+00             343.958           2.523e+01     
   9.000         180.000            2.494e+00          -2.124e+01              33.676           2.476e+00             343.733           2.606e+01     
   8.000         180.000            2.519e+00          -2.217e+01              33.710           2.504e+00             343.532           2.698e+01     
   7.000         180.000            2.541e+00          -2.323e+01              33.735           2.529e+00             343.355           2.804e+01     
   6.000         180.000            2.560e+00          -2.445e+01              33.752           2.551e+00             343.201           2.926e+01     
   5.000         180.000            2.575e+00          -2.589e+01              33.760           2.569e+00             343.071           3.070e+01     
   4.000         180.000            2.588e+00          -2.764e+01              33.755           2.584e+00             342.965           3.244e+01     
   3.000         180.000            2.597e+00          -2.984e+01              33.731           2.595e+00             342.883           3.464e+01     
   2.000         180.000            2.604e+00          -3.281e+01              33.673           2.602e+00             342.824           3.762e+01     
   1.000         180.000            2.607e+00          -3.739e+01              33.518           2.606e+00             342.789           4.000e+01     
