Theta [deg.]  Phi   [deg.]  Abs(Grlz)[dBi   ]   Abs(Theta)[dBi   ]  Phase(Theta)[deg.]  Abs(Phi  )[dBi   ]  Phase(Phi  )[deg.]  Ax.Ratio[dB    ]    
------------------------------------------------------------------------------------------------------------------------------------------------------
   0.000           0.000           -7.602e-01          -5.549e+01             137.031          -7.602e-01              62.965           4.000e+01     
   1.000           0.000           -7.583e-01          -3.697e+01             217.687          -7.594e-01              63.010           4.000e+01     
   2.000           0.000           -7.533e-01          -3.103e+01             221.060          -7.574e-01              63.128           3.878e+01     
   3.000           0.000           -7.452e-01          -2.753e+01             222.192          -7.543e-01              63.317           3.566e+01     
   4.000           0.000           -7.338e-01          -2.505e+01             222.757          -7.499e-01              63.578           3.332e+01     
   5.000           0.000           -7.192e-01          -2.314e+01             223.096          -7.441e-01              63.909           3.143e+01     
   6.000           0.000           -7.013e-01          -2.158e+01             223.320          -7.369e-01              64.309           2.982e+01     
   7.000           0.000           -6.800e-01          -2.027e+01             223.479          -7.280e-01              64.778           2.842e+01     
   8.000           0.000           -6.553e-01          -1.914e+01             223.598          -7.173e-01              65.313           2.717e+01     
   9.000           0.000           -6.272e-01          -1.816e+01             223.690          -7.046e-01              65.913           2.603e+01     
  10.000           0.000           -5.955e-01          -1.728e+01             223.763          -6.897e-01              66.576           2.498e+01     
  11.000           0.000           -5.603e-01          -1.650e+01             223.822          -6.725e-01              67.299           2.401e+01     
  12.000           0.000           -5.215e-01          -1.579e+01             223.871          -6.526e-01              68.080           2.310e+01     
  13.000           0.000           -4.790e-01          -1.515e+01             223.912          -6.299e-01              68.915           2.225e+01     
  14.000           0.000           -4.328e-01          -1.456e+01             223.947          -6.042e-01              69.803           2.144e+01     
  15.000           0.000           -3.830e-01          -1.402e+01             223.976          -5.752e-01              70.740           2.068e+01     
  16.000           0.000           -3.296e-01          -1.352e+01             224.002          -5.430e-01              71.722           1.997e+01     
  17.000           0.000           -2.725e-01          -1.306e+01             224.024          -5.072e-01              72.746           1.929e+01     
  18.000           0.000           -2.120e-01          -1.264e+01             224.043          -4.677e-01              73.809           1.865e+01     
  19.000           0.000           -1.480e-01          -1.225e+01             224.060          -4.245e-01              74.906           1.804e+01     
  20.000           0.000           -8.065e-02          -1.188e+01             224.074          -3.775e-01              76.033           1.747e+01     
  21.000           0.000           -1.013e-02          -1.154e+01             224.087          -3.267e-01              77.187           1.693e+01     
  22.000           0.000            6.342e-02          -1.123e+01             224.097          -2.720e-01              78.364           1.642e+01     
  23.000           0.000            1.398e-01          -1.093e+01             224.106          -2.136e-01              79.560           1.594e+01     
  24.000           0.000            2.189e-01          -1.066e+01             224.114          -1.514e-01              80.770           1.548e+01     
  25.000           0.000            3.004e-01          -1.040e+01             224.119          -8.562e-02              81.992           1.506e+01     
  26.000           0.000            3.841e-01          -1.017e+01             224.124          -1.639e-02              83.221           1.466e+01     
  27.000           0.000            4.698e-01          -9.947e+00             224.127           5.611e-02              84.455           1.429e+01     
  28.000           0.000            5.571e-01          -9.743e+00             224.128           1.317e-01              85.689           1.395e+01     
  29.000           0.000            6.460e-01          -9.554e+00             224.128           2.101e-01              86.921           1.363e+01     
  30.000           0.000            7.360e-01          -9.380e+00             224.127           2.911e-01              88.147           1.333e+01     
  31.000           0.000            8.269e-01          -9.219e+00             224.124           3.744e-01              89.366           1.305e+01     
  32.000           0.000            9.185e-01          -9.071e+00             224.119           4.597e-01              90.574           1.280e+01     
  33.000           0.000            1.010e+00          -8.935e+00             224.113           5.468e-01              91.770           1.257e+01     
  34.000           0.000            1.103e+00          -8.811e+00             224.105           6.354e-01              92.952           1.236e+01     
  35.000           0.000            1.195e+00          -8.699e+00             224.095           7.250e-01              94.117           1.216e+01     
  36.000           0.000            1.286e+00          -8.598e+00             224.084           8.156e-01              95.265           1.199e+01     
  37.000           0.000            1.377e+00          -8.507e+00             224.070           9.066e-01              96.394           1.184e+01     
  38.000           0.000            1.467e+00          -8.427e+00             224.054           9.980e-01              97.502           1.170e+01     
  39.000           0.000            1.557e+00          -8.357e+00             224.036           1.089e+00              98.590           1.158e+01     
  40.000           0.000            1.645e+00          -8.296e+00             224.015           1.180e+00              99.656           1.147e+01     
  41.000           0.000            1.731e+00          -8.244e+00             223.991           1.271e+00             100.700           1.138e+01     
  42.000           0.000            1.816e+00          -8.202e+00             223.965           1.361e+00             101.722           1.131e+01     
  43.000           0.000            1.899e+00          -8.169e+00             223.936           1.449e+00             102.720           1.125e+01     
  44.000           0.000            1.981e+00          -8.144e+00             223.904           1.537e+00             103.696           1.120e+01     
  45.000           0.000            2.060e+00          -8.128e+00             223.868           1.623e+00             104.649           1.117e+01     
  46.000           0.000            2.137e+00          -8.120e+00             223.828           1.708e+00             105.579           1.115e+01     
  47.000           0.000            2.212e+00          -8.120e+00             223.785           1.790e+00             106.485           1.114e+01     
  48.000           0.000            2.285e+00          -8.129e+00             223.737           1.871e+00             107.369           1.114e+01     
  49.000           0.000            2.355e+00          -8.145e+00             223.685           1.950e+00             108.231           1.115e+01     
  50.000           0.000            2.423e+00          -8.169e+00             223.628           2.027e+00             109.070           1.117e+01     
  51.000           0.000            2.489e+00          -8.201e+00             223.566           2.101e+00             109.887           1.121e+01     
  52.000           0.000            2.551e+00          -8.240e+00             223.499           2.173e+00             110.683           1.125e+01     
  53.000           0.000            2.612e+00          -8.287e+00             223.425           2.243e+00             111.457           1.130e+01     
  54.000           0.000            2.669e+00          -8.341e+00             223.345           2.311e+00             112.211           1.136e+01     
  55.000           0.000            2.724e+00          -8.403e+00             223.259           2.375e+00             112.944           1.143e+01     
  56.000           0.000            2.776e+00          -8.472e+00             223.165           2.438e+00             113.657           1.151e+01     
  57.000           0.000            2.826e+00          -8.548e+00             223.063           2.497e+00             114.350           1.159e+01     
  58.000           0.000            2.873e+00          -8.632e+00             222.952           2.554e+00             115.023           1.169e+01     
  59.000           0.000            2.917e+00          -8.723e+00             222.833           2.609e+00             115.678           1.179e+01     
  60.000           0.000            2.959e+00          -8.821e+00             222.704           2.661e+00             116.314           1.189e+01     
  61.000           0.000            2.998e+00          -8.927e+00             222.564           2.710e+00             116.931           1.201e+01     
  62.000           0.000            3.034e+00          -9.040e+00             222.413           2.756e+00             117.531           1.213e+01     
  63.000           0.000            3.068e+00          -9.161e+00             222.250           2.800e+00             118.112           1.226e+01     
  64.000           0.000            3.100e+00          -9.289e+00             222.074           2.842e+00             118.676           1.240e+01     
  65.000           0.000            3.129e+00          -9.425e+00             221.883           2.880e+00             119.222           1.254e+01     
  66.000           0.000            3.155e+00          -9.568e+00             221.677           2.917e+00             119.752           1.270e+01     
  67.000           0.000            3.179e+00          -9.719e+00             221.455           2.950e+00             120.264           1.285e+01     
  68.000           0.000            3.201e+00          -9.878e+00             221.214           2.981e+00             120.760           1.302e+01     
  69.000           0.000            3.220e+00          -1.005e+01             220.954           3.010e+00             121.239           1.319e+01     
  70.000           0.000            3.237e+00          -1.022e+01             220.673           3.036e+00             121.701           1.337e+01     
  71.000           0.000            3.252e+00          -1.040e+01             220.369           3.060e+00             122.147           1.356e+01     
  72.000           0.000            3.264e+00          -1.060e+01             220.040           3.082e+00             122.577           1.376e+01     
  73.000           0.000            3.275e+00          -1.080e+01             219.683           3.101e+00             122.991           1.396e+01     
  74.000           0.000            3.283e+00          -1.101e+01             219.297           3.118e+00             123.388           1.417e+01     
  75.000           0.000            3.289e+00          -1.122e+01             218.879           3.133e+00             123.769           1.439e+01     
  76.000           0.000            3.294e+00          -1.145e+01             218.425           3.146e+00             124.134           1.462e+01     
  77.000           0.000            3.296e+00          -1.169e+01             217.932           3.156e+00             124.483           1.486e+01     
  78.000           0.000            3.297e+00          -1.194e+01             217.396           3.165e+00             124.815           1.511e+01     
  79.000           0.000            3.295e+00          -1.219e+01             216.813           3.171e+00             125.131           1.537e+01     
  80.000           0.000            3.292e+00          -1.246e+01             216.179           3.175e+00             125.430           1.564e+01     
  81.000           0.000            3.287e+00          -1.274e+01             215.487           3.177e+00             125.713           1.592e+01     
  82.000           0.000            3.280e+00          -1.303e+01             214.733           3.178e+00             125.979           1.621e+01     
  83.000           0.000            3.272e+00          -1.333e+01             213.908           3.176e+00             126.228           1.651e+01     
  84.000           0.000            3.262e+00          -1.364e+01             213.006           3.173e+00             126.460           1.683e+01     
  85.000           0.000            3.251e+00          -1.397e+01             212.017           3.167e+00             126.674           1.716e+01     
  86.000           0.000            3.238e+00          -1.430e+01             210.933           3.160e+00             126.871           1.751e+01     
  87.000           0.000            3.223e+00          -1.465e+01             209.741           3.151e+00             127.049           1.787e+01     
  88.000           0.000            3.207e+00          -1.500e+01             208.430           3.141e+00             127.210           1.825e+01     
  89.000           0.000            3.189e+00          -1.537e+01             206.986           3.129e+00             127.352           1.865e+01     
  90.000           0.000            3.171e+00          -1.575e+01             205.392           3.115e+00             127.475           1.907e+01     
  91.000           0.000            3.150e+00          -1.614e+01             203.632           3.099e+00             127.579           1.951e+01     
  92.000           0.000            3.129e+00          -1.654e+01             201.686           3.082e+00             127.663           1.997e+01     
  93.000           0.000            3.106e+00          -1.695e+01             199.533           3.063e+00             127.728           2.047e+01     
  94.000           0.000            3.082e+00          -1.736e+01             197.152           3.042e+00             127.771           2.099e+01     
  95.000           0.000            3.056e+00          -1.777e+01             194.518           3.020e+00             127.794           2.154e+01     
  96.000           0.000            3.030e+00          -1.818e+01             191.611           2.997e+00             127.796           2.213e+01     
  97.000           0.000            3.002e+00          -1.858e+01             188.409           2.972e+00             127.776           2.277e+01     
  98.000           0.000            2.974e+00          -1.897e+01             184.896           2.946e+00             127.733           2.344e+01     
  99.000           0.000            2.944e+00          -1.933e+01             181.065           2.918e+00             127.668           2.418e+01     
 100.000           0.000            2.913e+00          -1.966e+01             176.917           2.889e+00             127.579           2.497e+01     
 101.000           0.000            2.881e+00          -1.995e+01             172.472           2.858e+00             127.466           2.584e+01     
 102.000           0.000            2.848e+00          -2.019e+01             167.765           2.827e+00             127.328           2.680e+01     
 103.000           0.000            2.815e+00          -2.037e+01             162.852           2.794e+00             127.165           2.787e+01     
 104.000           0.000            2.780e+00          -2.047e+01             157.807           2.760e+00             126.976           2.907e+01     
 105.000           0.000            2.745e+00          -2.051e+01             152.715           2.724e+00             126.761           3.045e+01     
 106.000           0.000            2.709e+00          -2.048e+01             147.668           2.688e+00             126.519           3.205e+01     
 107.000           0.000            2.672e+00          -2.037e+01             142.752           2.651e+00             126.248           3.399e+01     
 108.000           0.000            2.635e+00          -2.021e+01             138.041           2.612e+00             125.950           3.644e+01     
 109.000           0.000            2.597e+00          -1.999e+01             133.591           2.573e+00             125.622           3.978e+01     
 110.000           0.000            2.559e+00          -1.974e+01             129.439           2.533e+00             125.264           4.000e+01     
 111.000           0.000            2.520e+00          -1.945e+01             125.604           2.493e+00             124.876           4.000e+01     
 112.000           0.000            2.482e+00          -1.913e+01             122.089           2.452e+00             124.456           4.000e+01     
 113.000           0.000            2.443e+00          -1.881e+01             118.887           2.410e+00             124.005           4.000e+01     
 114.000           0.000            2.404e+00          -1.847e+01             115.981           2.368e+00             123.522           3.855e+01     
 115.000           0.000            2.365e+00          -1.814e+01             113.352           2.326e+00             123.005           3.605e+01     
 116.000           0.000            2.326e+00          -1.780e+01             110.976           2.284e+00             122.456           3.419e+01     
 117.000           0.000            2.288e+00          -1.748e+01             108.831           2.241e+00             121.872           3.274e+01     
 118.000           0.000            2.250e+00          -1.716e+01             106.894           2.200e+00             121.254           3.156e+01     
 119.000           0.000            2.213e+00          -1.685e+01             105.146           2.158e+00             120.601           3.059e+01     
 120.000           0.000            2.176e+00          -1.655e+01             103.565           2.118e+00             119.913           2.979e+01     
 121.000           0.000            2.141e+00          -1.627e+01             102.136           2.078e+00             119.191           2.911e+01     
 122.000           0.000            2.107e+00          -1.599e+01             100.841           2.039e+00             118.433           2.855e+01     
 123.000           0.000            2.074e+00          -1.573e+01              99.667           2.002e+00             117.640           2.808e+01     
 124.000           0.000            2.043e+00          -1.549e+01              98.602           1.966e+00             116.812           2.770e+01     
 125.000           0.000            2.014e+00          -1.526e+01              97.634           1.932e+00             115.950           2.739e+01     
 126.000           0.000            1.987e+00          -1.504e+01              96.754           1.900e+00             115.054           2.716e+01     
 127.000           0.000            1.962e+00          -1.484e+01              95.952           1.871e+00             114.125           2.700e+01     
 128.000           0.000            1.940e+00          -1.465e+01              95.221           1.844e+00             113.164           2.690e+01     
 129.000           0.000            1.921e+00          -1.447e+01              94.554           1.820e+00             112.172           2.686e+01     
 130.000           0.000            1.904e+00          -1.431e+01              93.945           1.799e+00             111.150           2.688e+01     
 131.000           0.000            1.890e+00          -1.416e+01              93.388           1.781e+00             110.099           2.697e+01     
 132.000           0.000            1.880e+00          -1.403e+01              92.880           1.767e+00             109.022           2.712e+01     
 133.000           0.000            1.873e+00          -1.391e+01              92.414           1.757e+00             107.921           2.734e+01     
 134.000           0.000            1.870e+00          -1.380e+01              91.988           1.751e+00             106.797           2.762e+01     
 135.000           0.000            1.871e+00          -1.370e+01              91.599           1.749e+00             105.652           2.798e+01     
 136.000           0.000            1.876e+00          -1.362e+01              91.242           1.752e+00             104.490           2.840e+01     
 137.000           0.000            1.885e+00          -1.355e+01              90.915           1.759e+00             103.313           2.891e+01     
 138.000           0.000            1.898e+00          -1.349e+01              90.615           1.770e+00             102.125           2.951e+01     
 139.000           0.000            1.915e+00          -1.345e+01              90.341           1.787e+00             100.927           3.020e+01     
 140.000           0.000            1.936e+00          -1.342e+01              90.089           1.808e+00              99.724           3.100e+01     
 141.000           0.000            1.962e+00          -1.340e+01              89.859           1.833e+00              98.517           3.193e+01     
 142.000           0.000            1.991e+00          -1.340e+01              89.649           1.864e+00              97.311           3.301e+01     
 143.000           0.000            2.025e+00          -1.340e+01              89.456           1.899e+00              96.108           3.427e+01     
 144.000           0.000            2.062e+00          -1.343e+01              89.280           1.938e+00              94.912           3.577e+01     
 145.000           0.000            2.104e+00          -1.346e+01              89.118           1.981e+00              93.726           3.759e+01     
 146.000           0.000            2.149e+00          -1.351e+01              88.971           2.029e+00              92.552           3.987e+01     
 147.000           0.000            2.197e+00          -1.358e+01              88.837           2.080e+00              91.394           4.000e+01     
 148.000           0.000            2.248e+00          -1.366e+01              88.714           2.135e+00              90.255           4.000e+01     
 149.000           0.000            2.302e+00          -1.376e+01              88.602           2.193e+00              89.136           4.000e+01     
 150.000           0.000            2.359e+00          -1.387e+01              88.500           2.255e+00              88.040           4.000e+01     
 151.000           0.000            2.418e+00          -1.399e+01              88.408           2.318e+00              86.970           4.000e+01     
 152.000           0.000            2.479e+00          -1.414e+01              88.323           2.384e+00              85.928           4.000e+01     
 153.000           0.000            2.542e+00          -1.430e+01              88.246           2.451e+00              84.915           4.000e+01     
 154.000           0.000            2.606e+00          -1.448e+01              88.176           2.520e+00              83.933           3.979e+01     
 155.000           0.000            2.671e+00          -1.468e+01              88.113           2.591e+00              82.984           3.840e+01     
 156.000           0.000            2.737e+00          -1.490e+01              88.055           2.661e+00              82.068           3.735e+01     
 157.000           0.000            2.803e+00          -1.514e+01              88.003           2.732e+00              81.187           3.653e+01     
 158.000           0.000            2.868e+00          -1.541e+01              87.955           2.803e+00              80.342           3.590e+01     
 159.000           0.000            2.934e+00          -1.570e+01              87.912           2.874e+00              79.534           3.542e+01     
 160.000           0.000            2.998e+00          -1.601e+01              87.872           2.943e+00              78.762           3.507e+01     
 161.000           0.000            3.062e+00          -1.635e+01              87.835           3.012e+00              78.029           3.484e+01     
 162.000           0.000            3.124e+00          -1.673e+01              87.801           3.079e+00              77.332           3.471e+01     
 163.000           0.000            3.185e+00          -1.713e+01              87.770           3.144e+00              76.674           3.467e+01     
 164.000           0.000            3.243e+00          -1.758e+01              87.740           3.207e+00              76.054           3.472e+01     
 165.000           0.000            3.300e+00          -1.806e+01              87.712           3.268e+00              75.473           3.487e+01     
 166.000           0.000            3.354e+00          -1.859e+01              87.685           3.326e+00              74.929           3.509e+01     
 167.000           0.000            3.405e+00          -1.918e+01              87.657           3.381e+00              74.424           3.541e+01     
 168.000           0.000            3.453e+00          -1.982e+01              87.629           3.433e+00              73.957           3.582e+01     
 169.000           0.000            3.499e+00          -2.053e+01              87.599           3.481e+00              73.528           3.633e+01     
 170.000           0.000            3.541e+00          -2.132e+01              87.567           3.527e+00              73.136           3.695e+01     
 171.000           0.000            3.579e+00          -2.222e+01              87.530           3.568e+00              72.782           3.769e+01     
 172.000           0.000            3.614e+00          -2.323e+01              87.485           3.605e+00              72.465           3.858e+01     
 173.000           0.000            3.645e+00          -2.440e+01              87.430           3.639e+00              72.185           3.965e+01     
 174.000           0.000            3.673e+00          -2.576e+01              87.356           3.668e+00              71.943           4.000e+01     
 175.000           0.000            3.696e+00          -2.741e+01              87.253           3.693e+00              71.737           4.000e+01     
 176.000           0.000            3.716e+00          -2.946e+01              87.095           3.713e+00              71.568           4.000e+01     
 177.000           0.000            3.731e+00          -3.217e+01              86.820           3.730e+00              71.435           4.000e+01     
 178.000           0.000            3.742e+00          -3.617e+01              86.219           3.741e+00              71.339           4.000e+01     
 179.000           0.000            3.749e+00          -4.382e+01              83.903           3.748e+00              71.279           4.000e+01     
 180.000           0.000            3.751e+00          -5.123e+01             277.158           3.751e+00              71.255           4.000e+01     
 179.000         180.000            3.749e+00          -3.852e+01              90.013           3.749e+00             251.267           4.000e+01     
 178.000         180.000            3.744e+00          -3.357e+01              89.087           3.743e+00             251.316           4.000e+01     
 177.000         180.000            3.733e+00          -3.044e+01              88.728           3.732e+00             251.401           4.000e+01     
 176.000         180.000            3.719e+00          -2.816e+01              88.540           3.716e+00             251.523           4.000e+01     
 175.000         180.000            3.701e+00          -2.637e+01              88.427           3.696e+00             251.681           4.000e+01     
 174.000         180.000            3.678e+00          -2.490e+01              88.354           3.672e+00             251.875           3.952e+01     
 173.000         180.000            3.651e+00          -2.365e+01              88.305           3.643e+00             252.106           3.840e+01     
 172.000         180.000            3.621e+00          -2.258e+01              88.272           3.611e+00             252.375           3.746e+01     
 171.000         180.000            3.587e+00          -2.164e+01              88.250           3.574e+00             252.680           3.666e+01     
 170.000         180.000            3.549e+00          -2.080e+01              88.236           3.533e+00             253.022           3.598e+01     
 169.000         180.000            3.508e+00          -2.005e+01              88.229           3.489e+00             253.402           3.542e+01     
 168.000         180.000            3.463e+00          -1.938e+01              88.227           3.440e+00             253.820           3.494e+01     
 167.000         180.000            3.415e+00          -1.877e+01              88.230           3.389e+00             254.275           3.456e+01     
 166.000         180.000            3.365e+00          -1.821e+01              88.238           3.334e+00             254.768           3.426e+01     
 165.000         180.000            3.311e+00          -1.770e+01              88.250           3.277e+00             255.300           3.404e+01     
 164.000         180.000            3.255e+00          -1.724e+01              88.265           3.216e+00             255.869           3.390e+01     
 163.000         180.000            3.197e+00          -1.681e+01              88.285           3.154e+00             256.477           3.383e+01     
 162.000         180.000            3.137e+00          -1.642e+01              88.309           3.089e+00             257.122           3.385e+01     
 161.000         180.000            3.075e+00          -1.606e+01              88.336           3.022e+00             257.806           3.395e+01     
 160.000         180.000            3.012e+00          -1.573e+01              88.368           2.954e+00             258.528           3.414e+01     
 159.000         180.000            2.948e+00          -1.543e+01              88.405           2.884e+00             259.287           3.444e+01     
 158.000         180.000            2.882e+00          -1.515e+01              88.446           2.814e+00             260.083           3.484e+01     
 157.000         180.000            2.817e+00          -1.489e+01              88.493           2.743e+00             260.915           3.538e+01     
 156.000         180.000            2.751e+00          -1.466e+01              88.545           2.671e+00             261.783           3.607e+01     
 155.000         180.000            2.685e+00          -1.445e+01              88.603           2.600e+00             262.687           3.695e+01     
 154.000         180.000            2.620e+00          -1.426e+01              88.667           2.530e+00             263.624           3.808e+01     
 153.000         180.000            2.556e+00          -1.408e+01              88.738           2.461e+00             264.593           3.955e+01     
 152.000         180.000            2.493e+00          -1.393e+01              88.816           2.393e+00             265.594           4.000e+01     
 151.000         180.000            2.431e+00          -1.379e+01              88.902           2.326e+00             266.625           4.000e+01     
 150.000         180.000            2.372e+00          -1.366e+01              88.997           2.262e+00             267.683           4.000e+01     
 149.000         180.000            2.314e+00          -1.356e+01              89.101           2.201e+00             268.768           4.000e+01     
 148.000         180.000            2.260e+00          -1.346e+01              89.215           2.142e+00             269.876           4.000e+01     
 147.000         180.000            2.207e+00          -1.339e+01              89.340           2.086e+00             271.005           4.000e+01     
 146.000         180.000            2.158e+00          -1.332e+01              89.477           2.034e+00             272.153           4.000e+01     
 145.000         180.000            2.113e+00          -1.328e+01              89.627           1.985e+00             273.317           3.934e+01     
 144.000         180.000            2.070e+00          -1.324e+01              89.790           1.941e+00             274.494           3.716e+01     
 143.000         180.000            2.032e+00          -1.322e+01              89.968           1.900e+00             275.682           3.542e+01     
 142.000         180.000            1.997e+00          -1.321e+01              90.163           1.864e+00             276.877           3.398e+01     
 141.000         180.000            1.966e+00          -1.322e+01              90.375           1.833e+00             278.075           3.277e+01     
 140.000         180.000            1.940e+00          -1.324e+01              90.606           1.806e+00             279.275           3.174e+01     
 139.000         180.000            1.917e+00          -1.327e+01              90.859           1.784e+00             280.473           3.086e+01     
 138.000         180.000            1.899e+00          -1.331e+01              91.133           1.766e+00             281.665           3.010e+01     
 137.000         180.000            1.885e+00          -1.337e+01              91.433           1.753e+00             282.849           2.945e+01     
 136.000         180.000            1.874e+00          -1.344e+01              91.759           1.745e+00             284.021           2.889e+01     
 135.000         180.000            1.868e+00          -1.353e+01              92.115           1.741e+00             285.179           2.842e+01     
 134.000         180.000            1.866e+00          -1.362e+01              92.503           1.742e+00             286.321           2.804e+01     
 133.000         180.000            1.868e+00          -1.373e+01              92.926           1.747e+00             287.443           2.772e+01     
 132.000         180.000            1.873e+00          -1.385e+01              93.387           1.756e+00             288.542           2.748e+01     
 131.000         180.000            1.882e+00          -1.399e+01              93.891           1.768e+00             289.618           2.730e+01     
 130.000         180.000            1.895e+00          -1.413e+01              94.441           1.785e+00             290.667           2.720e+01     
 129.000         180.000            1.910e+00          -1.429e+01              95.042           1.805e+00             291.689           2.715e+01     
 128.000         180.000            1.929e+00          -1.447e+01              95.699           1.828e+00             292.682           2.717e+01     
 127.000         180.000            1.950e+00          -1.466e+01              96.419           1.854e+00             293.643           2.726e+01     
 126.000         180.000            1.973e+00          -1.486e+01              97.207           1.882e+00             294.573           2.741e+01     
 125.000         180.000            1.999e+00          -1.507e+01              98.072           1.913e+00             295.470           2.763e+01     
 124.000         180.000            2.028e+00          -1.530e+01              99.021           1.946e+00             296.333           2.792e+01     
 123.000         180.000            2.058e+00          -1.554e+01             100.064           1.981e+00             297.162           2.830e+01     
 122.000         180.000            2.089e+00          -1.580e+01             101.212           2.018e+00             297.957           2.876e+01     
 121.000         180.000            2.122e+00          -1.607e+01             102.477           2.056e+00             298.717           2.931e+01     
 120.000         180.000            2.157e+00          -1.635e+01             103.872           2.095e+00             299.442           2.998e+01     
 119.000         180.000            2.192e+00          -1.664e+01             105.412           2.135e+00             300.131           3.079e+01     
 118.000         180.000            2.229e+00          -1.695e+01             107.115           2.176e+00             300.787           3.175e+01     
 117.000         180.000            2.266e+00          -1.727e+01             108.998           2.217e+00             301.407           3.293e+01     
 116.000         180.000            2.303e+00          -1.759e+01             111.082           2.259e+00             301.993           3.439e+01     
 115.000         180.000            2.342e+00          -1.792e+01             113.389           2.301e+00             302.546           3.627e+01     
 114.000         180.000            2.380e+00          -1.826e+01             115.941           2.342e+00             303.065           3.881e+01     
 113.000         180.000            2.418e+00          -1.859e+01             118.760           2.384e+00             303.551           4.000e+01     
 112.000         180.000            2.457e+00          -1.892e+01             121.867           2.425e+00             304.004           4.000e+01     
 111.000         180.000            2.495e+00          -1.924e+01             125.279           2.466e+00             304.426           4.000e+01     
 110.000         180.000            2.533e+00          -1.954e+01             129.006           2.506e+00             304.817           4.000e+01     
 109.000         180.000            2.571e+00          -1.980e+01             133.048           2.546e+00             305.177           3.967e+01     
 108.000         180.000            2.609e+00          -2.003e+01             137.392           2.585e+00             305.508           3.639e+01     
 107.000         180.000            2.646e+00          -2.021e+01             142.007           2.623e+00             305.809           3.396e+01     
 106.000         180.000            2.682e+00          -2.033e+01             146.843           2.660e+00             306.082           3.204e+01     
 105.000         180.000            2.718e+00          -2.039e+01             151.831           2.696e+00             306.327           3.044e+01     
 104.000         180.000            2.753e+00          -2.038e+01             156.891           2.732e+00             306.544           2.907e+01     
 103.000         180.000            2.787e+00          -2.029e+01             161.933           2.765e+00             306.735           2.787e+01     
 102.000         180.000            2.820e+00          -2.014e+01             166.870           2.798e+00             306.901           2.681e+01     
 101.000         180.000            2.853e+00          -1.993e+01             171.625           2.830e+00             307.041           2.585e+01     
 100.000         180.000            2.884e+00          -1.966e+01             176.139           2.860e+00             307.156           2.498e+01     
  99.000         180.000            2.915e+00          -1.934e+01             180.368           2.889e+00             307.247           2.419e+01     
  98.000         180.000            2.945e+00          -1.899e+01             184.289           2.917e+00             307.315           2.346e+01     
  97.000         180.000            2.973e+00          -1.862e+01             187.894           2.943e+00             307.359           2.278e+01     
  96.000         180.000            3.001e+00          -1.822e+01             191.189           2.968e+00             307.382           2.215e+01     
  95.000         180.000            3.027e+00          -1.782e+01             194.186           2.991e+00             307.382           2.156e+01     
  94.000         180.000            3.052e+00          -1.741e+01             196.904           3.013e+00             307.361           2.100e+01     
  93.000         180.000            3.076e+00          -1.700e+01             199.365           3.033e+00             307.319           2.048e+01     
  92.000         180.000            3.099e+00          -1.660e+01             201.591           3.052e+00             307.257           1.999e+01     
  91.000         180.000            3.120e+00          -1.620e+01             203.605           3.069e+00             307.175           1.952e+01     
  90.000         180.000            3.140e+00          -1.581e+01             205.427           3.085e+00             307.073           1.908e+01     
  89.000         180.000            3.159e+00          -1.543e+01             207.077           3.099e+00             306.951           1.866e+01     
  88.000         180.000            3.177e+00          -1.506e+01             208.573           3.111e+00             306.811           1.826e+01     
  87.000         180.000            3.193e+00          -1.470e+01             209.930           3.121e+00             306.652           1.788e+01     
  86.000         180.000            3.207e+00          -1.435e+01             211.164           3.130e+00             306.475           1.752e+01     
  85.000         180.000            3.220e+00          -1.402e+01             212.287           3.137e+00             306.281           1.718e+01     
  84.000         180.000            3.231e+00          -1.369e+01             213.311           3.142e+00             306.068           1.684e+01     
  83.000         180.000            3.241e+00          -1.338e+01             214.245           3.146e+00             305.838           1.653e+01     
  82.000         180.000            3.250e+00          -1.308e+01             215.099           3.147e+00             305.591           1.622e+01     
  81.000         180.000            3.256e+00          -1.278e+01             215.880           3.147e+00             305.326           1.593e+01     
  80.000         180.000            3.261e+00          -1.250e+01             216.596           3.144e+00             305.045           1.565e+01     
  79.000         180.000            3.264e+00          -1.224e+01             217.253           3.140e+00             304.748           1.538e+01     
  78.000         180.000            3.265e+00          -1.198e+01             217.856           3.133e+00             304.433           1.513e+01     
  77.000         180.000            3.265e+00          -1.173e+01             218.410           3.125e+00             304.102           1.488e+01     
  76.000         180.000            3.262e+00          -1.149e+01             218.920           3.114e+00             303.755           1.464e+01     
  75.000         180.000            3.258e+00          -1.126e+01             219.390           3.102e+00             303.392           1.441e+01     
  74.000         180.000            3.251e+00          -1.104e+01             219.823           3.087e+00             303.012           1.419e+01     
  73.000         180.000            3.243e+00          -1.083e+01             220.223           3.069e+00             302.616           1.398e+01     
  72.000         180.000            3.232e+00          -1.063e+01             220.592           3.050e+00             302.204           1.378e+01     
  71.000         180.000            3.220e+00          -1.043e+01             220.932           3.028e+00             301.775           1.358e+01     
  70.000         180.000            3.205e+00          -1.025e+01             221.247           3.004e+00             301.330           1.340e+01     
  69.000         180.000            3.188e+00          -1.007e+01             221.538           2.978e+00             300.869           1.322e+01     
  68.000         180.000            3.168e+00          -9.903e+00             221.807           2.949e+00             300.391           1.304e+01     
  67.000         180.000            3.146e+00          -9.743e+00             222.056           2.917e+00             299.896           1.288e+01     
  66.000         180.000            3.122e+00          -9.591e+00             222.286           2.883e+00             299.385           1.272e+01     
  65.000         180.000            3.096e+00          -9.446e+00             222.499           2.847e+00             298.857           1.257e+01     
  64.000         180.000            3.067e+00          -9.309e+00             222.696           2.808e+00             298.311           1.243e+01     
  63.000         180.000            3.035e+00          -9.180e+00             222.878           2.767e+00             297.748           1.229e+01     
  62.000         180.000            3.001e+00          -9.059e+00             223.047           2.722e+00             297.167           1.216e+01     
  61.000         180.000            2.965e+00          -8.945e+00             223.203           2.676e+00             296.569           1.204e+01     
  60.000         180.000            2.926e+00          -8.838e+00             223.348           2.626e+00             295.952           1.193e+01     
  59.000         180.000            2.884e+00          -8.739e+00             223.481           2.574e+00             295.316           1.182e+01     
  58.000         180.000            2.840e+00          -8.647e+00             223.605           2.520e+00             294.662           1.173e+01     
  57.000         180.000            2.793e+00          -8.562e+00             223.719           2.463e+00             293.989           1.163e+01     
  56.000         180.000            2.743e+00          -8.485e+00             223.824           2.403e+00             293.296           1.155e+01     
  55.000         180.000            2.691e+00          -8.416e+00             223.921           2.340e+00             292.583           1.148e+01     
  54.000         180.000            2.636e+00          -8.353e+00             224.011           2.276e+00             291.850           1.141e+01     
  53.000         180.000            2.578e+00          -8.298e+00             224.093           2.208e+00             291.096           1.135e+01     
  52.000         180.000            2.518e+00          -8.251e+00             224.170           2.138e+00             290.322           1.130e+01     
  51.000         180.000            2.455e+00          -8.211e+00             224.240           2.066e+00             289.526           1.126e+01     
  50.000         180.000            2.390e+00          -8.179e+00             224.304           1.991e+00             288.708           1.123e+01     
  49.000         180.000            2.322e+00          -8.154e+00             224.363           1.915e+00             287.869           1.122e+01     
  48.000         180.000            2.252e+00          -8.138e+00             224.417           1.836e+00             287.007           1.121e+01     
  47.000         180.000            2.180e+00          -8.129e+00             224.467           1.755e+00             286.123           1.121e+01     
  46.000         180.000            2.105e+00          -8.128e+00             224.513           1.672e+00             285.216           1.122e+01     
  45.000         180.000            2.028e+00          -8.136e+00             224.554           1.588e+00             284.285           1.125e+01     
  44.000         180.000            1.949e+00          -8.151e+00             224.592           1.502e+00             283.332           1.129e+01     
  43.000         180.000            1.867e+00          -8.176e+00             224.626           1.415e+00             282.356           1.134e+01     
  42.000         180.000            1.785e+00          -8.209e+00             224.658           1.326e+00             281.357           1.140e+01     
  41.000         180.000            1.700e+00          -8.251e+00             224.686           1.237e+00             280.335           1.148e+01     
  40.000         180.000            1.614e+00          -8.302e+00             224.712           1.147e+00             279.291           1.158e+01     
  39.000         180.000            1.526e+00          -8.362e+00             224.736           1.056e+00             278.225           1.169e+01     
  38.000         180.000            1.437e+00          -8.432e+00             224.757           9.651e-01             277.137           1.181e+01     
  37.000         180.000            1.348e+00          -8.512e+00             224.776           8.743e-01             276.028           1.196e+01     
  36.000         180.000            1.257e+00          -8.603e+00             224.794           7.838e-01             274.900           1.212e+01     
  35.000         180.000            1.166e+00          -8.704e+00             224.809           6.939e-01             273.753           1.230e+01     
  34.000         180.000            1.075e+00          -8.816e+00             224.824           6.050e-01             272.588           1.250e+01     
  33.000         180.000            9.834e-01          -8.940e+00             224.837           5.172e-01             271.408           1.271e+01     
  32.000         180.000            8.921e-01          -9.075e+00             224.848           4.309e-01             270.214           1.295e+01     
  31.000         180.000            8.013e-01          -9.223e+00             224.859           3.464e-01             269.007           1.322e+01     
  30.000         180.000            7.112e-01          -9.384e+00             224.869           2.640e-01             267.791           1.350e+01     
  29.000         180.000            6.220e-01          -9.558e+00             224.878           1.840e-01             266.568           1.381e+01     
  28.000         180.000            5.340e-01          -9.747e+00             224.887           1.066e-01             265.339           1.414e+01     
  27.000         180.000            4.475e-01          -9.951e+00             224.895           3.205e-02             264.109           1.449e+01     
  26.000         180.000            3.628e-01          -1.017e+01             224.904          -3.937e-02             262.881           1.488e+01     
  25.000         180.000            2.800e-01          -1.041e+01             224.912          -1.075e-01             261.657           1.528e+01     
  24.000         180.000            1.995e-01          -1.066e+01             224.920          -1.721e-01             260.442           1.572e+01     
  23.000         180.000            1.214e-01          -1.094e+01             224.929          -2.331e-01             259.238           1.618e+01     
  22.000         180.000            4.605e-02          -1.123e+01             224.938          -2.904e-01             258.050           1.668e+01     
  21.000         180.000           -2.649e-02          -1.155e+01             224.948          -3.439e-01             256.882           1.720e+01     
  20.000         180.000           -9.599e-02          -1.189e+01             224.959          -3.936e-01             255.737           1.776e+01     
  19.000         180.000           -1.623e-01          -1.225e+01             224.972          -4.395e-01             254.619           1.835e+01     
  18.000         180.000           -2.253e-01          -1.264e+01             224.986          -4.815e-01             253.533           1.898e+01     
  17.000         180.000           -2.849e-01          -1.307e+01             225.002          -5.199e-01             252.482           1.964e+01     
  16.000         180.000           -3.410e-01          -1.353e+01             225.021          -5.546e-01             251.469           2.035e+01     
  15.000         180.000           -3.935e-01          -1.402e+01             225.043          -5.859e-01             250.500           2.109e+01     
  14.000         180.000           -4.423e-01          -1.456e+01             225.069          -6.138e-01             249.576           2.188e+01     
  13.000         180.000           -4.876e-01          -1.515e+01             225.100          -6.386e-01             248.702           2.272e+01     
  12.000         180.000           -5.293e-01          -1.580e+01             225.137          -6.604e-01             247.881           2.361e+01     
  11.000         180.000           -5.673e-01          -1.650e+01             225.183          -6.794e-01             247.115           2.457e+01     
  10.000         180.000           -6.017e-01          -1.729e+01             225.239          -6.959e-01             246.407           2.560e+01     
   9.000         180.000           -6.327e-01          -1.817e+01             225.308          -7.100e-01             245.760           2.672e+01     
   8.000         180.000           -6.601e-01          -1.915e+01             225.397          -7.220e-01             245.176           2.795e+01     
   7.000         180.000           -6.841e-01          -2.028e+01             225.514          -7.320e-01             244.658           2.932e+01     
   6.000         180.000           -7.047e-01          -2.160e+01             225.671          -7.402e-01             244.206           3.087e+01     
   5.000         180.000           -7.220e-01          -2.316e+01             225.894          -7.468e-01             243.822           3.269e+01     
   4.000         180.000           -7.360e-01          -2.508e+01             226.233          -7.520e-01             243.508           3.490e+01     
   3.000         180.000           -7.468e-01          -2.756e+01             226.801          -7.559e-01             243.265           3.778e+01     
   2.000         180.000           -7.544e-01          -3.107e+01             227.943          -7.585e-01             243.093           4.000e+01     
   1.000         180.000           -7.589e-01          -3.706e+01             231.372          -7.599e-01             242.993           4.000e+01     
