FILENAME,E:\T_23\23_USP\ACQUIREDDATA\PHF06.MDB,
STEP,1,0,0,0,FORWARD,
SCAN,61,15,-15,0.5,REVERSE,
FREQ,SINGLE,1,6,
BEAM,1,
AXIS,0,
BINS,2,
SELECTED SCAN,ALL,
SELECTED FREQ,ALL,
SELECTED BEAM,ALL,
SELECTED BINS,ALL,
DATA_START,
-036.064,165.6946,-047.820,-116.3652,
-036.214,178.4658,-048.308,-116.5714,
-036.361,-171.6991,-048.627,-116.5502,
-036.577,-162.8986,-048.340,-116.4414,
-036.735,-152.4734,-047.852,-116.3561,
-036.803,-141.6438,-047.633,-116.3289,
-036.757,-131.2521,-047.745,-116.3624,
-036.583,-124.1958,-048.019,-116.4082,
-036.264,-118.6134,-048.154,-116.4120,
-035.837,-111.7951,-047.913,-116.3508,
-035.343,-102.8896,-047.768,-116.3409,
-034.770,-092.6811,-047.840,-116.4144,
-034.139,-081.8002,-048.128,-116.4194,
-033.502,-071.7372,-048.411,-116.4323,
-032.817,-063.0555,-048.597,-116.4607,
-032.165,-054.7777,-048.611,-116.4737,
-031.502,-046.2362,-048.574,-116.4569,
-030.874,-038.3465,-048.443,-116.4601,
-030.298,-029.9505,-048.442,-116.4359,
-029.766,-021.6040,-048.465,-116.4671,
-029.279,-013.1521,-048.395,-116.4286,
-028.856,-004.5034,-048.250,-116.5129,
-028.438,003.7019,-047.975,-116.4817,
-028.043,011.6542,-047.770,-116.4007,
-027.703,019.5196,-047.637,-116.3700,
-027.419,026.4330,-047.616,-116.3705,
-027.224,032.8998,-047.772,-116.3902,
-027.082,039.5925,-047.899,-116.4331,
-026.984,046.4990,-047.975,-116.4878,
-026.925,052.9812,-048.062,-116.4685,
-026.912,058.3281,-048.038,-116.4533,
-026.938,063.8434,-047.939,-116.4157,
-026.993,070.2826,-047.804,-116.4000,
-027.084,075.3461,-047.874,-116.4062,
-027.227,079.3205,-047.943,-116.4233,
-027.425,081.8351,-047.812,-116.4104,
-027.682,084.8137,-047.608,-116.3854,
-027.987,088.0330,-047.444,-116.3736,
-028.354,090.0574,-047.422,-116.3554,
-028.756,093.1642,-047.680,-116.3861,
-029.146,094.8795,-048.000,-116.4400,
-029.565,096.4311,-048.127,-116.4498,
-030.040,097.5668,-048.285,-116.4652,
-030.560,098.9180,-048.200,-116.4331,
-031.148,100.6919,-048.081,-116.3900,
-031.772,102.9405,-047.875,-116.3366,
-032.406,105.2294,-047.920,-116.3354,
-033.050,106.4650,-047.964,-116.3366,
-033.700,107.9179,-047.979,-116.3392,
-034.344,109.4966,-048.002,-116.3371,
-034.959,111.0110,-047.922,-116.3255,
-035.551,113.0979,-047.778,-116.3003,
-036.081,117.4506,-047.850,-116.3101,
-036.521,120.2823,-047.970,-116.3280,
-036.849,122.4801,-048.135,-116.3726,
-037.029,122.9949,-048.027,-116.3634,
-037.089,123.1646,-047.758,-116.3181,
-037.047,122.7440,-047.622,-116.2815,
-036.938,121.0794,-047.540,-116.2616,
-036.767,119.3206,-047.569,-116.2591,
-036.605,117.4371,-047.652,-116.2849,
DATA_END,
