FILENAME,E:\T_23\23_USP\ACQUIREDDATA\PHF09.MDB,
STEP,1,0,0,0,FORWARD,
SCAN,61,-15,15,0.5,FORWARD,
FREQ,SINGLE,1,9,
BEAM,1,
AXIS,0,
BINS,2,
SELECTED SCAN,ALL,
SELECTED FREQ,ALL,
SELECTED BEAM,ALL,
SELECTED BINS,ALL,
DATA_START,
-045.635,141.9926,-050.756,-110.2350,
-045.640,161.9810,-050.787,-110.2389,
-045.684,-179.2399,-050.793,-110.3134,
-045.700,-162.2756,-050.865,-110.2594,
-045.698,-146.0694,-050.865,-110.2533,
-045.628,-131.2488,-050.847,-110.2523,
-045.498,-116.8837,-050.834,-110.2552,
-045.253,-103.2392,-050.805,-110.2682,
-044.887,-089.9867,-050.777,-110.3205,
-044.431,-076.9025,-050.764,-110.2883,
-043.881,-063.4292,-050.765,-110.2742,
-043.277,-049.9649,-050.818,-110.2866,
-042.634,-036.4156,-050.876,-110.2977,
-041.961,-023.2864,-050.803,-110.2718,
-041.316,-010.6550,-050.748,-110.2758,
-040.668,002.4005,-050.730,-110.3130,
-040.049,015.4978,-050.736,-110.2592,
-039.492,027.9215,-050.748,-110.2689,
-038.975,039.5152,-050.782,-110.3038,
-038.527,051.4245,-050.778,-110.3039,
-038.124,062.4327,-050.792,-110.3021,
-037.783,072.8196,-050.814,-110.3087,
-037.505,082.9856,-050.818,-110.3224,
-037.259,092.7751,-050.779,-110.3061,
-037.063,101.7284,-050.781,-110.2512,
-036.909,110.0722,-050.828,-110.2543,
-036.776,117.9392,-050.868,-110.2736,
-036.702,125.4871,-050.865,-110.2974,
-036.627,132.2858,-050.823,-110.2829,
-036.592,138.9111,-050.847,-110.2963,
-036.591,145.2377,-050.910,-110.2787,
-036.640,151.1889,-050.929,-110.2840,
-036.729,156.2918,-050.921,-110.2837,
-036.868,160.8949,-050.897,-110.2665,
-037.053,165.1760,-050.845,-110.2682,
-037.280,168.0222,-050.774,-110.2590,
-037.545,170.1184,-050.797,-110.2748,
-037.843,171.7739,-050.830,-110.2935,
-038.183,172.8863,-050.816,-110.2850,
-038.576,173.3406,-050.826,-110.2900,
-039.022,173.6035,-050.842,-110.2970,
-039.521,173.7482,-050.839,-110.2807,
-040.047,173.8961,-050.806,-110.2814,
-040.628,173.2141,-050.843,-110.2797,
-041.214,172.5889,-050.894,-110.2851,
-041.831,171.6364,-050.916,-110.2892,
-042.465,170.5505,-050.894,-110.2719,
-043.093,169.5040,-050.854,-110.2612,
-043.702,168.5508,-050.833,-110.2631,
-044.286,167.5887,-050.769,-110.2602,
-044.797,166.4806,-050.737,-110.2456,
-045.236,165.5291,-050.770,-110.2555,
-045.554,163.5781,-050.747,-110.2252,
-045.789,161.2881,-050.806,-110.2407,
-045.953,157.8785,-050.808,-110.2422,
-046.031,153.5304,-050.856,-110.2439,
-046.026,148.3780,-050.869,-110.2629,
-045.979,141.9592,-050.809,-110.2428,
-045.908,134.5290,-050.788,-110.2228,
-045.814,125.2327,-050.797,-110.2385,
-045.759,115.0200,-050.771,-110.2320,
DATA_END,
