FILENAME,E:\T_23\23_USP\ACQUIREDDATA\PHF085.MDB,
STEP,1,0,0,0,FORWARD,
SCAN,61,15,-15,0.5,REVERSE,
FREQ,SINGLE,1,8.45,
BEAM,1,
AXIS,0,
BINS,2,
SELECTED SCAN,ALL,
SELECTED FREQ,ALL,
SELECTED BEAM,ALL,
SELECTED BINS,ALL,
DATA_START,
-041.479,147.7737,-048.114,-109.7126,
-041.671,156.0602,-048.070,-109.7160,
-041.832,163.6644,-048.019,-109.7082,
-041.913,170.0106,-048.032,-109.7087,
-041.869,174.5926,-048.018,-109.7570,
-041.713,178.0163,-048.048,-109.7855,
-041.466,-179.3075,-048.089,-109.7975,
-041.086,-176.6643,-048.055,-109.7897,
-040.629,-174.2759,-048.000,-109.7532,
-040.046,-171.6475,-048.011,-109.7467,
-039.390,-169.3362,-048.062,-109.7452,
-038.690,-167.2985,-048.075,-109.7511,
-037.968,-164.9951,-048.068,-109.7495,
-037.264,-162.6313,-048.107,-109.7589,
-036.582,-160.7347,-048.123,-109.7499,
-035.930,-159.3259,-048.127,-109.7552,
-035.322,-157.7878,-048.075,-109.7499,
-034.776,-156.3711,-048.067,-109.7456,
-034.286,-155.6011,-048.061,-109.7559,
-033.809,-155.1689,-048.052,-109.7425,
-033.378,-155.1464,-048.055,-109.7402,
-032.982,-155.5607,-048.055,-109.7471,
-032.617,-156.4915,-048.058,-109.7557,
-032.285,-157.9838,-048.033,-109.7532,
-031.996,-160.0512,-048.072,-109.7708,
-031.750,-162.7735,-048.146,-109.7807,
-031.537,-165.6826,-048.164,-109.7783,
-031.371,-168.8077,-048.170,-109.7879,
-031.254,-173.1218,-048.179,-109.8160,
-031.176,-177.9996,-048.114,-109.8305,
-031.136,177.1930,-048.067,-109.8079,
-031.138,171.7401,-048.061,-109.7674,
-031.181,165.4577,-048.113,-109.7553,
-031.260,158.5527,-048.127,-109.7599,
-031.363,151.4241,-048.112,-109.7596,
-031.505,143.3644,-048.089,-109.7713,
-031.668,134.9526,-048.031,-109.7453,
-031.870,126.1053,-048.030,-109.7375,
-032.109,116.7621,-048.076,-109.7549,
-032.389,106.9199,-048.071,-109.7577,
-032.709,096.9277,-048.082,-109.7766,
-033.067,086.3971,-048.097,-109.7984,
-033.478,075.4997,-048.116,-109.7780,
-033.932,064.4253,-048.163,-109.7839,
-034.425,052.8468,-048.196,-109.7899,
-034.958,040.6736,-048.174,-109.7812,
-035.554,028.2160,-048.134,-109.7568,
-036.198,015.2233,-048.110,-109.7556,
-036.892,001.9849,-048.088,-109.8105,
-037.605,-011.5822,-048.170,-109.7690,
-038.347,-025.2489,-048.112,-109.7548,
-039.065,-038.7426,-048.053,-109.7505,
-039.731,-052.5903,-048.061,-109.7639,
-040.321,-066.5407,-048.056,-109.7436,
-040.800,-079.9941,-048.057,-109.7558,
-041.158,-093.8186,-048.096,-109.7764,
-041.398,-107.5767,-048.058,-109.7197,
-041.530,-121.6318,-048.044,-109.7173,
-041.548,-135.7030,-048.015,-109.7323,
-041.514,-152.1310,-047.981,-109.6940,
-041.484,-168.3108,-048.035,-109.7244,
DATA_END,
