FILENAME,E:\T_23\23_USP\ACQUIREDDATA\PHF05.MDB,
STEP,1,0,0,0,FORWARD,
SCAN,61,15,-15,0.5,REVERSE,
FREQ,SINGLE,1,5,
BEAM,1,
AXIS,0,
BINS,2,
SELECTED SCAN,ALL,
SELECTED FREQ,ALL,
SELECTED BEAM,ALL,
SELECTED BINS,ALL,
DATA_START,
-036.563,032.7106,-052.813,-116.9042,
-035.957,041.3189,-053.357,-117.0164,
-035.426,045.3514,-053.172,-116.9951,
-034.952,050.5260,-051.970,-116.8292,
-034.491,062.0870,-050.903,-116.6690,
-034.055,075.9364,-050.768,-116.6220,
-033.653,087.0545,-051.693,-116.8198,
-033.271,094.5944,-053.636,-117.0979,
-032.950,094.2615,-055.114,-117.2995,
-032.582,093.8072,-055.191,-117.3297,
-032.274,102.4172,-054.327,-117.1254,
-031.950,117.0419,-053.328,-116.9901,
-031.619,135.6080,-052.697,-116.8944,
-031.308,150.8090,-052.831,-116.9210,
-031.020,162.6690,-053.413,-117.0001,
-030.719,166.9198,-054.109,-117.0898,
-030.457,167.2418,-054.117,-117.0887,
-030.183,170.0146,-053.513,-117.0210,
-029.946,178.4247,-053.027,-117.0290,
-029.708,-169.8006,-053.508,-116.9896,
-029.501,-160.0172,-054.821,-117.1498,
-029.308,-157.7786,-056.165,-117.4097,
-029.128,-159.3836,-056.222,-117.4410,
-028.962,-154.2901,-055.643,-117.3317,
-028.797,-147.9099,-056.058,-117.4285,
-028.669,-144.1637,-056.931,-117.6506,
-028.546,-150.2841,-057.282,-117.7413,
-028.440,-153.4737,-056.094,-117.4272,
-028.363,-149.2763,-054.850,-117.1982,
-028.317,-141.2524,-054.176,-117.1111,
-028.264,-134.9680,-053.956,-117.0860,
-028.248,-129.7960,-053.674,-117.0391,
-028.224,-126.1606,-053.453,-117.0150,
-028.245,-122.3101,-053.052,-116.9631,
-028.290,-119.3550,-052.819,-116.9312,
-028.360,-118.9561,-052.632,-116.9051,
-028.446,-121.4004,-052.567,-116.8935,
-028.544,-124.0682,-052.251,-116.8317,
-028.656,-125.0758,-052.075,-116.8141,
-028.777,-124.7167,-052.065,-116.8113,
-028.936,-122.7912,-052.246,-116.8378,
-029.088,-120.7695,-052.253,-116.8242,
-029.277,-118.8764,-052.602,-116.8583,
-029.454,-116.7044,-052.875,-116.8959,
-029.670,-116.7064,-053.101,-116.9267,
-029.911,-120.2786,-053.778,-117.0269,
-030.149,-124.7007,-054.170,-117.0904,
-030.415,-130.4686,-054.486,-117.1552,
-030.695,-135.0172,-054.707,-117.2061,
-031.017,-140.5041,-055.142,-117.2591,
-031.355,-147.0216,-055.148,-117.2543,
-031.700,-152.2517,-054.597,-117.1595,
-032.065,-156.0499,-053.681,-117.0056,
-032.424,-157.2202,-052.760,-116.8995,
-032.800,-157.3913,-052.236,-116.8175,
-033.210,-156.7198,-052.066,-116.7979,
-033.634,-159.4609,-052.514,-116.8682,
-034.076,-165.0210,-052.816,-116.8843,
-034.479,-171.8847,-052.728,-116.9089,
-034.955,-177.1683,-052.398,-116.9559,
-035.441,178.7648,-052.140,-116.9148,
DATA_END,
