FILENAME,E:\T_23\23_USP\ACQUIREDDATA\PHF08.MDB,
STEP,1,0,0,0,FORWARD,
SCAN,61,-15,15,0.5,FORWARD,
FREQ,SINGLE,1,8,
BEAM,1,
AXIS,0,
BINS,2,
SELECTED SCAN,ALL,
SELECTED FREQ,ALL,
SELECTED BEAM,ALL,
SELECTED BINS,ALL,
DATA_START,
-037.359,-053.6401,-054.965,-117.4428,
-036.877,-044.5618,-054.954,-117.3946,
-036.504,-037.5948,-054.629,-117.3551,
-036.234,-033.4799,-054.435,-117.3071,
-036.045,-030.9513,-054.545,-117.3271,
-035.930,-026.1995,-054.639,-117.3288,
-035.876,-022.1689,-054.734,-117.3472,
-035.859,-020.0104,-054.529,-117.3444,
-035.890,-019.3842,-054.420,-117.3226,
-035.917,-019.6955,-054.440,-117.3179,
-035.939,-021.0719,-054.432,-117.3108,
-035.902,-022.7931,-054.511,-117.3087,
-035.783,-025.3394,-054.606,-117.3309,
-035.587,-029.5879,-054.487,-117.3229,
-035.269,-034.6416,-054.527,-117.3321,
-034.866,-039.9323,-054.591,-117.3647,
-034.373,-043.5798,-054.739,-117.3660,
-033.820,-047.8643,-054.873,-117.3860,
-033.230,-052.8083,-054.945,-117.4125,
-032.617,-058.0397,-055.116,-117.4285,
-032.014,-062.6934,-055.202,-117.4758,
-031.466,-067.6476,-055.007,-117.4539,
-030.949,-072.5869,-054.771,-117.4091,
-030.495,-078.1071,-054.465,-117.3670,
-030.128,-084.0277,-054.402,-117.3941,
-029.811,-090.3651,-054.570,-117.4748,
-029.549,-095.6159,-054.794,-117.4743,
-029.361,-101.4299,-054.870,-117.4340,
-029.224,-107.8520,-054.918,-117.4695,
-029.148,-114.4574,-054.792,-117.4414,
-029.144,-121.3536,-054.649,-117.4122,
-029.197,-127.6765,-054.391,-117.3938,
-029.305,-133.9680,-054.497,-117.4275,
-029.495,-140.9845,-054.476,-117.4043,
-029.745,-149.8992,-054.572,-117.3908,
-030.070,-158.9007,-054.737,-117.3667,
-030.472,-166.6430,-054.878,-117.4196,
-030.932,-175.7852,-054.878,-117.5238,
-031.470,174.3674,-054.840,-117.4951,
-032.064,165.5917,-054.870,-117.4822,
-032.692,156.0064,-054.869,-117.4348,
-033.316,146.5476,-055.004,-117.4622,
-033.941,137.3838,-055.054,-117.4881,
-034.514,128.6557,-054.975,-117.4626,
-035.016,118.2049,-054.929,-117.4570,
-035.455,108.3244,-055.117,-117.4992,
-035.782,100.4053,-055.039,-117.4657,
-035.992,089.8166,-054.851,-117.5317,
-036.082,077.4724,-054.761,-117.4566,
-036.063,065.4606,-055.085,-117.4844,
-035.981,055.2832,-055.133,-117.4965,
-035.862,043.0634,-054.706,-117.4659,
-035.785,028.2130,-054.458,-117.3897,
-035.741,011.5817,-054.538,-117.4307,
-035.788,-002.2171,-054.923,-117.5432,
-035.902,-017.0413,-055.024,-117.4056,
-036.115,-035.1334,-054.949,-117.4061,
-036.451,-055.2972,-055.325,-117.4861,
-036.853,-074.8023,-055.750,-117.5472,
-037.332,-094.2488,-055.869,-117.6444,
-037.852,-114.6918,-055.330,-117.5018,
DATA_END,
