FILENAME,E:\T_23\23_USP\ACQUIREDDATA\PHF07.MDB,
STEP,1,0,0,0,FORWARD,
SCAN,61,15,-15,0.5,REVERSE,
FREQ,SINGLE,1,7.5,
BEAM,1,
AXIS,0,
BINS,2,
SELECTED SCAN,ALL,
SELECTED FREQ,ALL,
SELECTED BEAM,ALL,
SELECTED BINS,ALL,
DATA_START,
-036.797,137.8709,-051.046,-116.9105,
-036.320,157.1959,-050.937,-116.8911,
-035.900,174.9951,-050.973,-116.9702,
-035.570,-167.5412,-051.102,-116.8874,
-035.323,-150.4021,-051.325,-116.9116,
-035.178,-134.0763,-051.293,-116.9776,
-035.132,-118.5551,-051.217,-116.9273,
-035.149,-104.6026,-051.128,-116.9181,
-035.193,-091.1863,-051.206,-117.0101,
-035.244,-080.6204,-051.277,-116.9410,
-035.257,-070.8247,-051.158,-116.9216,
-035.197,-060.6627,-051.018,-116.8789,
-035.064,-050.7320,-051.092,-116.9046,
-034.799,-041.2650,-051.249,-116.9175,
-034.432,-032.2519,-051.470,-116.9598,
-033.960,-022.1688,-051.435,-116.9445,
-033.432,-011.6720,-051.418,-116.9301,
-032.838,-002.2861,-051.396,-117.0801,
-032.216,005.9421,-051.325,-117.0433,
-031.563,014.8235,-051.335,-117.0111,
-030.930,023.3554,-051.422,-117.0315,
-030.332,031.7234,-051.374,-117.0063,
-029.809,041.8239,-051.182,-117.0343,
-029.347,052.1004,-051.195,-117.0040,
-028.945,060.9554,-051.242,-116.9941,
-028.579,069.7637,-051.149,-116.9962,
-028.252,078.0614,-051.127,-116.9818,
-028.019,086.0151,-051.269,-117.0569,
-027.839,092.3834,-051.386,-117.1055,
-027.723,098.0778,-051.348,-117.0501,
-027.673,104.6024,-051.322,-117.0161,
-027.706,111.3931,-051.282,-117.0252,
-027.790,117.7011,-051.246,-117.0155,
-027.946,123.8130,-051.210,-117.0181,
-028.155,129.0600,-051.255,-117.0249,
-028.450,134.4951,-051.244,-116.9819,
-028.763,139.1310,-051.212,-116.9915,
-029.115,144.1064,-051.091,-116.9856,
-029.521,147.6915,-051.129,-116.9786,
-029.979,150.4356,-051.098,-116.9454,
-030.488,152.5807,-051.084,-116.9316,
-031.058,156.2528,-051.091,-116.9451,
-031.667,160.5628,-051.197,-116.9464,
-032.270,166.2119,-051.341,-116.9821,
-032.861,171.5220,-051.490,-117.0283,
-033.443,175.4516,-051.535,-117.0711,
-033.963,179.2459,-051.412,-117.0844,
-034.422,-177.3917,-051.297,-117.0506,
-034.790,-173.6935,-051.204,-116.9845,
-035.076,-170.6555,-051.242,-116.9350,
-035.261,-167.6670,-051.386,-116.9231,
-035.377,-165.5341,-051.447,-116.9644,
-035.417,-163.5344,-051.456,-116.9568,
-035.450,-163.5291,-051.435,-116.9673,
-035.462,-164.7958,-051.340,-116.9573,
-035.501,-167.7511,-051.118,-116.9155,
-035.567,-170.7716,-051.120,-116.9541,
-035.655,-174.6408,-051.251,-117.0258,
-035.826,179.3672,-051.495,-117.0986,
-036.083,172.9937,-051.561,-117.0634,
-036.401,166.5216,-051.505,-116.9855,
DATA_END,
