FILENAME,E:\T_23\23_USP\ACQUIREDDATA\PHF063.MDB,
STEP,1,0,0,0,FORWARD,
SCAN,61,-15,15,0.5,FORWARD,
FREQ,SINGLE,1,6.3,
BEAM,1,
AXIS,0,
BINS,2,
SELECTED SCAN,ALL,
SELECTED FREQ,ALL,
SELECTED BEAM,ALL,
SELECTED BINS,ALL,
DATA_START,
-035.750,-038.8858,-053.529,-117.2705,
-035.810,-034.4142,-053.502,-117.2489,
-035.901,-032.2303,-053.221,-117.1998,
-036.000,-032.3350,-052.784,-117.1520,
-036.051,-033.0317,-052.868,-117.1604,
-036.047,-033.9968,-053.197,-117.1945,
-035.950,-033.4301,-053.404,-117.2326,
-035.749,-031.7737,-053.212,-117.1977,
-035.430,-035.0974,-052.944,-117.1711,
-035.003,-038.9603,-052.967,-117.2053,
-034.508,-042.0392,-053.292,-117.2353,
-033.938,-044.2732,-053.335,-117.2259,
-033.299,-046.7358,-053.303,-117.2694,
-032.650,-049.2960,-053.131,-117.2411,
-032.001,-051.3833,-052.904,-117.2006,
-031.353,-052.9351,-052.862,-117.1989,
-030.707,-055.0106,-052.727,-117.2024,
-030.135,-057.3560,-052.725,-117.1916,
-029.619,-059.5938,-052.902,-117.2086,
-029.128,-061.4670,-053.128,-117.2325,
-028.682,-062.3394,-053.480,-117.3257,
-028.212,-064.0602,-053.569,-117.3291,
-027.779,-068.8886,-053.570,-117.3285,
-027.414,-073.7874,-053.618,-117.3225,
-027.145,-078.9299,-053.716,-117.3489,
-026.919,-081.1148,-053.782,-117.3706,
-026.739,-083.4651,-053.497,-117.3777,
-026.597,-086.9350,-053.128,-117.3668,
-026.504,-091.4614,-053.074,-117.3563,
-026.439,-097.1427,-052.914,-117.2743,
-026.441,-104.1241,-053.017,-117.2677,
-026.462,-110.7959,-053.231,-117.2860,
-026.535,-117.1085,-053.345,-117.2898,
-026.641,-123.8773,-053.280,-117.2964,
-026.789,-129.1815,-053.346,-117.3403,
-026.975,-135.1984,-053.252,-117.3517,
-027.216,-141.9628,-053.281,-117.3155,
-027.506,-150.2360,-053.317,-117.2953,
-027.898,-159.2572,-053.776,-117.3625,
-028.342,-166.4568,-053.870,-117.3500,
-028.821,-174.2021,-053.972,-117.4311,
-029.294,177.7154,-053.626,-117.4427,
-029.833,168.6414,-053.435,-117.3282,
-030.441,158.4811,-053.221,-117.3118,
-031.103,148.8803,-053.126,-117.3057,
-031.815,139.3421,-052.967,-117.2746,
-032.551,130.0709,-053.226,-117.3234,
-033.276,119.6449,-053.433,-117.3008,
-034.000,111.9537,-053.704,-117.3204,
-034.656,103.8436,-053.372,-117.2800,
-035.260,092.7994,-053.113,-117.3157,
-035.782,080.7456,-053.144,-117.2934,
-036.163,073.0738,-053.700,-117.3496,
-036.389,069.4353,-053.862,-117.3727,
-036.452,064.4055,-053.295,-117.2800,
-036.405,052.7414,-052.587,-117.2104,
-036.263,038.3598,-052.658,-117.2091,
-036.035,022.9117,-053.364,-117.3063,
-035.827,013.6039,-053.788,-117.3890,
-035.564,002.6736,-053.858,-117.4552,
-035.400,-010.4809,-053.241,-117.2265,
DATA_END,
