FILENAME,E:\T_23\23_USP\ACQUIREDDATA\PHF10.MDB,
STEP,1,0,0,0,FORWARD,
SCAN,61,15,-15,0.5,REVERSE,
FREQ,SINGLE,1,10.5,
BEAM,1,
AXIS,0,
BINS,2,
SELECTED SCAN,ALL,
SELECTED FREQ,ALL,
SELECTED BEAM,ALL,
SELECTED BINS,ALL,
DATA_START,
-039.666,082.6907,-053.088,-110.6852,
-039.525,096.4426,-053.078,-110.6638,
-039.403,109.2260,-053.113,-110.6154,
-039.341,121.2387,-053.197,-110.6536,
-039.314,131.2755,-053.249,-110.6633,
-039.352,140.0412,-053.197,-110.6656,
-039.420,148.0369,-053.191,-110.6444,
-039.483,154.5540,-053.178,-110.6486,
-039.551,160.2283,-053.177,-110.6435,
-039.565,164.5518,-053.244,-110.6357,
-039.514,167.3135,-053.204,-110.6368,
-039.367,169.0318,-053.187,-110.6323,
-039.091,169.8257,-053.168,-110.6507,
-038.730,170.0996,-053.214,-110.6512,
-038.232,170.1813,-053.222,-110.6788,
-037.665,169.7413,-053.191,-110.6626,
-037.050,169.0354,-053.188,-110.6524,
-036.413,168.1043,-053.217,-110.6531,
-035.765,167.1940,-053.178,-110.6552,
-035.147,165.9061,-053.174,-110.6555,
-034.576,163.7679,-053.102,-110.6352,
-034.048,162.0196,-053.060,-110.6427,
-033.559,159.9433,-053.108,-110.6215,
-033.110,157.8291,-053.145,-110.6239,
-032.727,155.7765,-053.139,-110.6366,
-032.380,153.1260,-053.176,-110.6406,
-032.089,149.8382,-053.230,-110.6495,
-031.845,145.1062,-053.195,-110.6601,
-031.667,139.4541,-053.105,-110.6598,
-031.528,132.8462,-053.068,-110.6593,
-031.434,125.4969,-053.031,-110.6499,
-031.417,118.4740,-053.038,-110.6410,
-031.452,110.9187,-053.107,-110.6428,
-031.560,102.5912,-053.159,-110.6379,
-031.710,093.9307,-053.207,-110.7181,
-031.930,084.6662,-053.238,-110.7223,
-032.185,075.0842,-053.254,-110.7307,
-032.493,065.1702,-053.323,-110.7202,
-032.846,053.8864,-053.332,-110.7100,
-033.281,041.7584,-053.268,-110.7494,
-033.743,030.0737,-053.179,-110.6975,
-034.238,017.7147,-053.155,-110.6567,
-034.773,004.8512,-053.155,-110.6993,
-035.332,-007.8390,-053.207,-110.6990,
-035.919,-020.8111,-053.195,-110.6777,
-036.551,-033.7334,-053.154,-110.6651,
-037.187,-047.1357,-053.183,-110.6695,
-037.786,-060.4488,-053.250,-110.6777,
-038.314,-074.4224,-053.276,-110.7031,
-038.775,-088.3976,-053.190,-110.6969,
-039.106,-102.6863,-053.176,-110.6315,
-039.312,-117.7548,-053.133,-110.6159,
-039.426,-133.9610,-053.167,-110.6733,
-039.461,-151.2997,-053.170,-110.6547,
-039.408,-169.7303,-053.144,-110.6257,
-039.294,170.5056,-053.119,-110.6408,
-039.187,149.4207,-053.186,-110.6286,
-039.085,126.9274,-053.215,-110.6556,
-039.027,105.0771,-053.238,-110.6184,
-038.996,079.6634,-053.265,-110.7081,
-039.081,055.1415,-053.163,-110.6783,
DATA_END,
