FILENAME,E:\T_23\23_USP\ACQUIREDDATA\PHF12.MDB,
STEP,1,0,0,0,FORWARD,
SCAN,61,15,-15,0.5,REVERSE,
FREQ,SINGLE,1,12.5,
BEAM,1,
AXIS,0,
BINS,2,
SELECTED SCAN,ALL,
SELECTED FREQ,ALL,
SELECTED BEAM,ALL,
SELECTED BINS,ALL,
DATA_START,
-038.683,-017.1753,-041.868,154.8493,
-038.659,005.3260,-041.959,154.7295,
-038.616,023.9220,-041.998,154.8137,
-038.610,043.2861,-041.882,154.8266,
-038.588,059.6928,-042.023,154.8108,
-038.597,073.4162,-041.901,154.8380,
-038.607,087.1484,-041.973,154.7140,
-038.624,096.0031,-042.012,154.7081,
-038.535,105.9902,-041.816,154.8214,
-038.328,114.1293,-042.094,154.7404,
-037.944,119.2623,-041.957,154.7773,
-037.427,126.7561,-041.881,154.7770,
-036.741,132.0822,-042.078,154.6992,
-035.988,137.3598,-041.795,154.7803,
-035.199,143.4256,-041.912,154.7636,
-034.397,147.9193,-041.960,154.7373,
-033.624,152.8814,-041.918,154.7744,
-032.866,157.4988,-041.832,154.8057,
-032.162,162.1622,-041.853,154.7456,
-031.477,165.4799,-041.836,154.7740,
-030.858,169.1373,-041.896,154.7650,
-030.319,172.0081,-041.955,154.7243,
-029.848,173.7788,-042.052,154.6598,
-029.444,174.1478,-042.055,154.6409,
-029.093,173.7044,-041.986,154.6920,
-028.826,174.0920,-041.829,154.7298,
-028.610,174.9664,-041.942,154.7070,
-028.435,173.4170,-041.939,154.7349,
-028.348,172.0577,-041.991,154.7158,
-028.306,168.9870,-042.004,154.7400,
-028.317,165.5418,-042.014,154.7377,
-028.420,161.1578,-041.936,154.7688,
-028.542,155.3418,-041.923,154.7508,
-028.717,148.0962,-041.889,154.7586,
-028.932,141.5096,-041.894,154.7335,
-029.227,133.2404,-041.842,154.7568,
-029.559,124.2700,-041.865,154.7815,
-029.979,115.2622,-041.946,154.7635,
-030.473,105.7115,-041.929,154.7692,
-031.073,094.9475,-041.860,154.7329,
-031.761,083.8662,-041.841,154.7800,
-032.506,072.5991,-041.931,154.7893,
-033.319,061.0370,-041.820,154.8333,
-034.134,048.0535,-041.813,154.8268,
-034.921,035.1876,-041.893,154.8154,
-035.678,023.1815,-041.984,154.7823,
-036.386,010.8989,-041.903,154.8147,
-036.961,-002.4883,-041.890,154.7017,
-037.376,-014.9690,-041.915,154.8136,
-037.641,-027.5503,-041.917,154.7964,
-037.786,-041.4104,-041.751,154.8498,
-037.848,-056.4170,-041.824,154.8301,
-037.879,-073.6134,-041.880,154.8172,
-037.915,-092.5465,-041.860,154.7526,
-037.946,-114.5343,-041.857,154.8150,
-037.930,-139.0372,-041.910,154.8013,
-037.812,-164.6929,-041.885,154.8218,
-037.644,168.9083,-041.830,154.8341,
-037.569,143.4936,-041.883,154.7842,
-037.649,114.3304,-041.940,154.7618,
-037.900,086.8424,-042.021,154.6986,
DATA_END,
