FILENAME,E:\T_23\23_USP\ACQUIREDDATA\PHF18.MDB,
STEP,1,0,0,0,FORWARD,
SCAN,61,-15,15,0.5,FORWARD,
FREQ,SINGLE,1,18,
BEAM,1,
AXIS,0,
BINS,2,
SELECTED SCAN,ALL,
SELECTED FREQ,ALL,
SELECTED BEAM,ALL,
SELECTED BINS,ALL,
DATA_START,
-043.871,163.1059,-045.237,153.8145,
-043.971,-166.6572,-045.263,153.8078,
-043.436,-135.8637,-045.190,153.8114,
-042.322,-104.4704,-045.184,153.8344,
-040.918,-073.8384,-045.262,153.8055,
-039.532,-042.6809,-045.176,153.7897,
-038.434,-011.4475,-045.200,153.7918,
-037.636,020.6472,-045.219,153.7926,
-036.912,053.3449,-045.200,153.7784,
-036.214,085.0658,-045.246,153.7199,
-035.593,115.5314,-045.251,153.7648,
-035.140,143.2968,-045.161,153.7636,
-034.866,169.1043,-045.170,153.7906,
-034.818,-167.0351,-045.224,153.7928,
-034.859,-144.7464,-045.187,153.7757,
-034.919,-122.9952,-045.186,153.7845,
-034.923,-103.7533,-045.258,153.7617,
-034.828,-087.1585,-045.196,153.7083,
-034.581,-072.4243,-045.252,153.7783,
-034.185,-060.0289,-045.248,153.7669,
-033.681,-048.0047,-045.173,153.7685,
-033.103,-037.4222,-045.222,153.7648,
-032.491,-027.2547,-045.204,153.8164,
-031.883,-016.6613,-045.237,153.7810,
-031.306,-006.4039,-045.207,153.7342,
-030.769,003.9022,-045.186,153.7113,
-030.288,013.5879,-045.244,153.7925,
-029.864,022.5937,-045.204,153.7775,
-029.515,031.1563,-045.254,153.7660,
-029.260,038.0105,-045.269,153.7207,
-029.122,044.4832,-045.193,153.7560,
-029.103,049.4971,-045.220,153.7425,
-029.214,054.4451,-045.126,153.7778,
-029.388,058.8239,-045.188,153.7880,
-029.628,061.3260,-045.188,153.8035,
-029.971,064.4871,-045.313,153.7728,
-030.446,066.0879,-045.254,153.7739,
-031.038,066.7765,-045.072,153.8151,
-031.697,066.3852,-045.036,153.8189,
-032.410,065.7740,-045.086,153.8245,
-033.134,065.2211,-045.177,153.8152,
-033.801,064.0131,-045.166,153.8281,
-034.346,062.3682,-045.190,153.8025,
-034.740,059.9883,-045.138,153.8091,
-035.034,056.8023,-045.159,153.8178,
-035.199,051.2896,-045.121,153.8007,
-035.304,045.1508,-045.195,153.7638,
-035.456,035.6389,-045.152,153.7976,
-035.558,023.8848,-045.196,153.7983,
-035.706,010.8870,-045.017,153.8377,
-035.930,-006.1988,-045.348,153.7143,
-036.206,-022.0955,-044.944,153.8829,
-036.580,-041.0327,-045.336,153.7477,
-037.167,-060.8601,-044.975,153.8563,
-037.918,-079.6391,-045.214,153.8169,
-038.905,-102.6440,-045.181,153.8143,
-040.054,-123.9794,-045.203,153.8019,
-041.293,-146.4128,-045.160,153.8411,
-042.399,-168.0041,-045.132,153.8387,
-043.514,170.0271,-045.165,153.8025,
-044.262,150.4670,-045.077,153.8241,
DATA_END,
