FILENAME,E:\T_23\23_USP\ACQUIREDDATA\PHF11.MDB,
STEP,1,0,0,0,FORWARD,
SCAN,61,-15,15,0.5,FORWARD,
FREQ,SINGLE,1,11,
BEAM,1,
AXIS,0,
BINS,2,
SELECTED SCAN,ALL,
SELECTED FREQ,ALL,
SELECTED BEAM,ALL,
SELECTED BINS,ALL,
DATA_START,
-039.625,000.7309,-051.457,-110.4705,
-039.345,027.3990,-051.385,-110.3989,
-039.158,054.0278,-051.451,-110.4261,
-039.076,079.2770,-051.394,-110.4358,
-039.074,102.7264,-051.401,-110.3933,
-039.099,125.1367,-051.376,-110.3863,
-039.139,145.8636,-051.375,-110.3938,
-039.169,166.8279,-051.563,-110.4093,
-039.172,-174.8234,-051.390,-110.4279,
-039.140,-156.0585,-051.373,-110.3778,
-038.956,-140.5558,-051.426,-110.4050,
-038.699,-125.0105,-051.426,-110.3913,
-038.325,-110.2220,-051.442,-110.3895,
-037.880,-095.9908,-051.407,-110.4157,
-037.360,-082.6169,-051.314,-110.4128,
-036.782,-069.3378,-051.278,-110.3912,
-036.186,-056.0008,-051.298,-110.4081,
-035.610,-043.5000,-051.357,-110.4437,
-035.088,-030.9350,-051.392,-110.4198,
-034.580,-018.4361,-051.401,-110.4194,
-034.124,-006.2591,-051.439,-110.4677,
-033.718,005.7566,-051.502,-110.4806,
-033.350,017.4791,-051.473,-110.4413,
-033.020,028.2216,-051.470,-110.4503,
-032.744,038.9778,-051.409,-110.4686,
-032.527,049.0672,-051.374,-110.4637,
-032.353,058.6308,-051.399,-110.4295,
-032.238,067.6180,-051.405,-110.4666,
-032.164,075.7750,-051.449,-110.4730,
-032.145,083.7143,-051.455,-110.4589,
-032.169,090.5512,-051.358,-110.4691,
-032.252,097.1020,-051.418,-110.4316,
-032.377,103.6853,-051.325,-110.3973,
-032.558,108.9062,-051.234,-110.3649,
-032.790,113.6275,-051.237,-110.3721,
-033.084,118.0994,-051.302,-110.3957,
-033.420,122.2416,-051.268,-110.3870,
-033.803,125.5189,-051.368,-110.4093,
-034.221,128.9461,-051.379,-110.4248,
-034.683,131.3777,-051.382,-110.3933,
-035.175,133.8405,-051.383,-110.4072,
-035.715,136.0570,-051.388,-110.4152,
-036.282,137.7761,-051.372,-110.4151,
-036.872,138.8424,-051.365,-110.3854,
-037.444,140.1368,-051.377,-110.3869,
-037.968,141.4408,-051.388,-110.3885,
-038.418,142.0652,-051.389,-110.3941,
-038.795,142.1740,-051.420,-110.3992,
-039.077,141.7739,-051.439,-110.4057,
-039.265,140.3253,-051.432,-110.4022,
-039.373,137.7311,-051.428,-110.4026,
-039.433,133.5511,-051.382,-110.3981,
-039.447,127.8621,-051.418,-110.3926,
-039.474,121.1461,-051.427,-110.3758,
-039.488,112.9145,-051.417,-110.3703,
-039.532,103.7305,-051.391,-110.3575,
-039.613,093.2000,-051.370,-110.4229,
-039.731,081.5857,-051.414,-110.4412,
-039.899,069.9342,-051.411,-110.4038,
-040.155,056.9660,-051.385,-110.4188,
-040.523,043.3081,-051.386,-110.4027,
DATA_END,
