FILENAME,E:\T_23\23_USP\ACQUIREDDATA\PVF08.MDB,
STEP,1,0,0,0,FORWARD,
SCAN,61,-15,15,0.5,FORWARD,
FREQ,SINGLE,1,8,
BEAM,1,
AXIS,0,
BINS,2,
SELECTED SCAN,ALL,
SELECTED FREQ,ALL,
SELECTED BEAM,ALL,
SELECTED BINS,ALL,
DATA_START,
-040.727,-142.0289,-041.237,-114.6501,
-040.012,-135.7545,-041.176,-114.5957,
-039.257,-130.3948,-040.998,-114.5760,
-038.536,-124.9786,-040.990,-114.5306,
-037.874,-119.9866,-041.091,-114.5669,
-037.226,-114.5919,-041.130,-114.6137,
-036.632,-109.6941,-041.100,-114.5893,
-036.049,-105.8793,-040.948,-114.5463,
-035.541,-102.7057,-040.927,-114.5310,
-035.064,-099.3913,-041.011,-114.5729,
-034.633,-095.6288,-041.080,-114.6242,
-034.223,-092.5713,-041.005,-114.6238,
-033.825,-091.3019,-040.929,-114.6011,
-033.426,-090.7739,-040.940,-114.5967,
-033.030,-090.1436,-040.996,-114.6149,
-032.626,-088.6942,-041.145,-114.6723,
-032.230,-086.6515,-041.124,-114.6449,
-031.818,-086.3227,-041.012,-114.6112,
-031.416,-087.2775,-041.009,-114.6069,
-031.014,-088.1625,-041.134,-114.6400,
-030.617,-088.9176,-041.185,-114.6909,
-030.246,-090.0664,-041.140,-114.6594,
-029.915,-091.2352,-041.136,-114.6730,
-029.608,-092.6403,-041.111,-114.6839,
-029.335,-094.6717,-041.102,-114.6469,
-029.097,-096.8538,-041.176,-114.6622,
-028.868,-099.3893,-041.163,-114.6412,
-028.702,-102.2465,-041.073,-114.6037,
-028.556,-105.1571,-041.126,-114.6173,
-028.488,-107.4855,-040.977,-114.5834,
-028.437,-110.6648,-040.862,-114.5333,
-028.420,-114.5726,-040.969,-114.5772,
-028.462,-117.6475,-041.012,-114.6016,
-028.568,-120.9258,-040.869,-114.5417,
-028.725,-125.7878,-040.810,-114.5105,
-028.904,-129.7640,-040.983,-114.5814,
-029.126,-132.2135,-040.952,-114.5708,
-029.366,-137.3416,-040.868,-114.5839,
-029.637,-142.9823,-041.139,-114.6457,
-029.950,-146.6230,-041.430,-114.7014,
-030.278,-150.2241,-041.257,-114.6605,
-030.639,-155.3534,-041.175,-114.6161,
-031.047,-160.5618,-041.130,-114.6011,
-031.456,-166.5386,-040.972,-114.5285,
-031.866,-173.9274,-041.022,-114.6288,
-032.287,179.3208,-041.338,-114.7803,
-032.704,174.5852,-041.483,-114.7952,
-033.104,168.7195,-041.189,-114.6087,
-033.519,160.5351,-040.968,-114.5432,
-033.929,152.0645,-040.965,-114.5357,
-034.341,144.6370,-041.027,-114.5692,
-034.771,135.9079,-041.059,-114.5468,
-035.236,126.2858,-041.104,-114.5798,
-035.743,116.7514,-041.196,-114.6002,
-036.289,106.8781,-041.118,-114.5447,
-036.861,096.0024,-041.043,-114.6022,
-037.476,085.7357,-041.158,-114.6367,
-038.113,075.7142,-041.084,-114.5734,
-038.787,064.6208,-041.093,-114.5596,
-039.487,052.6310,-041.026,-114.5646,
-040.204,039.4077,-040.999,-114.5640,
DATA_END,
