FILENAME,E:\T_23\23_USP\ACQUIREDDATA\PVF05.MDB,
STEP,1,0,0,0,FORWARD,
SCAN,61,-15,15,0.5,FORWARD,
FREQ,SINGLE,1,5,
BEAM,1,
AXIS,0,
BINS,2,
SELECTED SCAN,ALL,
SELECTED FREQ,ALL,
SELECTED BEAM,ALL,
SELECTED BINS,ALL,
DATA_START,
-034.821,-013.6617,-032.992,-107.3502,
-034.424,-002.1807,-033.008,-107.4891,
-034.024,009.5256,-033.039,-107.4890,
-033.633,021.0265,-033.100,-107.5542,
-033.244,032.6757,-033.162,-107.6059,
-032.873,044.5561,-033.179,-107.6904,
-032.514,055.8951,-033.131,-107.5703,
-032.165,066.1746,-033.078,-107.4945,
-031.812,075.6153,-033.158,-107.5882,
-031.496,084.9214,-033.286,-107.8040,
-031.187,095.1574,-033.352,-107.8955,
-030.899,105.5697,-033.236,-107.6906,
-030.611,115.4922,-033.029,-107.4374,
-030.360,124.0033,-032.925,-107.3211,
-030.117,132.2533,-032.950,-107.3876,
-029.895,141.1709,-033.070,-107.5170,
-029.686,150.3434,-033.217,-107.6829,
-029.490,158.7048,-033.274,-107.7656,
-029.307,166.4505,-033.333,-107.8485,
-029.133,173.3766,-033.407,-107.9717,
-028.979,-179.3227,-033.408,-108.0511,
-028.824,-172.0634,-033.248,-107.7545,
-028.706,-165.3470,-032.981,-107.3719,
-028.578,-159.7368,-032.746,-107.0725,
-028.457,-154.9348,-032.688,-107.0033,
-028.373,-149.4436,-032.832,-107.2272,
-028.275,-142.8641,-032.976,-107.4380,
-028.234,-135.9273,-032.969,-107.4128,
-028.182,-130.0127,-032.890,-107.3125,
-028.155,-125.5211,-032.834,-107.2476,
-028.159,-121.9153,-032.947,-107.3843,
-028.170,-118.3379,-033.122,-107.6189,
-028.217,-114.7787,-033.280,-107.8136,
-028.273,-111.3213,-033.335,-107.8788,
-028.357,-109.1412,-033.414,-107.9844,
-028.449,-107.1976,-033.544,-108.1572,
-028.548,-104.9148,-033.627,-108.2504,
-028.658,-102.1023,-033.549,-108.1242,
-028.794,-099.7523,-033.276,-107.7585,
-028.930,-099.1347,-033.012,-107.4274,
-029.061,-098.9783,-032.913,-107.2978,
-029.210,-098.5909,-032.980,-107.3918,
-029.382,-097.2456,-033.009,-107.4343,
-029.558,-096.0196,-032.897,-107.2952,
-029.738,-096.1470,-032.682,-106.9857,
-029.945,-097.9275,-032.563,-106.8154,
-030.198,-100.9956,-032.626,-106.8800,
-030.429,-103.9231,-032.882,-107.2288,
-030.688,-105.2530,-033.206,-107.6398,
-030.965,-105.0315,-033.313,-107.7898,
-031.250,-104.3997,-033.150,-107.5605,
-031.539,-105.2621,-032.825,-107.1444,
-031.861,-108.5619,-032.606,-106.8496,
-032.202,-113.1976,-032.728,-107.0008,
-032.545,-117.4372,-033.136,-107.5225,
-032.903,-120.1996,-033.579,-108.1342,
-033.255,-121.8175,-033.764,-108.3928,
-033.644,-123.9179,-033.544,-108.1229,
-034.028,-127.7392,-033.227,-107.6894,
-034.402,-133.2738,-032.933,-107.2971,
-034.779,-139.5654,-032.832,-107.1634,
DATA_END,
