FILENAME,E:\T_23\23_USP\ACQUIREDDATA\PVF085.MDB,
STEP,1,0,0,0,FORWARD,
SCAN,21,5,-5,0.5,REVERSE,
FREQ,SINGLE,1,8.45,
BEAM,1,
AXIS,0,
BINS,2,
SELECTED SCAN,ALL,
SELECTED FREQ,ALL,
SELECTED BEAM,ALL,
SELECTED BINS,ALL,
DATA_START,
-032.801,-087.5189,-043.867,-108.8644,
-032.496,-088.6275,-043.868,-108.8827,
-032.217,-089.7664,-043.885,-108.8795,
-031.957,-091.9339,-043.897,-108.8791,
-031.727,-094.6896,-043.866,-108.8506,
-031.520,-097.8593,-043.801,-108.8060,
-031.350,-100.6240,-043.698,-108.7639,
-031.224,-103.9089,-043.629,-108.7377,
-031.120,-107.4260,-043.680,-108.7546,
-031.052,-111.9992,-043.735,-108.7743,
-031.029,-117.5499,-043.738,-108.7767,
-031.043,-123.0181,-043.690,-108.7808,
-031.080,-128.4315,-043.628,-108.7678,
-031.148,-134.9303,-043.616,-108.7743,
-031.252,-142.1637,-043.609,-108.7609,
-031.387,-149.9137,-043.593,-108.7567,
-031.548,-158.9042,-043.634,-108.7635,
-031.738,-167.7485,-043.725,-108.7812,
-031.956,-176.9949,-043.840,-108.8718,
-032.194,174.0631,-043.922,-108.8644,
-032.459,164.9085,-043.975,-108.8429,
DATA_END,
