FILENAME,E:\T_23\23_USP\ACQUIREDDATA\PVF09.MDB,
STEP,1,0,0,0,FORWARD,
SCAN,61,-15,15,0.5,FORWARD,
FREQ,SINGLE,1,9,
BEAM,1,
AXIS,0,
BINS,2,
SELECTED SCAN,ALL,
SELECTED FREQ,ALL,
SELECTED BEAM,ALL,
SELECTED BINS,ALL,
DATA_START,
-046.253,177.8801,-048.340,-109.9031,
-045.851,-161.6659,-048.283,-109.8370,
-045.466,-141.2643,-048.282,-109.8290,
-045.142,-121.5439,-048.276,-109.8288,
-044.860,-102.9712,-048.283,-109.8447,
-044.569,-085.3012,-048.303,-109.8977,
-044.292,-067.8822,-048.242,-109.8613,
-043.963,-051.5910,-048.182,-109.8312,
-043.590,-035.6233,-048.212,-109.8400,
-043.180,-019.1651,-048.246,-109.8491,
-042.731,-002.8635,-048.323,-109.9127,
-042.284,013.1557,-048.384,-109.8752,
-041.814,027.6936,-048.313,-109.8660,
-041.329,040.2705,-048.263,-109.8701,
-040.861,052.9811,-048.207,-109.8480,
-040.405,066.4344,-048.173,-109.8420,
-039.972,080.0602,-048.252,-109.8650,
-039.587,093.0166,-048.428,-109.9113,
-039.218,105.0355,-048.569,-109.8931,
-038.872,115.7860,-048.626,-109.9170,
-038.537,126.1879,-048.538,-109.8974,
-038.237,136.8485,-048.326,-109.8647,
-037.963,147.5120,-048.176,-109.8179,
-037.704,158.7038,-048.151,-109.8050,
-037.477,169.3413,-048.136,-109.8144,
-037.281,178.2686,-048.215,-109.8928,
-037.124,-173.3532,-048.308,-109.8770,
-037.009,-165.9633,-048.316,-109.8478,
-036.915,-159.5847,-048.374,-109.8766,
-036.873,-152.7530,-048.405,-109.8843,
-036.862,-146.7577,-048.435,-109.8904,
-036.897,-141.2879,-048.567,-109.9226,
-036.974,-136.1960,-048.595,-109.9225,
-037.085,-132.0183,-048.592,-109.9202,
-037.214,-128.3855,-048.595,-109.9365,
-037.417,-125.5719,-048.553,-109.9258,
-037.640,-123.4008,-048.621,-109.9316,
-037.902,-121.1658,-048.678,-109.9379,
-038.204,-118.3479,-048.613,-109.9251,
-038.516,-116.4724,-048.403,-109.8642,
-038.883,-115.8506,-048.290,-109.8431,
-039.256,-115.5556,-048.369,-109.8543,
-039.671,-115.8180,-048.466,-109.8837,
-040.076,-117.5043,-048.536,-109.9067,
-040.501,-119.7197,-048.610,-109.9120,
-040.937,-121.7336,-048.598,-109.9274,
-041.358,-123.6187,-048.500,-109.8969,
-041.797,-124.8293,-048.411,-109.8676,
-042.233,-126.7780,-048.179,-109.8324,
-042.650,-131.5578,-048.015,-109.8085,
-043.059,-137.2287,-048.214,-109.8339,
-043.445,-140.8638,-048.399,-109.8811,
-043.822,-144.7105,-048.248,-109.8343,
-044.208,-150.7704,-048.041,-109.8174,
-044.578,-157.6402,-048.102,-109.8232,
-044.955,-163.8802,-048.262,-109.8484,
-045.295,-170.2739,-048.250,-109.8780,
-045.651,-177.8983,-048.148,-109.8848,
-045.984,174.6311,-048.129,-109.8665,
-046.357,166.2406,-048.153,-109.8311,
-046.719,157.4671,-048.220,-109.8201,
DATA_END,
