FILENAME,E:\T_23\23_USP\ACQUIREDDATA\PVF06.MDB,
STEP,1,0,0,0,FORWARD,
SCAN,61,15,-15,0.5,REVERSE,
FREQ,SINGLE,1,6,
BEAM,1,
AXIS,0,
BINS,2,
SELECTED SCAN,ALL,
SELECTED FREQ,ALL,
SELECTED BEAM,ALL,
SELECTED BINS,ALL,
DATA_START,
-036.400,123.2600,-036.675,-112.1346,
-036.057,132.3354,-036.718,-112.1823,
-035.740,141.4029,-036.726,-112.1689,
-035.404,149.4875,-036.760,-112.1761,
-035.067,156.8444,-036.746,-112.1544,
-034.750,164.4691,-036.606,-112.0521,
-034.397,172.6830,-036.514,-112.0191,
-034.008,-179.3983,-036.645,-112.2067,
-033.614,-172.2496,-036.850,-112.3264,
-033.147,-166.2323,-036.942,-112.3478,
-032.680,-160.4699,-036.932,-112.3445,
-032.227,-153.8084,-036.816,-112.2293,
-031.736,-146.6383,-036.819,-112.2795,
-031.261,-140.1760,-036.927,-112.3643,
-030.806,-134.4584,-036.977,-112.4138,
-030.358,-129.3604,-036.911,-112.3585,
-029.919,-123.7812,-036.796,-112.2268,
-029.527,-118.7741,-036.760,-112.2175,
-029.139,-114.3987,-036.827,-112.2536,
-028.780,-110.9908,-036.809,-112.2838,
-028.408,-106.5925,-036.685,-112.1703,
-028.072,-101.5577,-036.580,-112.0764,
-027.776,-096.5430,-036.567,-112.0898,
-027.530,-092.0912,-036.622,-112.1781,
-027.310,-088.2301,-036.585,-112.1497,
-027.132,-084.1115,-036.577,-112.1230,
-027.008,-079.8990,-036.614,-112.1199,
-026.914,-075.9779,-036.698,-112.1656,
-026.842,-072.7217,-036.802,-112.2447,
-026.807,-070.5055,-036.829,-112.2957,
-026.811,-069.3980,-036.828,-112.2998,
-026.855,-068.2978,-036.740,-112.2082,
-026.925,-066.9982,-036.747,-112.2073,
-027.029,-065.3192,-036.763,-112.2143,
-027.167,-063.7439,-036.789,-112.2438,
-027.353,-061.8610,-036.811,-112.2563,
-027.568,-061.1286,-036.841,-112.2612,
-027.865,-060.7022,-036.804,-112.2641,
-028.196,-060.7696,-036.702,-112.1559,
-028.552,-061.0967,-036.673,-112.1096,
-028.890,-061.8842,-036.695,-112.1350,
-029.250,-062.8672,-036.719,-112.1490,
-029.628,-063.3861,-036.774,-112.1995,
-030.031,-063.2620,-036.791,-112.2097,
-030.447,-063.5749,-036.929,-112.3057,
-030.894,-064.6985,-036.982,-112.3532,
-031.369,-066.0168,-036.943,-112.3279,
-031.839,-066.6262,-036.833,-112.2302,
-032.315,-067.8882,-036.832,-112.2296,
-032.781,-069.9799,-036.780,-112.1780,
-033.249,-072.6487,-036.726,-112.1162,
-033.690,-074.5748,-036.661,-112.0549,
-034.121,-076.4507,-036.719,-112.1196,
-034.531,-079.3830,-036.903,-112.2840,
-034.914,-082.7452,-036.994,-112.3940,
-035.285,-086.0921,-036.908,-112.3658,
-035.662,-088.8297,-036.759,-112.2587,
-036.028,-091.8130,-036.745,-112.2386,
-036.382,-095.7866,-036.817,-112.2628,
-036.751,-101.7043,-036.927,-112.3394,
-037.095,-107.5179,-036.933,-112.3348,
DATA_END,
