FILENAME,E:\T_23\23_USP\ACQUIREDDATA\PVF18.MDB,
STEP,1,0,0,0,FORWARD,
SCAN,61,-15,15,0.5,FORWARD,
FREQ,SINGLE,1,18,
BEAM,1,
AXIS,0,
BINS,2,
SELECTED SCAN,ALL,
SELECTED FREQ,ALL,
SELECTED BEAM,ALL,
SELECTED BINS,ALL,
DATA_START,
-046.141,-017.6231,-044.038,154.1750,
-045.460,018.5927,-044.071,154.1750,
-044.704,054.4962,-044.074,154.1732,
-043.826,088.8686,-044.029,154.0859,
-042.864,123.0847,-044.073,154.1331,
-041.950,155.3232,-044.061,154.1565,
-041.084,-173.0808,-044.033,154.1270,
-040.167,-141.3404,-044.092,154.1424,
-039.200,-110.2837,-044.067,154.1560,
-038.274,-081.4616,-044.042,154.1296,
-037.477,-053.3214,-044.059,154.1358,
-036.819,-027.2928,-044.023,154.1631,
-036.263,-001.8915,-044.066,154.0262,
-035.783,022.3128,-044.055,154.1482,
-035.264,045.2105,-044.027,154.1275,
-034.710,066.8674,-044.076,154.1324,
-034.141,087.6779,-044.070,154.0284,
-033.561,106.5476,-044.072,154.0940,
-032.972,124.0450,-044.056,154.1005,
-032.400,140.2055,-044.069,154.0518,
-031.864,155.4925,-044.042,154.1140,
-031.350,169.8870,-044.067,154.1082,
-030.837,-176.2041,-044.061,154.0161,
-030.357,-162.6549,-044.048,154.1243,
-029.913,-150.3479,-044.093,154.0955,
-029.518,-138.5288,-044.130,154.0276,
-029.160,-128.1228,-044.132,154.0553,
-028.864,-118.5534,-044.116,154.0698,
-028.630,-109.4522,-044.140,154.0755,
-028.444,-101.7536,-044.129,154.0845,
-028.335,-094.7796,-044.077,154.0318,
-028.334,-089.2040,-044.056,153.9973,
-028.409,-084.4765,-044.019,154.0609,
-028.584,-080.2980,-044.046,154.0978,
-028.771,-077.1905,-044.095,154.1055,
-029.058,-075.2403,-044.053,154.0964,
-029.414,-074.8528,-044.033,154.1056,
-029.792,-074.5385,-044.027,154.1294,
-030.256,-075.4013,-043.970,154.1422,
-030.826,-077.0285,-043.973,154.1328,
-031.420,-080.2888,-043.994,154.1316,
-032.009,-084.1278,-044.111,154.0469,
-032.601,-088.4727,-044.109,153.9811,
-033.203,-093.7710,-044.061,154.0317,
-033.765,-100.2414,-044.088,154.0883,
-034.331,-107.8445,-044.073,154.1018,
-034.882,-117.0829,-044.081,154.0868,
-035.458,-127.4646,-044.068,154.0976,
-036.047,-138.4702,-044.043,154.0878,
-036.671,-151.3492,-044.040,154.1304,
-037.346,-165.6054,-044.073,154.1322,
-038.038,178.6496,-044.051,154.0125,
-038.768,161.7294,-044.065,154.1207,
-039.600,144.4347,-044.018,154.1296,
-040.471,126.0559,-044.072,154.1164,
-041.441,105.7675,-044.051,154.1216,
-042.390,084.6943,-044.049,154.1126,
-043.373,063.3251,-044.053,154.1676,
-044.326,041.6541,-044.026,154.2079,
-045.175,017.6257,-044.005,154.1877,
-045.880,-006.9623,-044.038,154.1001,
DATA_END,
