FILENAME,E:\T_23\23_USP\ACQUIREDDATA\PVF11.MDB,
STEP,1,0,0,0,FORWARD,
SCAN,61,-15,15,0.5,FORWARD,
FREQ,SINGLE,1,11,
BEAM,1,
AXIS,0,
BINS,2,
SELECTED SCAN,ALL,
SELECTED FREQ,ALL,
SELECTED BEAM,ALL,
SELECTED BINS,ALL,
DATA_START,
-043.917,-039.4703,-050.081,-110.2197,
-043.221,-014.9451,-050.125,-110.2329,
-042.584,009.4653,-050.160,-110.2573,
-042.029,033.2977,-050.084,-110.2367,
-041.530,056.2074,-049.999,-110.2209,
-041.098,078.5847,-050.011,-110.2346,
-040.694,100.1246,-050.102,-110.2092,
-040.268,121.7978,-050.134,-110.2256,
-039.792,142.1282,-050.058,-110.2120,
-039.321,161.6779,-049.957,-110.1734,
-038.847,-179.4200,-049.907,-110.2499,
-038.386,-161.3299,-049.926,-110.2039,
-037.918,-144.3018,-049.998,-110.2247,
-037.482,-128.3868,-050.102,-110.2373,
-037.066,-112.7317,-050.127,-110.2269,
-036.674,-097.5271,-050.057,-110.2418,
-036.313,-082.6558,-049.938,-110.2501,
-035.960,-068.5215,-049.879,-110.2225,
-035.618,-055.0497,-049.889,-110.2271,
-035.296,-041.9592,-049.977,-110.2588,
-034.987,-029.0886,-050.090,-110.2516,
-034.705,-016.2518,-050.154,-110.2588,
-034.426,-003.9172,-050.083,-110.2896,
-034.173,007.7512,-049.990,-110.2657,
-033.953,018.2931,-049.961,-110.2263,
-033.751,027.8290,-050.038,-110.2442,
-033.587,036.8610,-050.132,-110.2840,
-033.461,045.2593,-050.188,-110.3166,
-033.374,053.3773,-050.175,-110.2834,
-033.322,060.9320,-050.096,-110.2713,
-033.298,068.2450,-050.002,-110.2549,
-033.325,075.0333,-049.965,-110.2373,
-033.394,081.6609,-049.921,-110.2414,
-033.504,087.7144,-049.908,-110.2799,
-033.657,093.1850,-049.950,-110.2615,
-033.851,098.1726,-050.004,-110.2313,
-034.078,102.2525,-050.090,-110.2224,
-034.322,105.4936,-050.114,-110.2182,
-034.599,108.4957,-050.074,-110.2249,
-034.903,110.5752,-049.943,-110.2069,
-035.234,112.0932,-049.877,-110.1800,
-035.591,113.3731,-049.848,-110.1752,
-035.978,114.1021,-049.880,-110.1820,
-036.385,114.4291,-049.900,-110.1772,
-036.804,113.7409,-049.937,-110.1914,
-037.219,112.1828,-050.023,-110.1905,
-037.632,110.2554,-050.093,-110.2216,
-038.043,108.3239,-050.125,-110.2316,
-038.461,105.4422,-050.112,-110.2098,
-038.884,102.2377,-050.193,-110.2151,
-039.339,097.9516,-050.264,-110.2441,
-039.801,092.9766,-050.261,-110.2752,
-040.261,086.8473,-050.190,-110.2891,
-040.749,079.9859,-050.144,-110.2481,
-041.248,072.6481,-050.139,-110.2481,
-041.765,064.7174,-050.139,-110.2314,
-042.285,056.0733,-050.146,-110.2347,
-042.838,046.5055,-050.122,-110.2415,
-043.400,036.8780,-050.091,-110.2237,
-044.105,025.5086,-050.074,-110.2397,
-044.828,013.7758,-050.009,-110.2167,
DATA_END,
