FILENAME,E:\T_23\23_USP\ACQUIREDDATA\PVF14.MDB,
STEP,1,0,0,0,FORWARD,
SCAN,61,15,-15,0.5,REVERSE,
FREQ,SINGLE,1,14,
BEAM,1,
AXIS,0,
BINS,2,
SELECTED SCAN,ALL,
SELECTED FREQ,ALL,
SELECTED BEAM,ALL,
SELECTED BINS,ALL,
DATA_START,
-044.756,-072.5423,-044.811,153.9930,
-043.957,-051.3668,-044.736,154.0167,
-043.256,-031.5537,-044.652,154.0392,
-042.611,-012.4999,-044.713,154.0519,
-042.102,004.0248,-044.796,153.9146,
-041.634,019.5842,-044.745,154.0162,
-041.200,035.0356,-044.797,154.0017,
-040.654,050.2933,-044.723,154.0285,
-040.090,063.1979,-044.809,154.0056,
-039.444,075.6965,-044.716,154.0332,
-038.832,086.4573,-044.806,153.9066,
-038.173,096.8568,-044.875,153.9104,
-037.474,107.0990,-044.976,153.9225,
-036.781,115.2314,-044.869,153.9497,
-036.109,123.5463,-044.832,153.9710,
-035.433,130.4824,-044.802,153.9521,
-034.842,136.6890,-044.776,153.9654,
-034.273,143.7134,-044.620,153.9871,
-033.741,150.3235,-044.841,153.9576,
-033.199,153.2529,-044.835,153.9722,
-032.708,156.7848,-044.874,153.9703,
-032.234,159.9084,-044.858,153.9629,
-031.805,163.0177,-044.882,153.9612,
-031.427,165.0381,-045.186,153.9033,
-031.114,164.3161,-045.313,153.8686,
-030.801,163.4095,-045.021,153.9283,
-030.564,163.6874,-044.793,153.9876,
-030.365,162.0888,-044.746,153.9899,
-030.242,159.8854,-044.782,153.9615,
-030.162,155.1381,-044.769,153.9840,
-030.158,150.8293,-044.751,153.9787,
-030.204,146.2952,-044.898,153.9364,
-030.319,140.1582,-044.913,153.9017,
-030.488,132.0857,-044.971,153.8551,
-030.716,123.2014,-044.828,153.9142,
-031.029,113.5303,-044.786,153.9321,
-031.404,103.6377,-044.769,153.9597,
-031.800,092.6457,-044.869,153.8662,
-032.241,081.3549,-044.876,153.9351,
-032.726,069.2557,-044.906,153.9444,
-033.232,056.2435,-044.890,153.9423,
-033.768,041.9006,-044.898,153.9235,
-034.312,026.1905,-044.845,153.9685,
-034.878,011.2013,-044.807,153.9874,
-035.463,-004.3813,-044.862,153.8851,
-036.087,-021.1145,-044.896,153.9685,
-036.726,-038.2208,-044.855,153.9531,
-037.398,-056.1547,-044.816,153.9572,
-038.078,-074.5923,-044.783,153.9912,
-038.718,-094.4452,-044.854,153.8932,
-039.301,-115.7770,-044.833,153.9912,
-039.822,-137.4839,-044.920,153.9527,
-040.295,-159.7030,-044.906,153.9960,
-040.686,176.6171,-044.882,153.8904,
-041.112,152.3301,-044.844,153.9941,
-041.637,127.5557,-044.809,153.9907,
-042.265,101.4482,-044.879,153.9706,
-042.889,073.3911,-044.943,154.0167,
-043.558,045.5354,-044.922,154.0023,
-044.240,014.5750,-044.878,154.0145,
-044.789,-015.8525,-044.824,154.0034,
DATA_END,
