FILENAME,E:\T_23\23_USP\ACQUIREDDATA\PVF12.MDB,
STEP,1,0,0,0,FORWARD,
SCAN,61,15,-15,0.5,REVERSE,
FREQ,SINGLE,1,12.5,
BEAM,1,
AXIS,0,
BINS,2,
SELECTED SCAN,ALL,
SELECTED FREQ,ALL,
SELECTED BEAM,ALL,
SELECTED BINS,ALL,
DATA_START,
-042.068,163.0768,-037.299,157.2121,
-041.536,-177.6175,-037.244,157.1277,
-040.994,-159.8781,-037.242,157.2614,
-040.390,-143.2053,-037.269,157.2179,
-039.832,-128.3568,-037.381,157.1437,
-039.261,-114.8557,-037.286,157.2119,
-038.666,-101.1539,-037.283,157.2034,
-038.005,-089.1216,-037.243,157.1453,
-037.383,-076.9786,-037.237,157.2600,
-036.719,-065.8658,-037.372,157.1366,
-036.021,-056.8342,-037.342,157.1581,
-035.347,-047.0762,-037.279,157.1741,
-034.691,-038.0237,-037.329,157.1460,
-034.053,-029.6360,-037.247,157.1978,
-033.444,-021.5008,-037.251,157.2022,
-032.832,-013.8243,-037.259,157.2233,
-032.264,-007.1437,-037.295,157.1546,
-031.730,-001.4615,-037.284,157.0730,
-031.214,003.5378,-037.320,157.0503,
-030.733,007.2992,-037.340,157.0938,
-030.307,011.1331,-037.289,157.2123,
-029.940,014.3684,-037.330,157.1618,
-029.596,016.8127,-037.409,157.1052,
-029.292,017.5646,-037.473,157.0315,
-029.019,017.3485,-037.438,157.0273,
-028.788,017.2377,-037.290,157.1525,
-028.582,017.4782,-037.216,157.2305,
-028.440,016.3159,-037.243,157.2068,
-028.284,014.3025,-037.290,157.1760,
-028.216,010.9301,-037.269,157.1757,
-028.194,007.1807,-037.258,157.1496,
-028.231,002.1306,-037.175,157.1567,
-028.325,-003.5481,-037.071,157.2681,
-028.463,-009.8186,-037.104,157.3536,
-028.637,-017.2913,-037.152,157.2819,
-028.867,-026.0889,-037.229,157.2245,
-029.141,-036.2670,-037.285,157.1468,
-029.447,-046.1339,-037.303,157.1105,
-029.798,-056.7000,-037.334,157.1462,
-030.198,-067.8191,-037.332,157.1212,
-030.652,-079.4916,-037.291,157.1658,
-031.155,-092.3894,-037.203,157.1678,
-031.699,-106.0227,-037.171,157.2745,
-032.275,-120.4307,-037.171,157.3008,
-032.846,-135.1899,-037.188,157.1906,
-033.437,-150.5550,-037.271,157.1929,
-034.048,-167.0077,-037.333,157.1476,
-034.626,176.0510,-037.358,157.0429,
-035.182,158.7623,-037.322,157.1708,
-035.784,141.1351,-037.245,157.2064,
-036.409,123.1889,-037.203,157.2423,
-037.034,105.1115,-037.246,157.2246,
-037.685,085.4262,-037.355,157.0847,
-038.333,064.4919,-037.286,157.2093,
-038.936,042.9033,-037.235,157.2192,
-039.464,020.3282,-037.249,157.2599,
-039.918,-003.0531,-037.269,157.1518,
-040.394,-027.1737,-037.282,157.2264,
-040.864,-050.9346,-037.265,157.2386,
-041.430,-077.7925,-037.282,157.2326,
-041.975,-105.2474,-037.333,157.2143,
DATA_END,
