FILENAME,E:\T_23\23_USP\ACQUIREDDATA\1AHHF11.MDB,
STEP,1,-90,-90,0,FORWARD,
SCAN,360,-179,180,1,FORWARD,
FREQ,SINGLE,1,11,
BEAM,1,
AXIS,0,
BINS,2,
SELECTED SCAN,ALL,
SELECTED FREQ,ALL,
SELECTED BEAM,ALL,
SELECTED BINS,ALL,
DATA_START,
-069.449,-019.8143,-048.859,-115.2818,
-069.330,-015.3361,-048.854,-115.2917,
-069.336,-010.5525,-048.854,-115.2876,
-069.368,-007.2243,-048.877,-115.2986,
-069.387,-002.3485,-048.885,-115.3033,
-069.327,003.0816,-048.882,-115.2995,
-069.272,007.4930,-048.880,-115.2870,
-069.252,013.0545,-048.894,-115.2766,
-069.230,019.3029,-048.905,-115.2808,
-069.224,024.0223,-048.846,-115.2709,
-069.246,031.2584,-048.845,-115.2694,
-069.341,038.9115,-048.829,-115.2583,
-069.287,044.7239,-048.838,-115.2535,
-069.251,053.1995,-048.843,-115.2604,
-069.255,061.6870,-048.829,-115.2600,
-069.150,067.5178,-048.860,-115.2681,
-069.221,077.7325,-048.838,-115.2442,
-069.187,086.4074,-048.846,-115.2328,
-069.198,093.0115,-048.828,-115.2271,
-069.241,105.1404,-048.821,-115.2308,
-069.314,115.4604,-048.829,-115.2228,
-069.292,123.3819,-048.830,-115.2328,
-069.152,134.9965,-048.830,-115.2420,
-068.994,144.5884,-048.819,-115.2277,
-068.739,152.2810,-048.821,-115.2409,
-068.195,165.4983,-048.830,-115.2328,
-067.777,175.2804,-048.791,-115.2186,
-067.478,-176.8947,-048.849,-115.2291,
-067.064,-163.3697,-048.818,-115.2262,
-066.878,-154.4321,-048.811,-115.2475,
-066.695,-146.2992,-048.810,-115.2376,
-066.455,-132.8582,-048.818,-115.2405,
-066.320,-124.3803,-048.825,-115.2614,
-066.159,-115.7232,-048.815,-115.2444,
-065.984,-102.4561,-048.842,-115.2436,
-065.896,-093.9638,-048.840,-115.2447,
-065.861,-084.3070,-048.837,-115.2300,
-065.739,-070.8164,-048.843,-115.2410,
-065.629,-062.3618,-048.850,-115.2424,
-065.603,-052.5670,-048.857,-115.2489,
-065.735,-039.4461,-048.874,-115.2455,
-065.856,-031.6138,-048.873,-115.2372,
-066.075,-021.4130,-048.863,-115.2395,
-066.574,-007.9370,-048.867,-115.2331,
-066.896,000.5082,-048.864,-115.2266,
-067.471,014.0362,-048.857,-115.2210,
-067.981,025.7133,-048.861,-115.2280,
-068.406,034.3498,-048.862,-115.2321,
-069.425,047.7466,-048.869,-115.2387,
-070.524,058.5683,-048.877,-115.2400,
-071.503,068.2496,-048.890,-115.2558,
-073.293,085.1961,-048.892,-115.2607,
-074.893,101.0996,-048.875,-115.2479,
-076.311,121.7882,-048.867,-115.2584,
-077.416,157.1948,-048.864,-115.2420,
-076.920,-175.7443,-048.874,-115.2387,
-075.841,-153.1570,-048.863,-115.2379,
-074.454,-130.2521,-048.893,-115.2324,
-073.861,-115.5471,-048.888,-115.2264,
-073.199,-099.1802,-048.876,-115.2206,
-072.307,-081.0018,-048.871,-115.2163,
-071.485,-069.0027,-048.871,-115.2018,
-070.593,-055.9155,-048.882,-115.2138,
-069.850,-043.4349,-048.880,-115.2115,
-069.469,-033.9260,-048.886,-115.2064,
-069.115,-021.1285,-048.887,-115.1976,
-068.801,-010.2403,-048.888,-115.2077,
-068.674,-000.4942,-048.879,-115.2073,
-068.545,011.9197,-048.860,-115.1934,
-068.490,021.3897,-048.859,-115.2105,
-068.515,030.3048,-048.845,-115.2152,
-068.576,042.2782,-048.894,-115.2085,
-068.768,050.8955,-048.898,-115.2164,
-069.017,059.7328,-048.893,-115.2179,
-069.299,070.9397,-048.887,-115.2147,
-069.440,078.5783,-048.850,-115.2027,
-069.677,087.4095,-048.828,-115.1968,
-069.796,096.4581,-048.823,-115.1925,
-069.966,102.9077,-048.834,-115.1857,
-070.075,110.7001,-048.846,-115.1863,
-070.096,119.3032,-048.867,-115.1906,
-070.064,125.1480,-048.854,-115.1860,
-069.890,133.1598,-048.826,-115.1878,
-069.691,140.1657,-048.842,-115.1896,
-069.525,145.1741,-048.841,-115.2049,
-069.193,152.2949,-048.858,-115.2216,
-068.936,158.6891,-048.881,-115.2343,
-068.689,163.9043,-048.876,-115.2529,
-068.395,172.3001,-048.897,-115.2770,
-068.061,178.9577,-048.885,-115.2753,
-067.908,-174.3331,-048.867,-115.2670,
-067.507,-164.2027,-048.848,-115.2629,
-067.278,-156.1907,-048.856,-115.2661,
-067.092,-147.0535,-048.864,-115.2563,
-066.870,-135.1411,-048.880,-115.2403,
-066.755,-126.8721,-048.869,-115.2496,
-066.581,-115.5509,-048.699,-115.2161,
-066.436,-102.6594,-048.872,-115.2551,
-066.407,-093.2279,-048.870,-115.2758,
-066.325,-081.6571,-048.866,-115.2680,
-066.319,-068.4106,-048.874,-115.2829,
-066.316,-059.2208,-048.873,-115.2780,
-066.238,-045.4395,-048.865,-115.2604,
-066.080,-030.6984,-048.876,-115.2486,
-065.840,-021.6093,-048.853,-115.2539,
-065.498,-008.0121,-048.851,-115.2448,
-065.209,004.1122,-048.827,-115.2341,
-065.082,013.4519,-048.830,-115.2488,
-064.837,028.9327,-048.832,-115.2317,
-064.649,039.9969,-048.836,-115.2352,
-064.425,049.7289,-048.837,-115.2443,
-064.115,063.3209,-048.849,-115.2383,
-063.877,072.8198,-048.874,-115.2294,
-063.693,082.7739,-048.881,-115.2233,
-063.514,095.6804,-048.849,-115.2247,
-063.358,104.4551,-048.832,-115.2046,
-063.085,114.5287,-048.851,-115.1956,
-062.639,126.1433,-048.879,-115.2049,
-062.330,133.6988,-048.925,-115.2139,
-061.984,142.3907,-048.868,-115.2006,
-061.648,150.6839,-048.851,-115.1830,
-061.442,156.5260,-048.832,-115.1810,
-061.212,163.7677,-048.816,-115.1691,
-060.988,171.1781,-048.850,-115.1858,
-060.841,176.6250,-048.851,-115.1856,
-060.646,-176.9017,-048.853,-115.1860,
-060.541,-171.9609,-048.852,-115.1938,
-060.510,-167.7449,-048.857,-115.2210,
-060.544,-162.1736,-048.825,-115.2048,
-060.625,-158.2017,-048.840,-115.2126,
-060.755,-154.1488,-048.857,-115.2150,
-060.984,-149.1781,-048.923,-115.2381,
-061.134,-145.3612,-048.899,-115.2290,
-061.352,-141.0311,-048.875,-115.2353,
-061.629,-137.1429,-048.853,-115.2385,
-061.809,-134.1851,-048.848,-115.2283,
-062.055,-131.1116,-048.850,-115.2060,
-062.233,-128.2465,-048.909,-115.2002,
-062.380,-126.9440,-048.888,-115.2026,
-062.606,-123.9371,-048.867,-115.1974,
-062.909,-121.8994,-048.890,-115.2116,
-063.160,-120.7712,-048.879,-115.1879,
-063.457,-118.1877,-048.889,-115.1769,
-063.727,-115.7195,-048.868,-115.1837,
-063.849,-114.0773,-048.871,-115.1814,
-064.053,-112.1076,-048.877,-115.1831,
-064.124,-110.6457,-048.861,-115.1873,
-064.216,-110.0696,-048.857,-115.1829,
-064.399,-109.2958,-048.868,-115.1650,
-064.511,-108.6374,-048.839,-115.1570,
-064.641,-107.7769,-048.864,-115.1547,
-064.891,-106.1451,-048.899,-115.1523,
-065.013,-105.4784,-048.877,-115.1457,
-065.150,-104.7226,-048.875,-115.1469,
-065.368,-103.3247,-048.898,-115.1568,
-065.496,-102.7316,-048.896,-115.1664,
-065.603,-101.3777,-048.893,-115.1626,
-065.792,-100.0285,-048.890,-115.1598,
-065.868,-099.4945,-048.896,-115.1630,
-065.966,-099.3560,-048.893,-115.1593,
-066.122,-099.0019,-048.883,-115.1727,
-066.209,-098.9334,-048.869,-115.1708,
-066.423,-099.0796,-048.905,-115.1761,
-066.630,-098.0822,-048.861,-115.1746,
-066.617,-097.0118,-048.850,-115.1696,
-066.781,-095.5244,-048.835,-115.1871,
-066.817,-093.9549,-048.854,-115.1953,
-066.842,-093.5319,-048.846,-115.2143,
-067.028,-092.6158,-048.873,-115.2032,
-067.094,-092.3399,-048.895,-115.2202,
-067.217,-092.4850,-048.905,-115.2246,
-067.469,-091.8519,-048.928,-115.2237,
-067.542,-091.4443,-048.892,-115.2402,
-067.518,-091.2398,-048.875,-115.2302,
-067.376,-091.5897,-048.897,-115.2514,
-067.251,-092.1241,-048.882,-115.2409,
-067.073,-093.6807,-048.897,-115.2480,
-066.978,-095.5528,-048.902,-115.2446,
-066.804,-096.5166,-048.917,-115.2578,
-066.731,-097.7189,-048.901,-115.2456,
-066.703,-098.9109,-048.876,-115.2351,
-066.686,-099.4926,-048.884,-115.2380,
-066.566,-100.6495,-048.890,-115.2270,
-066.418,-102.7069,-048.869,-115.2081,
-066.313,-104.4924,-048.873,-115.2092,
-066.170,-108.3872,-048.896,-115.1886,
-066.028,-112.5653,-048.874,-115.1835,
-065.940,-116.4637,-048.866,-115.1815,
-065.767,-122.6367,-048.855,-115.1772,
-065.645,-128.0739,-048.844,-115.1841,
-065.531,-132.9635,-048.853,-115.1624,
-065.342,-139.6216,-048.873,-115.1795,
-065.164,-144.3524,-048.864,-115.1682,
-064.962,-149.3219,-048.856,-115.1552,
-064.721,-156.3016,-048.860,-115.1545,
-064.549,-161.7089,-048.855,-115.1596,
-064.403,-167.8597,-048.830,-115.1509,
-064.277,-175.9684,-048.852,-115.1592,
-064.241,178.7370,-048.855,-115.1654,
-064.216,172.1616,-048.852,-115.1558,
-064.168,165.2544,-048.855,-115.1510,
-064.110,159.9976,-048.862,-115.1617,
-064.033,152.9527,-048.860,-115.1662,
-063.904,146.0208,-048.867,-115.1720,
-063.835,139.8783,-048.860,-115.1731,
-063.721,132.3035,-048.875,-115.1749,
-063.577,124.8461,-048.872,-115.1855,
-063.437,118.8217,-048.864,-115.1852,
-063.263,110.1964,-048.853,-115.1903,
-063.147,103.7072,-048.845,-115.1856,
-063.039,097.2518,-048.842,-115.1861,
-062.888,088.6936,-048.842,-115.1921,
-062.774,082.1238,-048.854,-115.1841,
-062.637,075.2636,-048.850,-115.1925,
-062.483,066.9770,-048.857,-115.1744,
-062.388,060.8727,-048.848,-115.1768,
-062.265,054.3284,-048.853,-115.1725,
-062.192,046.5884,-048.838,-115.1816,
-062.157,041.4919,-048.854,-115.1961,
-062.145,035.1652,-048.848,-115.1954,
-062.155,028.3211,-048.853,-115.1776,
-062.205,023.3190,-048.846,-115.1754,
-062.308,016.6415,-048.836,-115.1821,
-062.387,010.1925,-048.841,-115.1930,
-062.412,005.3846,-048.865,-115.1952,
-062.467,-001.8355,-048.861,-115.2059,
-062.573,-008.2857,-048.862,-115.2160,
-062.669,-013.5914,-048.858,-115.2116,
-062.783,-022.3191,-048.875,-115.2335,
-062.845,-027.6141,-048.858,-115.2157,
-062.962,-032.1047,-048.869,-115.2014,
-063.242,-039.2168,-048.863,-115.2065,
-063.490,-044.3576,-048.856,-115.1949,
-063.749,-049.7013,-048.894,-115.1914,
-064.203,-055.7851,-048.892,-115.1934,
-064.568,-060.2833,-048.863,-115.1878,
-065.047,-065.4712,-048.855,-115.1807,
-065.599,-071.6790,-048.869,-115.1750,
-066.038,-076.4468,-048.875,-115.1689,
-066.479,-081.8289,-048.861,-115.1568,
-067.029,-087.5589,-048.833,-115.1479,
-067.451,-091.0917,-048.835,-115.1475,
-068.087,-095.2909,-048.855,-115.1451,
-068.872,-099.1302,-048.872,-115.1525,
-069.547,-101.2281,-048.859,-115.1555,
-070.646,-104.1935,-048.863,-115.1413,
-071.619,-105.9002,-048.867,-115.1449,
-072.419,-106.7818,-048.887,-115.1416,
-073.396,-105.9424,-048.880,-115.1427,
-074.045,-103.9048,-048.892,-115.1501,
-074.569,-100.0827,-048.902,-115.1526,
-075.061,-092.7392,-048.898,-115.1432,
-075.059,-086.0982,-048.890,-115.1546,
-074.898,-078.7466,-048.881,-115.1647,
-074.036,-071.6439,-048.875,-115.1613,
-073.094,-068.5474,-048.868,-115.1591,
-072.020,-066.4186,-048.865,-115.1638,
-070.904,-066.6604,-048.877,-115.1475,
-070.148,-068.1401,-048.888,-115.1601,
-069.321,-070.7127,-048.881,-115.1663,
-068.557,-074.6476,-048.881,-115.1672,
-068.092,-077.5179,-048.900,-115.1838,
-067.541,-081.4871,-048.905,-115.1940,
-067.043,-086.0761,-048.913,-115.1945,
-066.663,-089.1643,-048.920,-115.2078,
-066.290,-093.4325,-048.921,-115.2077,
-066.009,-096.8441,-048.912,-115.1996,
-065.855,-099.7959,-048.898,-115.2164,
-065.714,-103.9171,-048.916,-115.2127,
-065.675,-107.5837,-048.908,-115.2055,
-065.588,-111.0744,-048.910,-115.2246,
-065.519,-115.7570,-048.912,-115.2193,
-065.408,-119.0004,-048.917,-115.2228,
-065.340,-121.9465,-048.916,-115.2281,
-065.246,-125.7975,-048.888,-115.2222,
-065.171,-128.4339,-048.900,-115.2348,
-065.090,-131.7496,-048.880,-115.2327,
-064.996,-135.2522,-048.868,-115.2295,
-064.953,-137.9815,-048.885,-115.2337,
-064.887,-140.7113,-048.886,-115.2284,
-064.754,-144.9197,-048.891,-115.2284,
-064.706,-147.8440,-048.870,-115.2241,
-064.532,-152.0631,-048.854,-115.2096,
-064.445,-155.9225,-048.848,-115.1911,
-064.413,-158.7198,-048.840,-115.1941,
-064.431,-163.4826,-048.857,-115.2015,
-064.450,-167.5476,-048.845,-115.2060,
-064.498,-171.0838,-048.842,-115.2047,
-064.437,-177.2382,-048.831,-115.1946,
-064.347,178.2543,-048.836,-115.1989,
-064.249,174.4259,-048.845,-115.1899,
-064.066,169.3877,-048.884,-115.1991,
-064.056,166.6759,-048.891,-115.1945,
-064.155,164.1867,-048.893,-115.1933,
-064.411,160.5865,-048.898,-115.2001,
-064.655,158.0783,-048.913,-115.2081,
-064.996,155.5793,-048.910,-115.2256,
-065.448,151.9799,-048.864,-115.1944,
-065.796,150.1218,-048.842,-115.2081,
-066.219,148.1383,-048.838,-115.2019,
-066.825,146.6248,-048.831,-115.2014,
-067.332,145.7498,-048.820,-115.1803,
-068.005,145.0085,-048.831,-115.1734,
-068.819,145.0572,-048.820,-115.1677,
-069.407,145.4294,-048.823,-115.1757,
-070.286,146.6520,-048.818,-115.1772,
-071.090,147.6475,-048.808,-115.1653,
-071.650,148.4640,-048.834,-115.1722,
-072.283,149.5436,-048.828,-115.1639,
-072.611,151.0956,-048.841,-115.1821,
-072.839,151.5963,-048.894,-115.1745,
-073.005,153.5152,-048.794,-115.1770,
-073.077,155.8387,-048.846,-115.1855,
-073.070,156.6991,-048.815,-115.1677,
-072.976,157.8810,-048.844,-115.1764,
-072.818,158.2362,-048.852,-115.1787,
-072.426,157.9458,-048.865,-115.1715,
-072.134,156.1388,-048.851,-115.1550,
-071.905,153.9484,-048.838,-115.1412,
-071.502,150.9052,-048.842,-115.1438,
-070.880,148.5915,-048.849,-115.1545,
-070.512,147.7175,-048.834,-115.1451,
-070.347,146.6485,-048.841,-115.1660,
-070.530,146.0843,-048.847,-115.1837,
-070.658,145.1410,-048.842,-115.1827,
-071.025,143.8261,-048.859,-115.1893,
-071.342,142.7243,-048.855,-115.1655,
-071.716,142.8580,-048.851,-115.1601,
-072.175,141.8694,-048.828,-115.1555,
-072.746,141.7636,-048.831,-115.1660,
-073.253,141.0036,-048.832,-115.1530,
-074.002,139.6385,-048.808,-115.1435,
-074.685,140.3453,-048.819,-115.1434,
-075.523,142.0291,-048.831,-115.1380,
-077.265,144.6414,-048.836,-115.1270,
-079.025,146.9169,-048.841,-115.1305,
-081.594,148.2996,-048.844,-115.1376,
-085.336,151.5450,-048.850,-115.1289,
-088.292,148.3884,-048.852,-115.1431,
-092.797,157.7489,-048.852,-115.1481,
-101.080,-120.7241,-048.855,-115.1577,
-093.863,-080.0313,-048.861,-115.1483,
-088.009,-063.9618,-048.847,-115.1396,
-083.871,-053.7287,-048.830,-115.1306,
-081.941,-049.9545,-048.805,-115.1271,
-079.904,-046.2196,-048.799,-115.1357,
-078.512,-044.4888,-048.836,-115.1330,
-077.425,-043.9273,-048.845,-115.1289,
-076.101,-044.3506,-048.872,-115.1321,
-074.892,-044.0863,-048.881,-115.1383,
-074.025,-043.1548,-048.870,-115.1367,
-072.893,-040.3361,-048.885,-115.1351,
-072.328,-038.2464,-048.862,-115.1439,
-071.800,-036.7058,-048.885,-115.1249,
-071.348,-034.3779,-048.896,-115.1460,
-071.041,-032.0707,-048.893,-115.1269,
-070.736,-030.0523,-048.879,-115.1429,
-070.327,-026.6766,-048.862,-115.1388,
-070.050,-024.2619,-048.872,-115.1381,
-069.684,-019.6772,-048.878,-115.1549,
DATA_END,
