FILENAME,E:\T_23\23_USP\ACQUIREDDATA\1AHHF08.MDB,
STEP,1,-90,-90,0,FORWARD,
SCAN,360,-179,180,1,FORWARD,
FREQ,SINGLE,1,8,
BEAM,1,
AXIS,0,
BINS,2,
SELECTED SCAN,ALL,
SELECTED FREQ,ALL,
SELECTED BEAM,ALL,
SELECTED BINS,ALL,
DATA_START,
-067.286,031.6318,-043.972,069.1975,
-067.094,035.3971,-043.988,069.1909,
-066.981,039.8539,-043.983,069.1898,
-066.894,044.1962,-043.989,069.1952,
-066.892,048.6358,-043.983,069.1992,
-066.939,053.0819,-043.980,069.2048,
-066.893,056.1062,-043.975,069.1979,
-066.871,059.2634,-043.969,069.2043,
-066.815,062.2726,-043.953,069.2065,
-066.664,064.3503,-043.937,069.2158,
-066.546,067.1158,-043.937,069.2062,
-066.426,069.6071,-043.936,069.2057,
-066.341,072.2870,-043.938,069.1974,
-066.229,075.8963,-043.950,069.2079,
-066.141,078.8918,-043.961,069.1982,
-066.010,081.6678,-043.976,069.1933,
-065.968,086.5037,-043.969,069.1927,
-065.976,090.6556,-043.968,069.1981,
-066.044,094.3528,-043.968,069.1981,
-066.216,099.8011,-043.963,069.1977,
-066.372,104.5865,-043.959,069.1998,
-066.557,108.7715,-043.943,069.2023,
-066.937,115.4524,-043.935,069.1990,
-067.199,120.3143,-043.927,069.2095,
-067.503,123.4353,-043.927,069.2055,
-067.915,129.6957,-043.943,069.2000,
-068.239,133.7561,-043.950,069.2013,
-068.502,137.3176,-043.955,069.1921,
-069.126,144.5848,-043.954,069.1894,
-069.509,149.1964,-043.956,069.1871,
-069.917,154.3427,-043.941,069.1850,
-070.617,161.9104,-043.928,069.1919,
-071.025,166.7139,-043.930,069.1888,
-071.565,172.0983,-043.920,069.1904,
-072.247,-178.2099,-043.916,069.1857,
-072.755,-171.7653,-043.927,069.1834,
-073.197,-164.2112,-043.931,069.1722,
-073.988,-152.0408,-043.953,069.1655,
-074.613,-144.6175,-043.960,069.1725,
-075.583,-136.2518,-043.980,069.1707,
-077.036,-123.0588,-043.974,069.1787,
-078.064,-114.1041,-043.981,069.1709,
-079.391,-096.5638,-043.977,069.1652,
-080.291,-072.5732,-043.979,069.1636,
-080.534,-059.2776,-043.986,069.1644,
-079.762,-032.4732,-044.002,069.1740,
-078.525,-015.0458,-044.014,069.1777,
-077.612,-003.5816,-044.015,069.1805,
-076.587,010.3660,-044.008,069.1756,
-075.861,021.0118,-044.001,069.1870,
-075.315,029.4171,-043.979,069.1881,
-074.600,042.6748,-043.969,069.1998,
-073.930,050.1876,-043.943,069.1998,
-073.238,056.3523,-043.946,069.2072,
-072.495,065.8188,-043.952,069.2076,
-072.147,071.0141,-043.953,069.2063,
-071.713,077.9892,-043.947,069.2007,
-071.372,087.4543,-043.957,069.2228,
-071.121,094.2583,-043.983,069.2105,
-071.072,102.2239,-043.996,069.2089,
-071.067,111.0280,-043.998,069.1985,
-071.197,118.2130,-043.990,069.2144,
-071.382,127.7477,-043.966,069.2016,
-071.536,138.3580,-043.987,069.1962,
-071.563,145.8868,-043.976,069.2014,
-071.596,155.6781,-043.975,069.1938,
-071.767,163.3080,-043.967,069.2024,
-071.895,169.3319,-043.960,069.2021,
-072.261,177.8334,-043.955,069.2108,
-072.742,-175.9996,-043.951,069.2028,
-073.145,-171.2428,-043.958,069.2059,
-073.946,-162.7870,-043.955,069.2080,
-074.507,-156.0284,-043.962,069.2028,
-075.122,-149.5909,-043.960,069.2023,
-075.927,-142.7546,-043.932,069.2051,
-076.432,-139.7242,-043.926,069.2030,
-077.329,-136.9413,-043.913,069.2069,
-078.651,-137.8130,-043.921,069.2129,
-079.612,-143.0399,-043.927,069.2140,
-081.143,-150.4371,-043.933,069.2076,
-081.747,-165.5656,-043.926,069.2133,
-081.647,-174.7025,-043.928,069.2128,
-080.545,173.2829,-043.946,069.2077,
-078.819,168.4791,-043.957,069.1986,
-077.615,166.0857,-043.957,069.1928,
-075.968,166.7168,-043.960,069.1937,
-074.774,169.2533,-043.965,069.1875,
-073.900,172.4547,-043.965,069.1805,
-072.763,177.4750,-043.967,069.1918,
-071.971,-178.2379,-043.970,069.1894,
-071.268,-173.2753,-043.981,069.1845,
-070.272,-167.0036,-043.973,069.1838,
-069.545,-162.4956,-043.984,069.1754,
-068.963,-157.8066,-043.993,069.1776,
-068.288,-150.9932,-043.991,069.1822,
-067.980,-146.7571,-043.989,069.1825,
-067.680,-141.3609,-043.973,069.1888,
-067.424,-134.7318,-043.959,069.1930,
-067.283,-129.8154,-043.950,069.1928,
-067.093,-123.5781,-043.947,069.1876,
-066.955,-116.0497,-043.953,069.1997,
-066.875,-110.6246,-043.996,069.1902,
-066.878,-103.2523,-043.969,069.1988,
-066.872,-095.4021,-043.990,069.1929,
-066.921,-089.3374,-044.004,069.1879,
-066.946,-080.8554,-044.016,069.1898,
-066.961,-073.0476,-044.017,069.1886,
-066.991,-067.2237,-044.018,069.1796,
-067.231,-058.6696,-043.993,069.1931,
-067.436,-051.9174,-043.993,069.1915,
-067.648,-045.4209,-043.979,069.2033,
-067.897,-035.6580,-043.960,069.2031,
-067.983,-029.5606,-043.959,069.2044,
-068.083,-023.1913,-043.938,069.2160,
-068.207,-015.8567,-043.944,069.2118,
-068.297,-010.9684,-043.956,069.2072,
-068.417,-005.5492,-043.965,069.2209,
-068.483,000.9362,-043.971,069.2078,
-068.575,003.6717,-043.983,069.2126,
-069.014,007.1947,-043.973,069.2244,
-069.587,010.1254,-043.982,069.2149,
-070.227,012.7436,-043.986,069.2165,
-071.284,018.0083,-043.994,069.2181,
-072.077,022.3094,-043.994,069.2123,
-072.573,026.1412,-044.006,069.2152,
-073.140,029.0175,-044.009,069.2012,
-073.892,028.8186,-044.020,069.2090,
-074.433,027.7821,-044.019,069.2098,
-075.191,024.5068,-044.005,069.2112,
-075.536,022.4871,-044.012,069.2156,
-075.710,019.8724,-044.018,069.2098,
-075.183,014.3918,-044.024,069.2158,
-074.814,010.4053,-044.016,069.2193,
-074.246,005.7854,-044.022,069.2115,
-073.547,001.5725,-044.029,069.2182,
-073.139,-000.0697,-044.039,069.2218,
-072.746,-002.6455,-044.044,069.2097,
-072.288,-003.1748,-044.039,069.2210,
-072.029,-003.8008,-044.039,069.2154,
-071.706,-003.9285,-044.016,069.2104,
-071.461,-004.5825,-044.003,069.2186,
-071.271,-003.9150,-043.984,069.2156,
-070.995,-003.1193,-043.971,069.2298,
-070.889,-001.9733,-043.981,069.2136,
-070.837,-000.8079,-043.972,069.2184,
-070.885,001.7538,-043.988,069.2238,
-070.906,004.0117,-043.993,069.2143,
-070.874,005.7686,-044.002,069.2077,
-070.841,010.3279,-044.015,069.2147,
-070.793,012.5524,-044.013,069.2125,
-070.755,014.9412,-043.996,069.2137,
-070.692,018.3346,-043.984,069.2214,
-070.686,020.0147,-043.979,069.2142,
-070.710,021.9131,-043.969,069.2246,
-070.881,023.4574,-043.971,069.2263,
-070.991,024.6064,-043.968,069.2279,
-071.160,025.6956,-043.958,069.2231,
-071.571,029.2050,-043.957,069.2276,
-071.817,030.8099,-043.970,069.2195,
-072.124,033.5538,-043.987,069.2155,
-072.807,038.0456,-043.975,069.2173,
-073.215,041.9757,-043.969,069.2198,
-073.739,047.7934,-043.956,069.2299,
-074.228,054.7676,-043.943,069.2345,
-074.565,058.5879,-043.939,069.2326,
-074.671,063.8763,-043.930,069.2323,
-074.611,072.1512,-043.940,069.2346,
-074.456,076.1256,-043.939,069.2389,
-074.384,082.0337,-043.938,069.2266,
-074.221,086.6660,-043.933,069.2267,
-074.139,090.1258,-043.935,069.2236,
-074.305,095.6343,-043.950,069.2313,
-074.224,100.5288,-043.952,069.2280,
-074.126,104.3443,-043.941,069.2265,
-073.757,110.6325,-043.933,069.2300,
-073.429,115.2264,-043.934,069.2191,
-072.828,117.7147,-043.936,069.2291,
-072.090,120.2993,-043.944,069.2267,
-071.488,121.3734,-043.950,069.2170,
-070.981,121.0197,-043.962,069.2232,
-070.498,120.3949,-043.969,069.2139,
-070.254,119.4344,-043.969,069.2198,
-069.932,118.3216,-043.983,069.2196,
-069.763,117.1290,-043.991,069.2164,
-069.670,116.7278,-043.983,069.2199,
-069.572,114.9788,-043.968,069.2316,
-069.524,114.1754,-043.941,069.2303,
-069.416,112.5857,-043.934,069.2352,
-069.230,111.3323,-043.917,069.2424,
-069.047,109.7906,-043.917,069.2394,
-068.820,107.7041,-043.920,069.2491,
-068.617,105.1152,-043.921,069.2421,
-068.536,103.0658,-043.933,069.2435,
-068.492,101.5200,-043.955,069.2511,
-068.503,098.9513,-043.966,069.2473,
-068.546,096.9406,-043.973,069.2378,
-068.621,094.1468,-043.977,069.2428,
-068.850,092.0375,-043.967,069.2476,
-069.028,090.3500,-043.964,069.2562,
-069.279,088.9578,-043.948,069.2465,
-069.513,088.0357,-043.941,069.2429,
-069.565,087.3203,-043.936,069.2442,
-069.586,084.3362,-043.938,069.2482,
-069.672,081.3038,-043.927,069.2419,
-069.693,078.7188,-043.938,069.2515,
-069.863,074.9788,-043.949,069.2336,
-070.013,071.9218,-043.967,069.2349,
-070.318,069.4131,-043.965,069.2408,
-070.780,066.3314,-043.970,069.2331,
-071.079,063.9777,-043.950,069.2374,
-071.421,061.2814,-043.938,069.2492,
-071.895,057.1086,-043.913,069.2606,
-072.260,053.7462,-043.904,069.2613,
-072.570,049.3286,-043.905,069.2628,
-073.233,043.9266,-043.933,069.2604,
-073.518,039.6177,-043.944,069.2561,
-073.877,034.5809,-043.946,069.2382,
-074.424,029.6156,-043.966,069.2307,
-074.853,026.2252,-043.964,069.2390,
-075.463,022.1750,-043.964,069.2378,
-076.200,016.8128,-043.958,069.2407,
-076.750,012.6738,-043.945,069.2465,
-077.500,009.5581,-043.927,069.2575,
-078.363,003.2755,-043.919,069.2544,
-078.939,000.0468,-043.921,069.2566,
-079.902,-006.0345,-043.917,069.2439,
-080.763,-015.7039,-043.948,069.2540,
-081.133,-023.3421,-043.949,069.2470,
-081.772,-036.9563,-043.971,069.2437,
-082.357,-050.7219,-043.962,069.2404,
-083.013,-065.5717,-043.972,069.2472,
-082.202,-092.0775,-043.967,069.2566,
-081.041,-109.3137,-043.955,069.2551,
-079.816,-119.4866,-043.962,069.2568,
-078.280,-134.8341,-043.944,069.2506,
-077.129,-144.8801,-043.948,069.2508,
-075.935,-154.0722,-043.955,069.2514,
-074.391,-163.6111,-043.971,069.2326,
-073.294,-169.2501,-043.999,069.2344,
-072.146,-175.6323,-044.018,069.2274,
-071.130,177.0938,-044.027,069.2269,
-070.424,171.5836,-044.019,069.2332,
-069.680,164.7122,-043.999,069.2362,
-068.962,157.9236,-043.983,069.2348,
-068.552,153.1059,-043.976,069.2350,
-068.001,145.4098,-043.964,069.2398,
-067.395,138.9012,-043.963,069.2449,
-066.968,133.2532,-043.969,069.2432,
-066.304,125.5766,-043.987,069.2405,
-065.842,119.3013,-043.992,069.2293,
-065.492,113.6277,-044.000,069.2250,
-065.010,106.0510,-044.008,069.2215,
-064.733,100.7779,-044.021,069.2303,
-064.523,095.4987,-044.022,069.2341,
-064.399,088.9064,-044.013,069.2331,
-064.329,084.0168,-043.992,069.2430,
-064.337,078.8078,-043.963,069.2444,
-064.447,072.5800,-043.949,069.2570,
-064.583,068.2943,-043.950,069.2565,
-064.770,063.0408,-043.961,069.2550,
-065.042,057.3992,-043.978,069.2600,
-065.231,053.0023,-044.004,069.2470,
-065.546,047.4323,-044.030,069.2451,
-065.920,041.9910,-044.033,069.2334,
-066.209,038.1396,-044.028,069.2289,
-066.712,032.8003,-044.013,069.2331,
-067.233,028.1729,-044.015,069.2394,
-067.717,024.3857,-044.008,069.2380,
-068.454,020.0007,-044.000,069.2357,
-069.096,017.3490,-043.987,069.2390,
-069.724,015.0982,-044.000,069.2349,
-070.550,012.4238,-044.008,069.2337,
-071.225,011.5137,-044.011,069.2275,
-072.041,011.8425,-044.008,069.2276,
-072.934,013.8572,-044.002,069.2371,
-073.275,016.1438,-044.010,069.2286,
-073.474,020.2289,-044.008,069.2243,
-073.348,025.5336,-043.990,069.2273,
-073.028,028.2576,-043.987,069.2390,
-072.475,030.6889,-043.974,069.2396,
-071.748,031.0161,-043.965,069.2416,
-071.318,030.3685,-043.967,069.2382,
-070.779,029.1572,-043.970,069.2361,
-070.271,027.6252,-043.969,069.2420,
-070.013,025.8419,-043.980,069.2397,
-069.691,022.3128,-043.997,069.2428,
-069.411,018.4679,-044.008,069.2482,
-069.215,015.3752,-044.016,069.2414,
-068.896,009.0809,-044.019,069.2360,
-068.760,005.0523,-044.004,069.2432,
-068.653,001.0307,-044.003,069.2386,
-068.438,-004.2601,-043.988,069.2461,
-068.448,-007.9768,-043.986,069.2330,
-068.427,-012.4664,-044.000,069.2273,
-068.403,-018.0147,-044.007,069.2350,
-068.478,-021.5479,-044.010,069.2344,
-068.487,-026.0497,-044.003,069.2320,
-068.553,-030.5661,-043.996,069.2373,
-068.676,-033.6145,-043.975,069.2393,
-068.864,-038.1411,-043.958,069.2526,
-069.116,-041.9517,-043.944,069.2612,
-069.391,-043.4986,-043.933,069.2579,
-070.112,-047.0223,-043.931,069.2582,
-071.160,-049.7762,-043.934,069.2576,
-072.127,-051.7821,-043.940,069.2547,
-073.983,-055.5737,-043.962,069.2489,
-075.685,-058.8369,-043.980,069.2407,
-077.399,-059.5569,-043.996,069.2370,
-081.234,-060.7448,-043.996,069.2388,
-085.272,-056.0582,-044.007,069.2456,
-091.890,-033.0338,-043.988,069.2519,
-090.147,071.6728,-044.016,069.2497,
-085.377,078.7978,-044.006,069.2479,
-081.383,080.6644,-044.006,069.2495,
-078.044,079.0077,-043.992,069.2447,
-076.233,077.5355,-043.998,069.2489,
-074.376,075.7037,-044.008,069.2405,
-072.489,072.5794,-044.011,069.2450,
-071.567,070.4522,-044.016,069.2454,
-070.489,067.2800,-044.014,069.2541,
-069.573,063.8775,-044.003,069.2473,
-069.041,062.0045,-043.994,069.2611,
-068.458,058.9048,-043.970,069.2758,
-067.924,055.5779,-043.957,069.2854,
-067.622,053.1067,-043.939,069.2857,
-067.109,048.6593,-043.949,069.2827,
-066.721,045.7919,-043.967,069.2779,
-066.476,043.9630,-043.968,069.2826,
-066.106,041.0729,-043.999,069.2762,
-065.923,039.2212,-044.004,069.2690,
-065.806,037.7875,-044.023,069.2730,
-065.579,036.1782,-044.029,069.2736,
-065.470,035.4367,-044.026,069.2803,
-065.357,034.9187,-044.016,069.2797,
-065.302,034.6397,-043.995,069.2824,
-065.384,034.5625,-044.002,069.2739,
-065.518,034.1259,-043.999,069.2750,
-065.737,033.4989,-043.997,069.2773,
-065.860,032.4151,-043.997,069.2755,
-066.012,032.1314,-043.995,069.2811,
-066.202,031.5648,-044.012,069.2778,
-066.380,031.4106,-044.002,069.2790,
-066.630,031.1992,-044.006,069.2781,
-066.912,030.8466,-044.004,069.2766,
-067.139,030.2200,-043.994,069.2743,
-067.447,028.9199,-043.979,069.2741,
-067.661,027.7900,-043.968,069.2854,
-067.814,026.9152,-043.959,069.2881,
-067.957,025.8798,-043.956,069.2889,
-067.984,024.8848,-043.950,069.2993,
-068.037,024.0156,-043.980,069.2844,
-068.041,022.9038,-044.005,069.2769,
-068.031,022.5704,-044.011,069.2679,
-068.005,022.7254,-044.017,069.2716,
-067.950,023.1395,-044.032,069.2756,
-067.893,023.5293,-044.045,069.2766,
-067.831,024.5799,-044.034,069.2771,
-067.632,025.9307,-044.024,069.2823,
-067.611,027.4538,-044.030,069.2782,
-067.425,030.4521,-044.034,069.2804,
DATA_END,
