FILENAME,E:\T_23\23_USP\ACQUIREDDATA\1AHHF09.MDB,
STEP,1,-90,-90,0,FORWARD,
SCAN,360,180,-179,1,REVERSE,
FREQ,SINGLE,1,9,
BEAM,1,
AXIS,0,
BINS,2,
SELECTED SCAN,ALL,
SELECTED FREQ,ALL,
SELECTED BEAM,ALL,
SELECTED BINS,ALL,
DATA_START,
-071.862,-136.0065,-049.567,-115.5174,
-071.951,-138.3705,-049.548,-115.5399,
-072.043,-139.7468,-049.598,-115.5598,
-072.271,-141.6425,-049.598,-115.5616,
-072.452,-144.4819,-049.544,-115.5605,
-072.687,-146.1191,-049.593,-115.5788,
-072.784,-148.9310,-049.575,-115.5753,
-073.018,-151.5170,-049.507,-115.5547,
-073.208,-155.4460,-049.559,-115.5799,
-073.469,-158.2063,-049.559,-115.5789,
-073.963,-162.2620,-049.568,-115.5881,
-074.597,-165.8815,-049.531,-115.5903,
-075.049,-169.1405,-049.518,-115.5763,
-075.666,-171.7250,-049.572,-115.5895,
-076.643,-173.6100,-049.576,-115.5862,
-077.309,-176.3428,-049.562,-115.5795,
-078.223,178.8549,-049.515,-115.5793,
-078.967,173.5238,-049.468,-115.5647,
-079.691,165.4707,-049.470,-115.5808,
-080.574,154.1509,-049.488,-115.5924,
-081.335,138.2163,-049.453,-115.5800,
-081.449,126.6243,-049.457,-115.5859,
-081.098,111.6730,-049.479,-115.5879,
-080.614,101.4162,-049.463,-115.5662,
-079.933,096.0785,-049.461,-115.5864,
-078.920,088.9366,-049.481,-115.5959,
-077.620,084.0069,-049.488,-115.6152,
-076.850,080.2440,-049.479,-115.5907,
-075.397,075.9717,-049.497,-115.5932,
-074.380,072.8549,-049.545,-115.6191,
-073.620,071.0412,-049.531,-115.6123,
-072.933,068.9321,-049.533,-115.6204,
-072.409,067.9217,-049.549,-115.6141,
-072.140,067.4521,-049.555,-115.6180,
-071.705,068.3862,-049.527,-115.6210,
-071.413,069.2019,-049.504,-115.6153,
-071.129,070.5592,-049.479,-115.5871,
-070.622,071.4133,-049.506,-115.5741,
-070.258,072.5634,-049.473,-115.5842,
-070.079,073.6285,-049.479,-115.5625,
-069.863,075.6885,-049.500,-115.5591,
-069.726,077.9468,-049.521,-115.5650,
-069.624,080.4892,-049.477,-115.5618,
-069.551,083.6328,-049.492,-115.5574,
-069.486,086.2278,-049.505,-115.5704,
-069.471,089.1285,-049.461,-115.5610,
-069.569,092.5622,-049.501,-115.5719,
-069.674,095.5286,-049.535,-115.5798,
-069.940,099.0256,-049.559,-115.5716,
-070.260,103.5626,-049.549,-115.5865,
-070.556,107.0051,-049.576,-115.5715,
-071.063,111.5275,-049.491,-115.5629,
-071.584,116.4136,-049.492,-115.5446,
-072.033,119.8613,-049.567,-115.5514,
-072.716,124.4834,-049.582,-115.5709,
-073.422,128.7183,-049.583,-115.5541,
-074.114,133.1296,-049.572,-115.5673,
-075.294,138.9804,-049.576,-115.5577,
-076.034,144.6830,-049.580,-115.5573,
-076.960,149.9954,-049.582,-115.5726,
-078.522,156.7937,-049.593,-115.5640,
-079.612,162.0263,-049.586,-115.5685,
-081.554,168.9460,-049.576,-115.5623,
-083.889,177.4588,-049.549,-115.5746,
-086.450,-174.6226,-049.569,-115.5713,
-090.279,-157.0336,-049.615,-115.5716,
-094.617,-121.0366,-049.585,-115.5778,
-094.844,-059.6201,-049.566,-115.5782,
-090.845,-023.1921,-049.593,-115.5824,
-086.849,-005.9781,-049.581,-115.5755,
-085.587,004.0303,-049.549,-115.5774,
-083.491,014.3148,-049.538,-115.5777,
-082.454,019.1134,-049.527,-115.5753,
-081.723,025.2659,-049.518,-115.5662,
-080.891,034.4861,-049.539,-115.5638,
-080.302,040.3194,-049.534,-115.5735,
-079.741,045.6724,-049.525,-115.5819,
-079.146,054.3335,-049.541,-115.5938,
-079.010,058.3608,-049.548,-115.5756,
-078.808,065.2318,-049.539,-115.5739,
-078.714,074.2992,-049.535,-115.5679,
-078.536,078.3721,-049.543,-115.5697,
-078.423,085.5730,-049.529,-115.5915,
-078.198,092.3367,-049.543,-115.5909,
-078.289,097.0761,-049.545,-115.5778,
-078.333,102.6492,-049.533,-115.5920,
-078.505,109.3734,-049.504,-115.5670,
-078.686,113.7495,-049.488,-115.5670,
-078.688,119.2425,-049.467,-115.5802,
-078.763,123.3209,-049.460,-115.5837,
-078.849,126.4773,-049.470,-115.6081,
-078.933,128.8131,-049.482,-115.5977,
-079.516,130.6580,-049.488,-115.6079,
-079.770,129.4439,-049.490,-115.6141,
-080.234,129.8800,-049.495,-115.6126,
-080.713,128.0517,-049.492,-115.6129,
-081.006,127.4508,-049.476,-115.6028,
-081.090,123.5797,-049.482,-115.6040,
-080.609,123.5726,-049.478,-115.6054,
-080.473,125.0895,-049.490,-115.5831,
-079.910,127.6756,-049.526,-115.5845,
-079.488,130.1606,-049.537,-115.5952,
-078.758,131.4118,-049.543,-115.5891,
-077.951,137.0782,-049.561,-115.5815,
-077.292,140.8357,-049.567,-115.5872,
-076.500,146.2941,-049.558,-115.6020,
-076.086,152.9678,-049.641,-115.6039,
-075.660,159.2960,-049.576,-115.5991,
-075.071,168.8354,-049.598,-115.5939,
-074.600,178.4920,-049.603,-115.6090,
-074.294,-173.5934,-049.592,-115.5937,
-073.690,-162.3645,-049.504,-115.5633,
-073.274,-153.9947,-049.586,-115.5768,
-073.049,-147.0022,-049.590,-115.5690,
-072.672,-136.2284,-049.614,-115.5718,
-072.553,-128.7133,-049.598,-115.5634,
-072.351,-120.4773,-049.605,-115.5728,
-072.183,-109.9399,-049.608,-115.5568,
-072.014,-101.1653,-049.604,-115.5600,
-071.887,-091.9058,-049.608,-115.5586,
-071.428,-080.5602,-049.603,-115.5749,
-071.235,-073.2580,-049.611,-115.5647,
-071.024,-064.4688,-049.577,-115.5667,
-070.837,-054.2688,-049.558,-115.5524,
-070.781,-048.4556,-049.551,-115.5523,
-070.803,-040.2011,-049.587,-115.5472,
-071.016,-029.8561,-049.619,-115.5564,
-071.071,-022.6257,-049.610,-115.5547,
-071.108,-012.9813,-049.599,-115.5550,
-071.205,-004.4040,-049.556,-115.5435,
-071.413,003.0517,-049.598,-115.5754,
-071.731,013.9555,-049.557,-115.5553,
-072.071,023.6220,-049.515,-115.5529,
-072.339,030.2575,-049.490,-115.5275,
-072.814,041.7238,-049.494,-115.5453,
-073.235,049.2138,-049.496,-115.5223,
-073.707,057.3042,-049.502,-115.5288,
-074.128,068.7899,-049.623,-115.5550,
-074.727,078.2224,-049.589,-115.5414,
-075.143,090.2453,-049.535,-115.5304,
-075.718,105.0178,-049.554,-115.5318,
-076.094,115.1085,-049.557,-115.5397,
-076.265,128.4226,-049.531,-115.5291,
-076.558,141.0800,-049.492,-115.5310,
-076.611,151.0344,-049.521,-115.5358,
-076.638,162.1751,-049.511,-115.5295,
-076.623,171.4146,-049.503,-115.5086,
-076.761,179.4107,-049.524,-115.5134,
-076.908,-169.6456,-049.533,-115.5151,
-077.178,-160.4740,-049.541,-115.5278,
-077.250,-153.3111,-049.533,-115.5114,
-077.751,-144.8649,-049.547,-115.5161,
-078.083,-137.6867,-049.519,-115.5259,
-078.462,-132.7678,-049.554,-115.5355,
-078.566,-126.1797,-049.579,-115.5573,
-078.948,-120.2699,-049.586,-115.5437,
-079.244,-114.8507,-049.585,-115.5392,
-080.083,-108.6186,-049.609,-115.5530,
-080.437,-104.1348,-049.607,-115.5283,
-080.884,-100.8341,-049.541,-115.5113,
-081.521,-096.1232,-049.512,-115.5158,
-081.544,-094.8474,-049.520,-115.5139,
-081.536,-091.7111,-049.531,-115.5043,
-081.838,-088.3295,-049.479,-115.4833,
-082.219,-086.0835,-049.524,-115.5024,
-082.259,-088.4168,-049.533,-115.5068,
-082.441,-089.8070,-049.492,-115.4917,
-082.878,-090.9740,-049.511,-115.4977,
-082.685,-096.6212,-049.537,-115.4981,
-082.054,-100.3911,-049.476,-115.4938,
-081.726,-102.2545,-049.523,-115.4824,
-080.897,-102.3438,-049.507,-115.4799,
-080.414,-103.6681,-049.522,-115.4744,
-079.984,-102.5371,-049.511,-115.4666,
-079.478,-101.3185,-049.561,-115.4712,
-079.521,-098.9159,-049.523,-115.4568,
-079.475,-095.9394,-049.521,-115.4644,
-079.344,-095.1964,-049.479,-115.4433,
-079.386,-095.6826,-049.469,-115.4573,
-079.151,-096.1733,-049.478,-115.4644,
-078.981,-095.8748,-049.476,-115.4729,
-078.827,-096.9145,-049.486,-115.4733,
-078.652,-097.1932,-049.494,-115.4833,
-078.579,-095.6493,-049.533,-115.4894,
-078.581,-095.0906,-049.540,-115.4776,
-078.658,-093.0469,-049.498,-115.4746,
-078.465,-092.1773,-049.525,-115.4895,
-078.395,-093.2205,-049.536,-115.4936,
-078.396,-093.4424,-049.516,-115.4933,
-078.288,-093.6482,-049.948,-115.5742,
-078.049,-092.6364,-049.523,-115.5035,
-077.672,-092.9215,-049.534,-115.4939,
-077.325,-092.7047,-049.542,-115.5057,
-077.311,-093.5240,-049.532,-115.5125,
-076.913,-094.1749,-049.529,-115.5064,
-076.956,-094.7528,-049.534,-115.5022,
-076.850,-095.2710,-049.540,-115.4932,
-076.708,-095.8788,-049.541,-115.5031,
-076.557,-095.5721,-049.533,-115.5150,
-076.386,-094.4200,-049.518,-115.5132,
-076.095,-091.4044,-049.497,-115.5021,
-075.810,-088.0854,-049.511,-115.5114,
-075.737,-085.4082,-049.501,-115.4998,
-075.576,-081.9459,-049.503,-115.4986,
-075.404,-080.9257,-049.499,-115.5037,
-075.169,-080.5966,-049.493,-115.4989,
-074.964,-079.6111,-049.505,-115.5029,
-074.865,-079.9933,-049.542,-115.5011,
-074.668,-080.3947,-049.592,-115.4978,
-074.414,-080.2383,-049.585,-115.4811,
-074.427,-080.2155,-049.507,-115.4808,
-074.163,-081.6732,-049.490,-115.4829,
-074.091,-082.6677,-049.559,-115.4918,
-073.858,-083.2844,-049.552,-115.4769,
-073.472,-085.4421,-049.573,-115.4891,
-073.094,-086.3086,-049.539,-115.4759,
-072.639,-087.9296,-049.627,-115.4953,
-072.117,-089.8968,-049.594,-115.4772,
-071.658,-090.1386,-049.610,-115.4946,
-071.227,-091.7787,-049.547,-115.4758,
-070.771,-093.9387,-049.516,-115.4586,
-070.466,-096.3070,-049.558,-115.4781,
-070.146,-098.0119,-049.550,-115.4772,
-069.838,-101.1918,-049.546,-115.4749,
-069.544,-103.3969,-049.608,-115.4810,
-069.228,-106.2297,-049.575,-115.4786,
-068.975,-108.8003,-049.567,-115.4724,
-068.790,-110.6283,-049.614,-115.4803,
-068.634,-114.4661,-049.613,-115.4934,
-068.616,-117.1674,-049.551,-115.4753,
-068.572,-120.3681,-049.585,-115.4783,
-068.559,-124.1915,-049.632,-115.4872,
-068.624,-128.3037,-049.625,-115.5030,
-068.824,-132.2203,-049.619,-115.5027,
-069.067,-138.0896,-049.610,-115.4928,
-069.376,-142.6763,-049.609,-115.4892,
-069.720,-148.1628,-049.608,-115.4994,
-070.089,-156.3763,-049.607,-115.5116,
-070.434,-163.7074,-049.593,-115.5088,
-070.711,-171.7635,-049.576,-115.5071,
-071.051,178.7908,-049.565,-115.5148,
-071.197,169.9063,-049.576,-115.5162,
-071.374,160.3853,-049.541,-115.4985,
-071.484,151.4722,-049.586,-115.5124,
-071.676,144.3270,-049.602,-115.5214,
-071.849,134.9091,-049.528,-115.5138,
-072.094,125.6088,-049.547,-115.5079,
-072.322,118.0772,-049.537,-115.5127,
-072.498,109.4338,-049.308,-115.4741,
-072.882,094.6231,-049.375,-115.4890,
-073.092,086.6789,-049.581,-115.5175,
-073.516,074.0146,-049.524,-115.5015,
-073.713,063.6581,-049.520,-115.5084,
-073.965,053.5780,-049.513,-115.5175,
-074.224,040.8454,-049.508,-115.5080,
-074.636,030.9592,-049.501,-115.5079,
-074.838,021.7067,-049.495,-115.5206,
-075.363,008.6605,-049.504,-115.5250,
-075.686,-000.3401,-049.513,-115.5156,
-076.529,-011.5342,-049.506,-115.5256,
-077.139,-024.3178,-049.517,-115.5261,
-077.775,-036.2913,-049.504,-115.5104,
-078.472,-051.3816,-049.519,-115.5158,
-079.031,-068.6247,-049.508,-115.5117,
-079.380,-080.5097,-049.524,-115.5198,
-079.890,-097.8692,-049.541,-115.5086,
-080.456,-113.4107,-049.559,-115.5202,
-080.810,-125.6865,-049.544,-115.5220,
-081.606,-142.7737,-049.563,-115.5317,
-082.367,-161.5227,-049.556,-115.5169,
-082.740,179.1308,-049.544,-115.5110,
-082.784,155.2655,-049.559,-115.5247,
-082.344,137.3737,-049.564,-115.5150,
-081.703,120.0652,-049.565,-115.5222,
-081.094,105.1144,-049.552,-115.5173,
-080.834,089.8247,-049.555,-115.5078,
-080.884,076.1368,-049.559,-115.5147,
-080.578,055.7339,-049.571,-115.5215,
-080.481,041.7504,-049.588,-115.5314,
-080.199,024.1812,-049.593,-115.5308,
-079.941,004.0122,-049.624,-115.5336,
-079.608,-011.9491,-049.615,-115.5282,
-078.926,-030.5014,-049.610,-115.5159,
-077.804,-049.7833,-049.602,-115.5113,
-076.832,-062.8450,-049.613,-115.5386,
-075.902,-077.2861,-049.547,-115.5225,
-074.816,-092.7162,-049.605,-115.5368,
-074.071,-103.1223,-049.616,-115.5410,
-073.092,-117.3588,-049.534,-115.5405,
-072.104,-129.2314,-049.514,-115.5411,
-071.470,-138.2375,-049.522,-115.5265,
-070.524,-151.4160,-049.526,-115.5342,
-069.978,-160.4564,-049.525,-115.5306,
-069.595,-168.2080,-049.554,-115.5327,
-069.177,-179.8698,-049.552,-115.5220,
-068.964,171.9476,-049.542,-115.5295,
-068.824,163.0812,-049.552,-115.5118,
-068.585,151.0851,-049.548,-115.5187,
-068.519,142.8054,-049.530,-115.5291,
-068.396,134.3905,-049.551,-115.5496,
-068.266,123.4374,-049.532,-115.5472,
-068.269,116.1308,-049.514,-115.5366,
-068.265,107.0161,-049.538,-115.5318,
-068.357,096.8055,-049.563,-115.5206,
-068.559,089.2000,-049.536,-115.5147,
-068.775,080.3865,-049.521,-115.4864,
-069.209,069.4197,-049.522,-115.4853,
-069.461,061.5417,-049.529,-115.4844,
-069.924,051.0813,-049.504,-115.4702,
-070.469,039.4265,-049.537,-115.4834,
-070.929,031.1534,-049.557,-115.4699,
-071.696,016.6243,-049.509,-115.4859,
-072.406,003.9467,-049.503,-115.4803,
-072.827,-005.5381,-049.559,-115.4779,
-073.510,-021.6837,-049.557,-115.4754,
-073.927,-034.9995,-049.507,-115.4653,
-074.125,-047.0954,-049.486,-115.4570,
-074.341,-065.0135,-049.500,-115.4633,
-074.257,-077.7198,-049.463,-115.4481,
-074.074,-090.3323,-049.490,-115.4510,
-073.874,-105.8618,-049.522,-115.4762,
-073.646,-115.8109,-049.465,-115.4560,
-073.462,-126.9033,-049.450,-115.4643,
-073.304,-136.7638,-049.516,-115.4586,
-073.160,-144.5750,-049.517,-115.4622,
-073.202,-152.9086,-049.504,-115.4712,
-073.145,-162.1812,-049.514,-115.4634,
-073.232,-168.3223,-049.525,-115.4794,
-073.359,-176.7604,-049.552,-115.4824,
-073.452,175.7098,-049.547,-115.4904,
-073.677,168.8962,-049.533,-115.4876,
-074.067,160.7118,-049.540,-115.4913,
-074.678,153.5860,-049.573,-115.5000,
-075.164,147.5795,-049.509,-115.4777,
-076.157,139.8738,-049.484,-115.4554,
-077.212,132.8207,-049.532,-115.4566,
-078.597,127.8038,-049.453,-115.4267,
-080.550,121.4054,-049.505,-115.4254,
-082.563,114.7633,-049.534,-115.4380,
-085.337,109.3390,-049.517,-115.4165,
-089.478,099.9026,-049.540,-115.4217,
-096.309,075.1595,-049.570,-115.4287,
-096.608,-018.3239,-049.488,-115.4230,
-089.004,-056.7206,-049.507,-115.4260,
-084.909,-067.4329,-049.542,-115.4352,
-081.846,-075.7999,-049.499,-115.4307,
-079.663,-082.5353,-049.513,-115.4189,
-078.127,-086.2947,-049.515,-115.4414,
-076.813,-092.4059,-049.516,-115.4276,
-075.742,-098.5388,-049.532,-115.4346,
-075.181,-101.2072,-049.529,-115.4277,
-074.479,-106.1384,-049.499,-115.4235,
-073.948,-109.4764,-049.399,-115.4094,
-073.522,-112.9594,-049.734,-115.4642,
-073.022,-116.1735,-049.430,-115.4352,
-072.634,-119.6907,-049.538,-115.4292,
-072.353,-123.0495,-049.516,-115.4258,
-071.930,-126.2836,-049.520,-115.4298,
-071.851,-128.8161,-049.522,-115.4423,
-071.811,-132.2003,-049.526,-115.4125,
DATA_END,
