FILENAME,E:\T_23\23_USP\ACQUIREDDATA\1AHHF14.MDB,
STEP,1,-90,-90,0,FORWARD,
SCAN,360,-179,180,1,FORWARD,
FREQ,SINGLE,1,14,
BEAM,1,
AXIS,0,
BINS,2,
SELECTED SCAN,ALL,
SELECTED FREQ,ALL,
SELECTED BEAM,ALL,
SELECTED BINS,ALL,
DATA_START,
-061.577,083.5368,-042.277,154.7515,
-061.616,085.6954,-042.287,154.7435,
-061.595,088.6588,-042.257,154.7572,
-061.624,091.1529,-042.266,154.7570,
-061.603,094.1544,-042.247,154.7755,
-061.634,096.8579,-042.254,154.7727,
-061.652,100.2782,-042.273,154.7628,
-061.687,103.9613,-042.253,154.7748,
-061.750,108.1912,-042.268,154.7677,
-061.828,110.7985,-042.240,154.7752,
-061.800,114.8737,-042.228,154.7868,
-061.759,119.5267,-042.228,154.7821,
-061.780,122.6335,-042.204,154.7878,
-061.775,127.8213,-042.225,154.7871,
-061.682,132.9803,-042.242,154.7778,
-061.612,137.4734,-042.249,154.7773,
-061.585,144.5176,-042.267,154.7563,
-061.617,149.6682,-042.289,154.7605,
-061.610,153.3982,-042.298,154.7484,
-061.582,158.8088,-042.258,154.7527,
-061.540,163.9593,-042.287,154.7467,
-061.535,168.7650,-042.278,154.7581,
-061.517,177.0912,-042.272,154.7713,
-061.551,-175.6801,-042.282,154.7555,
-061.517,-170.9121,-042.259,154.7465,
-061.503,-161.6386,-042.256,154.7658,
-061.478,-155.9008,-042.270,154.7568,
-061.464,-150.0173,-042.236,154.7730,
-061.503,-138.7579,-042.297,154.7720,
-061.591,-133.0956,-042.297,154.7626,
-061.679,-125.7863,-042.276,154.7625,
-061.875,-115.6704,-042.304,154.7453,
-061.993,-108.0274,-042.302,154.7537,
-062.093,-100.3791,-042.313,154.7402,
-062.177,-089.1941,-042.292,154.7538,
-062.314,-082.4487,-042.315,154.7437,
-062.506,-072.6464,-042.293,154.7396,
-062.824,-059.5452,-042.277,154.7475,
-062.989,-052.1954,-042.283,154.7524,
-063.154,-041.5936,-042.281,154.7434,
-063.296,-028.1535,-042.294,154.7262,
-063.465,-019.5285,-042.306,154.7185,
-063.743,-006.6661,-042.292,154.7013,
-063.992,007.9272,-042.278,154.7119,
-064.052,017.1484,-042.270,154.7267,
-063.998,031.3730,-042.291,154.7291,
-063.920,045.4143,-042.307,154.7346,
-063.836,055.4401,-042.316,154.7263,
-063.684,071.6222,-042.299,154.7397,
-063.551,084.2254,-042.270,154.7410,
-063.393,093.9729,-042.269,154.7456,
-063.174,111.0152,-042.271,154.7419,
-062.998,121.5599,-042.290,154.7424,
-062.816,133.4185,-042.300,154.7511,
-062.567,149.3873,-042.243,154.7567,
-062.434,159.8447,-042.231,154.7604,
-062.278,172.5757,-042.265,154.7481,
-062.241,-172.3415,-042.222,154.7511,
-062.198,-161.4493,-042.246,154.7485,
-062.192,-148.3546,-042.257,154.7596,
-062.142,-132.6710,-042.230,154.7823,
-062.114,-121.4464,-042.249,154.7631,
-062.188,-106.7507,-042.189,154.7823,
-062.398,-091.1965,-042.246,154.7761,
-062.649,-079.7849,-042.214,154.7634,
-062.990,-062.8897,-042.256,154.7571,
-063.235,-046.0576,-042.249,154.7505,
-063.447,-032.0538,-042.244,154.7498,
-063.692,-012.0340,-042.240,154.7309,
-063.937,002.8988,-042.228,154.7426,
-064.218,017.5699,-042.218,154.7387,
-064.588,040.4689,-042.214,154.7500,
-064.765,057.4683,-042.217,154.7567,
-064.815,075.7828,-042.217,154.7512,
-064.799,098.1522,-042.184,154.7611,
-064.670,115.2837,-042.188,154.7531,
-064.434,134.3915,-042.230,154.7420,
-064.150,154.9892,-042.255,154.7165,
-064.025,169.4222,-042.218,154.7245,
-063.816,-173.1704,-042.230,154.7278,
-063.577,-154.7735,-042.244,154.7347,
-063.428,-141.4504,-042.248,154.7614,
-063.241,-124.2241,-042.255,154.7483,
-063.187,-107.4172,-042.240,154.7341,
-063.211,-094.6522,-042.212,154.7630,
-063.371,-077.4793,-042.236,154.7454,
-063.628,-061.4262,-042.213,154.7521,
-063.908,-049.0792,-042.223,154.7576,
-064.466,-030.8034,-042.216,154.7447,
-065.031,-016.3820,-042.207,154.7449,
-065.670,-002.5320,-042.229,154.7380,
-066.589,020.2238,-042.246,154.7231,
-067.191,038.5271,-042.233,154.7172,
-067.762,056.6230,-042.253,154.7130,
-068.513,082.1608,-042.275,154.7068,
-068.853,101.9465,-042.258,154.7131,
-068.937,124.7601,-042.233,154.6944,
-068.799,151.6082,-042.249,154.7029,
-068.582,168.0175,-042.217,154.7141,
-068.214,-170.7131,-042.197,154.7159,
-067.396,-148.0701,-042.218,154.7080,
-066.829,-132.9350,-042.204,154.7138,
-066.235,-114.0618,-042.247,154.7280,
-065.553,-095.3184,-042.215,154.7271,
-065.058,-083.0327,-042.225,154.7256,
-064.367,-066.4524,-042.237,154.7304,
-063.854,-052.4738,-042.268,154.7193,
-063.562,-042.2961,-042.260,154.7363,
-063.183,-027.7428,-042.268,154.7193,
-063.079,-016.0113,-042.256,154.7095,
-063.015,-005.4463,-042.279,154.7146,
-063.121,009.2017,-042.308,154.7069,
-063.213,021.0291,-042.290,154.7082,
-063.294,033.3070,-042.264,154.7433,
-063.413,049.6491,-042.250,154.7372,
-063.608,059.9309,-042.286,154.7330,
-063.898,071.7063,-042.284,154.7113,
-064.274,087.0047,-042.252,154.7272,
-064.528,098.2063,-042.259,154.7013,
-064.795,112.3810,-042.258,154.7114,
-064.868,128.0166,-042.272,154.7079,
-064.883,140.1267,-042.280,154.7027,
-064.826,154.5638,-042.304,154.6991,
-064.698,168.3756,-042.285,154.6955,
-064.556,179.8029,-042.258,154.7042,
-064.212,-166.0270,-042.290,154.6970,
-063.829,-155.2842,-042.284,154.7113,
-063.556,-145.5721,-042.260,154.7243,
-063.225,-132.8711,-042.261,154.7364,
-062.917,-124.8441,-042.281,154.7346,
-062.574,-117.0436,-042.253,154.7344,
-062.288,-107.2135,-042.296,154.7322,
-062.107,-100.8527,-042.305,154.7303,
-061.971,-094.2745,-042.288,154.7413,
-061.858,-086.2772,-042.276,154.7450,
-061.817,-080.9133,-042.297,154.7378,
-061.749,-073.2539,-042.303,154.7299,
-061.586,-065.4564,-042.295,154.7335,
-061.496,-060.6163,-042.309,154.7572,
-061.449,-054.1265,-042.321,154.7326,
-061.451,-047.1781,-042.282,154.7460,
-061.381,-042.0277,-042.272,154.7421,
-061.266,-035.4245,-042.270,154.7331,
-061.179,-030.5470,-042.292,154.7221,
-061.130,-026.4233,-042.325,154.7133,
-061.060,-020.6159,-042.340,154.7155,
-061.010,-015.9868,-042.310,154.7111,
-061.010,-013.1184,-042.311,154.7081,
-061.076,-007.7714,-042.307,154.7027,
-061.128,-004.5927,-042.312,154.7169,
-061.185,-001.5455,-042.287,154.7244,
-061.331,003.2297,-042.297,154.7084,
-061.326,006.6350,-042.301,154.7209,
-061.332,009.3830,-042.295,154.7161,
-061.274,013.3639,-042.308,154.7124,
-061.224,015.5561,-042.299,154.7222,
-061.162,017.7189,-042.316,154.7280,
-061.078,020.3169,-042.300,154.7272,
-061.048,021.3166,-042.298,154.7285,
-061.052,023.1685,-042.284,154.7398,
-061.173,023.9839,-042.277,154.7397,
-061.200,024.4760,-042.273,154.7390,
-061.322,024.0861,-042.293,154.7230,
-061.403,023.4286,-042.310,154.7167,
-061.497,022.8735,-042.317,154.7154,
-061.626,021.2171,-042.302,154.7219,
-061.734,020.7276,-042.291,154.7258,
-061.834,019.8797,-042.280,154.7289,
-061.940,017.3782,-042.312,154.7177,
-062.130,016.2007,-042.319,154.7125,
-062.303,015.1279,-042.308,154.7021,
-062.527,013.3837,-042.312,154.6930,
-062.685,011.6294,-042.305,154.7039,
-062.793,010.3118,-042.320,154.7134,
-062.925,006.8166,-042.340,154.6915,
-062.961,004.4974,-042.358,154.6877,
-062.954,003.0174,-042.335,154.6980,
-062.943,-000.0820,-042.320,154.7102,
-062.884,-001.6983,-042.311,154.7072,
-062.778,-004.3312,-042.309,154.7093,
-062.676,-008.6424,-042.332,154.7095,
-062.607,-011.1142,-042.334,154.7122,
-062.522,-015.5508,-042.334,154.7154,
-062.382,-020.2093,-042.311,154.7136,
-062.293,-024.2556,-042.344,154.7065,
-062.246,-030.2547,-042.322,154.7192,
-062.267,-035.0819,-042.295,154.7271,
-062.378,-039.2812,-042.320,154.7198,
-062.461,-044.6105,-042.307,154.7266,
-062.499,-048.9458,-042.293,154.7276,
-062.566,-053.8588,-042.308,154.7236,
-062.693,-060.6225,-042.325,154.7013,
-062.839,-065.5319,-042.325,154.7093,
-063.033,-070.3967,-042.324,154.7027,
-063.264,-077.1850,-042.325,154.6894,
-063.408,-081.5322,-042.300,154.6945,
-063.573,-086.6165,-042.299,154.6864,
-063.780,-092.7275,-042.312,154.6844,
-064.019,-097.0204,-042.315,154.6896,
-064.230,-102.6626,-042.321,154.6912,
-064.527,-107.8455,-042.304,154.7007,
-064.655,-111.3672,-042.312,154.6947,
-064.831,-117.1058,-042.290,154.7026,
-065.054,-122.4273,-042.323,154.6882,
-065.192,-126.4040,-042.318,154.7003,
-065.380,-132.2052,-042.310,154.6992,
-065.531,-137.4577,-042.313,154.7036,
-065.574,-142.2613,-042.328,154.6882,
-065.710,-149.9077,-042.338,154.6960,
-065.847,-156.1360,-042.328,154.7010,
-065.966,-162.1226,-042.346,154.6900,
-066.140,-169.6410,-042.339,154.6802,
-066.355,-175.5217,-042.339,154.6930,
-066.564,177.8512,-042.344,154.6769,
-066.960,169.4884,-042.340,154.6883,
-067.163,162.7741,-042.324,154.6805,
-067.343,153.6573,-042.340,154.6819,
-067.750,142.6980,-042.277,154.7134,
-068.087,135.7475,-042.273,154.7081,
-068.483,127.5383,-042.259,154.7116,
-068.858,119.6590,-042.260,154.7117,
-069.213,114.5057,-042.271,154.7149,
-069.844,105.6900,-042.282,154.7142,
-070.543,096.1018,-042.259,154.7123,
-070.996,090.8183,-042.295,154.7034,
-071.668,082.8502,-042.306,154.7105,
-072.577,071.1513,-042.301,154.7034,
-073.065,063.4556,-042.309,154.6982,
-074.151,053.2694,-042.268,154.7066,
-074.891,045.6655,-042.262,154.7089,
-075.393,037.7425,-042.282,154.7117,
-075.791,027.6329,-042.297,154.6909,
-075.905,023.1243,-042.308,154.6949,
-075.900,016.5193,-042.292,154.7045,
-075.514,005.3076,-042.289,154.6834,
-075.054,-003.8482,-042.268,154.7042,
-074.618,-013.4501,-042.265,154.6998,
-074.012,-026.9541,-042.290,154.7058,
-073.391,-035.3749,-042.310,154.6832,
-072.922,-047.0102,-042.281,154.6958,
-071.563,-060.6933,-042.285,154.6932,
-070.735,-069.3717,-042.283,154.7047,
-069.682,-083.0948,-042.294,154.7103,
-068.868,-097.6759,-042.277,154.7158,
-068.322,-108.6735,-042.290,154.7113,
-067.553,-125.4997,-042.293,154.7141,
-066.934,-139.5238,-042.268,154.7319,
-066.389,-150.7976,-042.264,154.7393,
-065.659,-165.4052,-042.286,154.7306,
-065.181,-177.8855,-042.271,154.7308,
-064.778,170.3587,-042.285,154.7297,
-064.274,153.5149,-042.263,154.7240,
-063.866,140.3821,-042.264,154.7496,
-063.511,127.2265,-042.283,154.7453,
-063.250,110.7100,-042.295,154.7479,
-063.094,097.8771,-042.308,154.7387,
-062.978,082.9484,-042.293,154.7341,
-062.782,064.8752,-042.312,154.7354,
-062.652,051.9617,-042.318,154.7419,
-062.425,036.1128,-042.311,154.7257,
-062.271,018.8449,-042.311,154.7256,
-062.199,006.1000,-042.306,154.7225,
-062.112,-011.2682,-042.293,154.7301,
-061.945,-028.2925,-042.280,154.7417,
-061.845,-040.8872,-042.305,154.7391,
-061.703,-058.8255,-042.320,154.7414,
-061.567,-075.2346,-042.328,154.7481,
-061.461,-088.4492,-042.310,154.7462,
-061.294,-107.6857,-042.343,154.7415,
-061.172,-122.8467,-042.311,154.7631,
-061.129,-136.5471,-042.311,154.7528,
-061.060,-155.3913,-042.325,154.7461,
-060.990,-169.9616,-042.311,154.7391,
-060.852,176.3415,-042.284,154.7478,
-060.742,159.4477,-042.288,154.7707,
-060.772,147.1221,-042.284,154.7637,
-060.943,134.3418,-042.291,154.7632,
-061.229,117.5363,-042.301,154.7663,
-061.486,105.7490,-042.298,154.7484,
-061.849,091.0872,-042.287,154.7714,
-062.261,073.4739,-042.265,154.7560,
-062.528,061.2451,-042.269,154.7583,
-062.838,044.8878,-042.276,154.7610,
-063.220,028.4174,-042.287,154.7578,
-063.540,016.1719,-042.292,154.7394,
-063.896,-002.9163,-042.309,154.7142,
-064.003,-018.3866,-042.325,154.7173,
-064.102,-030.3568,-042.318,154.7186,
-064.490,-046.9471,-042.333,154.7177,
-064.974,-059.8049,-042.318,154.7083,
-065.336,-072.5330,-042.287,154.7125,
-065.745,-088.4968,-042.301,154.7146,
-066.159,-097.9837,-042.291,154.7115,
-067.013,-108.3015,-042.295,154.7041,
-068.170,-122.8038,-042.291,154.7163,
-068.888,-134.8085,-042.267,154.6992,
-069.825,-149.3085,-042.276,154.6990,
-071.186,-165.7033,-042.279,154.7033,
-072.501,-178.9969,-042.295,154.6851,
-074.329,159.7298,-042.285,154.7083,
-076.168,130.4552,-042.297,154.6957,
-076.591,105.9126,-042.277,154.7031,
-075.868,075.2734,-042.287,154.7125,
-074.940,050.8623,-042.300,154.7072,
-074.168,035.6020,-042.286,154.6988,
-072.731,018.2382,-042.319,154.7052,
-071.847,008.7572,-042.313,154.7124,
-071.520,002.0043,-042.303,154.7132,
-071.974,-008.0775,-042.307,154.7178,
-072.879,-018.8913,-042.319,154.7108,
-073.894,-033.4887,-042.319,154.7021,
-074.938,-057.1561,-042.295,154.7096,
-075.343,-076.3980,-042.317,154.7057,
-075.480,-100.3655,-042.300,154.7064,
-074.357,-129.1380,-042.306,154.6954,
-073.162,-146.8895,-042.323,154.6987,
-071.183,-163.6805,-042.308,154.6972,
-068.939,-175.4410,-042.307,154.7114,
-067.642,178.4870,-042.300,154.7192,
-066.492,172.2871,-042.327,154.7160,
-065.538,164.4585,-042.300,154.7152,
-064.911,159.0032,-042.299,154.7112,
-064.149,152.7011,-042.307,154.7282,
-063.651,147.3779,-042.294,154.7398,
-063.356,143.3120,-042.290,154.7416,
-062.882,136.9572,-042.311,154.7448,
-062.539,133.1963,-042.313,154.7355,
-062.289,130.6035,-042.305,154.7518,
-061.975,125.0477,-042.306,154.7376,
-061.702,120.8934,-042.321,154.7438,
-061.433,117.5125,-042.301,154.7505,
-061.120,113.7858,-042.324,154.7586,
-061.045,110.3728,-042.308,154.7578,
-061.010,106.6860,-042.330,154.7404,
-060.913,101.7358,-042.335,154.7396,
-060.748,098.4285,-042.337,154.7431,
-060.635,095.8589,-042.356,154.7355,
-060.617,093.0190,-042.343,154.7408,
-060.687,091.0389,-042.348,154.7391,
-060.679,088.6301,-042.335,154.7331,
-060.516,085.3192,-042.323,154.7506,
-060.345,084.2423,-042.328,154.7544,
-060.195,082.5542,-042.319,154.7635,
-060.140,081.0051,-042.325,154.7485,
-060.158,080.0348,-042.335,154.7572,
-060.194,078.8592,-042.341,154.7597,
-060.225,078.5065,-042.332,154.7439,
-060.268,078.2587,-042.320,154.7637,
-060.400,077.9074,-042.330,154.7572,
-060.535,077.5015,-042.335,154.7595,
-060.661,076.6015,-042.324,154.7522,
-060.799,076.1068,-042.316,154.7574,
-060.874,076.0535,-042.307,154.7513,
-060.901,076.2132,-042.311,154.7495,
-061.049,076.9531,-042.329,154.7507,
-061.144,077.4109,-042.338,154.7480,
-061.258,078.4224,-042.341,154.7541,
-061.307,079.7635,-042.332,154.7527,
-061.359,081.0486,-042.325,154.7540,
-061.421,082.6887,-042.330,154.7468,
DATA_END,
