FILENAME,E:\T_23\23_USP\ACQUIREDDATA\1AHVF12.MDB,
STEP,1,-90,-90,0,FORWARD,
SCAN,360,180,-179,1,REVERSE,
FREQ,SINGLE,1,12.5,
BEAM,1,
AXIS,0,
BINS,2,
SELECTED SCAN,ALL,
SELECTED FREQ,ALL,
SELECTED BEAM,ALL,
SELECTED BINS,ALL,
DATA_START,
-059.976,-131.4627,-055.103,152.1564,
-060.124,-133.9675,-055.127,152.1528,
-060.356,-133.9067,-055.372,152.1136,
-060.689,-133.3215,-055.379,152.1151,
-060.850,-130.8793,-055.381,152.1158,
-060.791,-129.1427,-055.475,152.0823,
-060.554,-128.4910,-055.389,152.1163,
-060.221,-128.4286,-055.387,152.1273,
-059.967,-128.1864,-055.350,152.1302,
-059.699,-127.3166,-055.457,152.1159,
-059.444,-126.8308,-055.507,152.1046,
-059.084,-124.4496,-055.552,152.1371,
-058.692,-123.3894,-055.578,152.1423,
-058.309,-123.0909,-055.428,152.1772,
-057.952,-122.0168,-055.450,152.1667,
-057.750,-121.3979,-055.547,152.1571,
-057.556,-120.4167,-055.462,152.1830,
-057.264,-116.1025,-055.509,152.2009,
-057.035,-113.4826,-055.439,152.1946,
-056.803,-110.4982,-055.347,152.2175,
-056.766,-106.8189,-055.439,152.2027,
-056.908,-103.2286,-055.393,152.1831,
-057.084,-096.8231,-055.406,152.2091,
-056.953,-089.4928,-055.450,152.1975,
-056.563,-083.7753,-055.404,152.2022,
-055.638,-075.9943,-055.438,152.2209,
-055.017,-072.2004,-055.318,152.2598,
-054.668,-070.1155,-055.227,152.2843,
-054.331,-065.1051,-055.411,152.2634,
-054.112,-059.6824,-055.347,152.2729,
-053.883,-055.2674,-055.438,152.2769,
-053.537,-048.2561,-055.240,152.3347,
-053.219,-043.0760,-055.292,152.3539,
-052.967,-038.4794,-055.373,152.3312,
-052.736,-031.7980,-055.317,152.3045,
-052.655,-026.6503,-055.439,152.3074,
-052.696,-022.3742,-055.490,152.2426,
-052.887,-015.0099,-055.468,152.2238,
-053.121,-008.2456,-055.437,152.2400,
-053.452,-001.6585,-055.271,152.2387,
-053.864,008.5071,-055.437,152.2373,
-054.156,017.0047,-055.331,152.2715,
-054.399,026.7430,-055.285,152.3086,
-054.687,038.4862,-055.249,152.3425,
-054.975,048.0441,-055.258,152.3015,
-055.372,059.4993,-055.217,152.2716,
-055.499,075.6495,-055.329,152.2262,
-055.384,087.0455,-055.248,152.2454,
-054.864,103.7364,-055.324,152.2189,
-054.322,116.3768,-055.261,152.2418,
-053.946,126.0255,-055.228,152.2508,
-053.556,140.4593,-055.296,152.2236,
-053.235,153.1357,-055.406,152.1875,
-052.910,163.6761,-055.259,152.1916,
-052.407,178.8235,-055.164,152.1736,
-052.038,-170.0828,-055.199,152.1712,
-051.733,-159.2156,-055.160,152.2451,
-051.356,-144.9019,-055.146,152.3221,
-051.062,-133.3834,-055.242,152.3133,
-050.680,-121.4946,-055.396,152.2547,
-050.078,-107.7403,-055.396,152.2357,
-049.661,-095.9426,-055.409,152.1988,
-049.345,-085.0011,-055.372,152.2319,
-049.018,-071.4156,-055.484,152.2726,
-048.811,-062.5808,-055.219,152.3797,
-048.650,-052.1438,-055.089,152.3790,
-048.551,-040.0792,-055.138,152.3669,
-048.580,-031.1379,-055.194,152.3906,
-048.740,-019.2783,-055.248,152.3311,
-048.974,-006.7296,-055.257,152.2433,
-049.150,003.3554,-055.149,152.2824,
-049.371,017.5544,-055.284,152.3106,
-049.571,028.9579,-055.317,152.3295,
-049.780,040.2203,-055.370,152.3639,
-050.171,054.6212,-055.259,152.3811,
-050.509,066.9637,-055.284,152.3123,
-050.856,080.0839,-055.363,152.2188,
-051.385,094.5446,-055.187,152.2239,
-051.820,106.4954,-055.209,152.2551,
-052.323,121.0259,-055.208,152.2852,
-052.890,138.3313,-055.165,152.2759,
-053.273,151.0744,-055.294,152.2391,
-053.794,166.5565,-055.333,152.1765,
-054.296,-177.5479,-055.298,152.1451,
-054.671,-163.8861,-055.344,152.1865,
-055.092,-147.2321,-055.206,152.2405,
-055.396,-129.4911,-055.202,152.2736,
-055.464,-116.8695,-055.113,152.2889,
-055.383,-099.3061,-055.137,152.2981,
-055.240,-083.3618,-055.188,152.2685,
-055.198,-072.9374,-055.086,152.3203,
-055.246,-058.8794,-055.177,152.3296,
-055.426,-048.5505,-055.104,152.3371,
-055.547,-039.0674,-055.066,152.3288,
-055.634,-025.1976,-055.187,152.3108,
-055.714,-016.2643,-055.031,152.3135,
-055.756,-007.4992,-055.153,152.2662,
-055.839,002.2785,-054.938,152.2955,
-055.854,009.0229,-054.906,152.3074,
-055.903,016.6077,-054.944,152.3340,
-055.983,024.3447,-054.852,152.3305,
-055.901,030.9196,-054.991,152.2861,
-055.807,039.3763,-055.104,152.2815,
-055.607,049.0009,-055.136,152.2702,
-055.408,056.9282,-055.256,152.2858,
-055.202,065.8090,-055.134,152.2775,
-055.014,076.4700,-055.241,152.2525,
-054.899,084.3492,-055.262,152.2205,
-054.689,094.4852,-055.217,152.2284,
-054.468,104.9743,-055.283,152.2086,
-054.235,113.7462,-055.324,152.2233,
-053.955,126.1268,-055.400,152.2181,
-053.845,136.7419,-055.413,152.2054,
-053.832,145.3302,-055.291,152.2163,
-053.985,159.2730,-055.417,152.1616,
-054.214,169.7503,-055.410,152.1464,
-054.412,179.5860,-055.406,152.1345,
-054.701,-165.0682,-055.511,152.1368,
-054.895,-154.1384,-055.397,152.1735,
-055.100,-143.3539,-055.402,152.2079,
-055.452,-127.8908,-055.309,152.2557,
-055.689,-115.9542,-055.221,152.2535,
-055.994,-101.6378,-055.363,152.2223,
-056.275,-084.5328,-055.244,152.2415,
-056.429,-073.5148,-055.393,152.2280,
-056.615,-059.8371,-055.261,152.2480,
-056.821,-044.2849,-055.319,152.2357,
-056.892,-032.2707,-055.449,152.2293,
-056.954,-018.6350,-055.382,152.2431,
-057.165,-006.9936,-055.445,152.1892,
-057.358,003.3103,-055.424,152.1849,
-057.350,020.1919,-055.257,152.2265,
-057.289,033.8565,-055.253,152.2526,
-057.367,044.4650,-055.143,152.2788,
-057.353,060.1799,-055.263,152.2283,
-057.112,071.2696,-055.222,152.2358,
-056.903,080.0814,-055.189,152.2437,
-056.739,090.2384,-055.387,152.1875,
-056.631,098.2130,-055.349,152.1974,
-056.501,105.9942,-055.490,152.1726,
-056.365,115.0212,-055.412,152.1912,
-056.344,122.6867,-055.369,152.1920,
-056.360,130.6617,-055.485,152.1735,
-056.442,138.8476,-055.512,152.1494,
-056.451,145.3971,-055.485,152.1544,
-056.447,153.4755,-055.445,152.1404,
-056.375,161.2307,-055.471,152.1255,
-056.278,166.9129,-055.418,152.1145,
-056.143,172.4017,-055.385,152.1349,
-055.952,177.7583,-055.386,152.1365,
-055.820,-176.3985,-055.453,152.1264,
-055.603,-169.2238,-055.387,152.1508,
-055.436,-162.6152,-055.352,152.1576,
-055.275,-156.7444,-055.411,152.1490,
-055.050,-149.3309,-055.484,152.1863,
-054.892,-144.0205,-055.527,152.1838,
-054.726,-138.8953,-055.475,152.1985,
-054.664,-132.1521,-055.538,152.2186,
-054.677,-128.3188,-055.441,152.2249,
-054.797,-122.2301,-055.446,152.2423,
-054.961,-116.5172,-055.502,152.2038,
-055.050,-112.8976,-055.556,152.2364,
-055.016,-108.1204,-055.659,152.1849,
-054.870,-104.1872,-055.586,152.2028,
-054.699,-101.1210,-055.589,152.2023,
-054.507,-097.7592,-055.528,152.2219,
-054.353,-094.1847,-055.428,152.2105,
-054.289,-090.8682,-055.380,152.2163,
-054.241,-086.3645,-055.271,152.2377,
-054.207,-082.2701,-055.341,152.2407,
-054.192,-079.0647,-055.341,152.2719,
-054.169,-075.2289,-055.510,152.2262,
-054.160,-072.1343,-055.493,152.2322,
-054.147,-070.5185,-055.465,152.2578,
-054.109,-067.5061,-055.272,152.2872,
-054.074,-065.1822,-055.367,152.2899,
-054.044,-062.7987,-055.281,152.3056,
-054.029,-060.1169,-055.436,152.2890,
-053.997,-058.0826,-055.357,152.3118,
-053.955,-056.4431,-055.308,152.3216,
-053.910,-055.3186,-055.409,152.3140,
-053.873,-054.8810,-055.276,152.3257,
-053.787,-054.7135,-055.388,152.2934,
-053.702,-053.4295,-055.455,152.3253,
-053.642,-053.0332,-055.417,152.3239,
-053.618,-051.6735,-055.419,152.3181,
-053.665,-050.6067,-055.436,152.3197,
-053.719,-050.5309,-055.291,152.3274,
-053.811,-048.4199,-055.551,152.3047,
-053.880,-049.3255,-055.469,152.3008,
-053.933,-049.6660,-055.430,152.3221,
-053.913,-050.0031,-055.626,152.3061,
-053.849,-049.9627,-055.571,152.2976,
-053.791,-050.0813,-055.619,152.2820,
-053.741,-049.1542,-055.615,152.2797,
-053.736,-048.1363,-055.555,152.2933,
-053.799,-047.9838,-055.660,152.2710,
-053.893,-048.0796,-055.603,152.2675,
-053.982,-048.2605,-055.671,152.2640,
-054.063,-048.3643,-055.524,152.2845,
-054.213,-048.5908,-055.593,152.2836,
-054.358,-048.6726,-055.554,152.2879,
-054.603,-050.1561,-055.519,152.2915,
-054.906,-052.1585,-055.520,152.2604,
-055.117,-054.5804,-055.537,152.2636,
-055.303,-056.5333,-055.594,152.2319,
-055.498,-058.3329,-055.732,152.1949,
-055.676,-060.1125,-055.730,152.1701,
-055.905,-063.3187,-055.795,152.1784,
-056.136,-067.3448,-055.720,152.1715,
-056.247,-070.6915,-055.656,152.2114,
-056.309,-076.3705,-055.564,152.2022,
-056.366,-081.6293,-055.521,152.2037,
-056.372,-085.8600,-055.461,152.1960,
-056.320,-092.2053,-055.467,152.1986,
-056.245,-097.9319,-055.479,152.1915,
-056.122,-102.2997,-055.676,152.1491,
-055.968,-106.9966,-055.791,152.1583,
-055.903,-111.6803,-055.666,152.1700,
-055.901,-115.9981,-055.633,152.2164,
-055.982,-122.7626,-055.519,152.2168,
-056.092,-128.3100,-055.436,152.2184,
-056.323,-136.1086,-055.340,152.2122,
-056.475,-146.0669,-055.339,152.2043,
-056.533,-153.6470,-055.468,152.1559,
-056.610,-163.9590,-055.475,152.1268,
-056.774,-173.9734,-055.504,152.0986,
-056.987,176.7837,-055.584,152.1047,
-057.138,162.9401,-055.718,152.1092,
-057.050,149.8428,-055.789,152.0964,
-056.862,140.0567,-055.756,152.1643,
-056.463,127.5199,-055.635,152.1902,
-056.104,116.8693,-055.650,152.1854,
-055.784,108.0687,-055.643,152.1771,
-055.455,095.5636,-055.648,152.1809,
-055.239,085.8160,-055.608,152.1794,
-055.068,077.0707,-055.632,152.1878,
-054.805,065.9964,-055.600,152.2192,
-054.670,056.8632,-055.479,152.2705,
-054.590,047.6890,-055.482,152.2910,
-054.537,037.4245,-055.528,152.2886,
-054.501,028.5189,-055.635,152.2513,
-054.455,019.3213,-055.552,152.2232,
-054.446,010.0250,-055.532,152.2122,
-054.477,001.5576,-055.472,152.2079,
-054.726,-007.7602,-055.383,152.2375,
-054.982,-015.4634,-055.493,152.2413,
-055.271,-023.2821,-055.560,152.2550,
-055.678,-032.9100,-055.554,152.2421,
-055.981,-040.3151,-055.622,152.2345,
-056.286,-046.9072,-055.593,152.2091,
-056.718,-054.6126,-055.558,152.1948,
-057.021,-060.1642,-055.450,152.2220,
-057.363,-066.1450,-055.464,152.2036,
-057.884,-074.4321,-055.522,152.1571,
-058.297,-081.2004,-055.548,152.1377,
-058.549,-086.5718,-055.618,152.1576,
-058.750,-094.5156,-055.581,152.1281,
-058.773,-100.1810,-055.439,152.1638,
-058.709,-106.5550,-055.519,152.1666,
-058.634,-115.4492,-055.538,152.1529,
-058.500,-123.4012,-055.534,152.1316,
-058.264,-133.6533,-055.537,152.1375,
-057.957,-145.5111,-055.483,152.1147,
-057.651,-155.1915,-055.526,152.1063,
-057.251,-167.1559,-055.479,152.1044,
-056.840,179.1210,-055.589,152.0708,
-056.549,167.1162,-055.625,152.0735,
-056.117,150.7372,-055.631,152.1068,
-055.625,136.1120,-055.573,152.1413,
-055.163,124.3272,-055.516,152.1889,
-054.477,107.7922,-055.404,152.1986,
-053.981,094.4385,-055.392,152.1616,
-053.645,082.4825,-055.454,152.1869,
-053.211,066.0774,-055.247,152.2712,
-052.929,052.5618,-055.287,152.3644,
-052.574,039.8188,-055.256,152.3567,
-052.088,022.6383,-055.207,152.3257,
-051.714,008.2739,-055.165,152.2715,
-051.299,-004.4658,-055.132,152.2594,
-050.833,-019.6898,-055.156,152.3157,
-050.481,-031.8263,-055.179,152.3679,
-050.137,-044.5485,-055.321,152.3504,
-049.888,-060.5560,-055.161,152.3702,
-049.688,-071.6807,-055.388,152.2808,
-049.517,-086.5353,-055.427,152.2143,
-049.357,-101.7608,-055.445,152.2371,
-049.276,-112.2435,-055.463,152.2301,
-049.226,-128.1661,-055.346,152.2989,
-049.156,-142.0968,-055.457,152.2526,
-049.084,-153.7731,-055.332,152.2901,
-048.967,-169.7766,-055.618,152.1761,
-048.919,177.2670,-055.640,152.1063,
-048.973,165.6091,-055.499,152.1587,
-049.083,150.4177,-055.689,152.1936,
-049.235,137.5013,-055.414,152.2160,
-049.332,126.1071,-055.628,152.1792,
-049.529,108.8843,-055.668,152.1901,
-049.704,095.4661,-055.579,152.1671,
-049.917,082.1895,-055.727,152.1657,
-050.309,065.2268,-055.533,152.2650,
-050.542,052.9834,-055.589,152.3126,
-050.816,038.9762,-055.723,152.2896,
-051.037,021.6459,-055.595,152.2503,
-051.109,009.8799,-055.696,152.1815,
-051.233,-004.7133,-055.584,152.1746,
-051.350,-020.8519,-055.652,152.2471,
-051.500,-032.3646,-055.688,152.2905,
-051.755,-049.0747,-055.583,152.3134,
-051.884,-063.0186,-055.632,152.2637,
-051.997,-074.6346,-055.657,152.2029,
-052.027,-090.5344,-055.699,152.1614,
-051.983,-104.8366,-055.615,152.2133,
-051.981,-116.1913,-055.560,152.2339,
-051.992,-130.4851,-055.698,152.2082,
-052.022,-143.2893,-055.632,152.2248,
-052.000,-154.5452,-055.705,152.1811,
-051.936,-171.3392,-055.716,152.0712,
-051.862,177.3882,-055.580,152.1209,
-051.754,165.2881,-055.578,152.1441,
-051.735,152.1304,-055.694,152.1576,
-051.759,142.6953,-055.603,152.1773,
-051.797,132.3872,-055.595,152.1868,
-051.926,120.2258,-055.470,152.2055,
-051.986,111.3304,-055.493,152.1913,
-052.059,101.2009,-055.414,152.1666,
-052.059,090.8514,-055.474,152.1705,
-052.095,082.8054,-055.588,152.1776,
-052.255,071.3665,-055.566,152.1954,
-052.464,061.7850,-055.604,152.2287,
-052.620,053.1593,-055.513,152.3024,
-052.874,041.8429,-055.392,152.3459,
-053.080,033.5022,-055.472,152.3095,
-053.317,026.3181,-055.423,152.2833,
-053.648,016.6164,-055.386,152.2649,
-053.932,008.6199,-055.361,152.2397,
-054.157,000.4576,-055.220,152.2625,
-054.365,-009.9902,-055.343,152.2413,
-054.562,-017.3210,-055.250,152.2972,
-054.788,-024.7367,-055.183,152.3236,
-055.048,-031.3029,-055.138,152.3206,
-055.283,-036.2195,-055.138,152.3320,
-055.575,-042.3150,-055.219,152.2961,
-055.889,-049.2700,-055.220,152.2862,
-056.097,-054.4768,-055.479,152.2405,
-056.277,-060.8801,-055.546,152.2094,
-056.540,-067.3953,-055.446,152.2052,
-056.769,-072.2744,-055.480,152.2186,
-057.139,-079.7670,-055.322,152.2289,
-057.475,-084.1946,-055.542,152.1806,
-057.752,-088.9974,-055.563,152.1731,
-058.154,-095.3518,-055.383,152.1917,
-058.546,-098.6484,-055.426,152.1702,
-058.860,-102.7584,-055.509,152.1599,
-059.352,-108.7063,-055.493,152.1605,
-059.640,-112.9693,-055.447,152.1491,
-059.850,-118.0070,-055.326,152.1776,
-059.912,-121.7441,-055.349,152.1429,
-059.957,-124.9054,-055.252,152.1776,
-059.932,-129.1784,-055.268,152.1771,
DATA_END,
