FILENAME,E:\T_23\23_USP\ACQUIREDDATA\1AHVF14.MDB,
STEP,1,-90,-90,0,FORWARD,
SCAN,360,-179,180,1,FORWARD,
FREQ,SINGLE,1,14,
BEAM,1,
AXIS,0,
BINS,2,
SELECTED SCAN,ALL,
SELECTED FREQ,ALL,
SELECTED BEAM,ALL,
SELECTED BINS,ALL,
DATA_START,
-074.501,122.1885,-055.911,151.9993,
-074.748,127.6450,-055.967,151.9804,
-074.910,133.8206,-055.953,151.9644,
-074.656,137.5428,-055.939,151.9928,
-074.153,140.3988,-055.968,151.9745,
-073.557,143.2883,-055.923,151.9811,
-072.878,144.5904,-055.947,151.9790,
-072.107,144.6119,-055.922,151.9861,
-071.175,146.2645,-055.868,152.0055,
-070.390,147.4139,-055.895,151.9638,
-069.361,150.8202,-055.879,151.9951,
-068.474,156.6089,-055.836,152.0003,
-067.871,161.6853,-055.850,151.9866,
-066.987,167.8391,-055.932,152.0082,
-066.249,174.2590,-055.966,151.9738,
-065.669,179.5781,-055.950,151.9967,
-064.642,-172.9003,-055.930,151.9904,
-063.924,-167.2073,-055.892,151.9920,
-063.448,-162.2054,-055.890,152.0294,
-062.702,-153.8623,-055.969,152.0107,
-062.175,-146.2908,-055.953,152.0173,
-061.767,-140.9787,-056.065,152.0105,
-061.087,-131.5112,-056.089,152.0066,
-060.542,-123.4400,-056.096,152.0015,
-060.168,-116.8251,-056.044,152.0333,
-059.551,-104.6096,-055.922,152.0701,
-059.133,-096.4852,-055.924,152.0764,
-058.772,-089.9344,-055.861,152.1033,
-058.128,-077.7401,-055.915,152.1036,
-057.780,-070.6640,-055.947,152.1160,
-057.513,-063.4350,-055.900,152.1574,
-057.127,-051.2025,-055.924,152.1501,
-056.904,-043.2701,-055.901,152.1449,
-056.654,-034.2084,-055.940,152.1687,
-056.278,-020.0858,-055.969,152.1635,
-056.090,-012.1338,-055.973,152.1273,
-055.867,-003.0100,-055.936,152.1578,
-055.623,012.2366,-055.867,152.1689,
-055.518,020.9476,-055.909,152.1656,
-055.415,030.9567,-055.887,152.1964,
-055.265,045.6861,-056.031,152.1612,
-055.195,055.4089,-056.042,152.1353,
-055.067,068.8038,-055.991,152.1276,
-054.903,084.2678,-055.946,152.0950,
-054.795,093.4940,-055.961,152.1080,
-054.657,108.2665,-055.964,152.1278,
-054.537,122.9619,-055.990,152.1171,
-054.447,133.8991,-056.056,152.1042,
-054.355,151.2862,-056.008,152.0758,
-054.273,165.4180,-056.042,152.0394,
-054.179,177.0743,-055.975,152.0185,
-054.006,-164.3526,-055.932,152.0924,
-053.898,-150.7633,-055.951,152.1297,
-053.799,-137.4380,-055.874,152.1993,
-053.671,-119.4567,-055.991,152.1660,
-053.547,-106.3483,-055.951,152.1402,
-053.373,-091.2606,-055.858,152.1522,
-053.152,-073.1742,-055.960,152.1927,
-052.997,-060.2941,-055.875,152.2542,
-052.879,-045.4372,-055.870,152.3004,
-052.831,-028.1415,-055.899,152.2365,
-052.833,-015.0227,-055.868,152.2019,
-052.888,000.6452,-055.877,152.1398,
-052.897,018.3101,-055.870,152.2254,
-052.914,031.8201,-055.844,152.2668,
-052.896,049.4545,-055.947,152.2588,
-052.893,066.4776,-055.867,152.1870,
-052.941,079.7035,-055.931,152.1356,
-052.972,098.8227,-056.020,152.0884,
-053.065,113.7918,-055.963,152.1184,
-053.189,127.5877,-055.966,152.1333,
-053.383,147.1470,-055.922,152.1322,
-053.560,161.3186,-055.873,152.0815,
-053.776,177.1622,-055.849,152.0455,
-054.047,-164.2743,-055.909,152.0654,
-054.252,-150.1387,-055.910,152.1255,
-054.549,-132.9392,-055.908,152.1437,
-054.956,-114.2821,-055.941,152.1772,
-055.283,-100.4021,-055.877,152.1418,
-055.745,-081.6156,-055.887,152.1498,
-056.217,-063.0911,-055.888,152.1658,
-056.597,-049.3897,-055.923,152.1797,
-057.244,-029.9121,-055.966,152.1380,
-057.911,-010.3943,-055.921,152.1247,
-058.400,003.8531,-055.954,152.1082,
-059.107,026.0035,-055.881,152.1184,
-059.559,045.3087,-055.861,152.1148,
-059.943,060.9718,-055.913,152.0734,
-060.475,085.5153,-055.877,152.0714,
-060.813,103.2668,-055.945,152.0492,
-061.194,118.7928,-055.908,152.0590,
-061.756,141.2224,-055.906,152.0402,
-062.312,156.8023,-055.956,152.0090,
-062.954,172.5700,-055.960,151.9921,
-063.998,-165.4978,-055.975,152.0146,
-064.829,-150.2271,-055.991,152.0188,
-065.858,-133.6856,-055.934,152.0003,
-067.754,-109.1021,-055.899,152.0156,
-069.388,-089.7570,-055.916,152.0146,
-071.366,-062.4577,-055.921,152.0062,
-073.220,-022.7899,-055.923,152.0001,
-073.331,009.7885,-055.958,152.0031,
-072.060,047.6219,-055.938,152.0101,
-070.261,078.2444,-055.890,152.0104,
-069.221,096.0660,-055.913,152.0266,
-067.908,119.1261,-055.897,152.0226,
-066.659,138.9733,-055.956,152.0119,
-065.906,152.8810,-055.964,151.9933,
-064.780,173.2330,-055.994,151.9826,
-064.131,-171.8424,-055.999,152.0040,
-063.574,-159.8074,-056.002,152.0074,
-062.949,-142.2059,-055.943,152.0141,
-062.744,-129.6793,-055.908,152.0189,
-062.585,-115.9048,-055.957,152.0186,
-062.500,-098.8030,-055.913,152.0219,
-062.496,-087.1594,-055.906,152.0354,
-062.541,-073.8281,-055.947,152.0326,
-062.734,-057.6802,-055.926,152.0303,
-063.002,-046.8127,-055.842,152.0580,
-063.394,-032.3901,-055.835,152.0647,
-063.806,-016.5878,-055.844,152.0425,
-064.034,-003.8009,-055.877,152.0476,
-064.468,013.6823,-055.845,152.0424,
-064.755,029.2396,-055.813,152.0655,
-064.845,043.6258,-055.792,152.0678,
-064.827,060.5396,-055.848,152.0419,
-064.644,074.9005,-055.808,152.0333,
-064.439,086.9620,-055.850,152.0254,
-064.300,101.3801,-055.856,152.0349,
-064.315,111.7987,-055.861,152.0398,
-064.264,121.9791,-055.905,152.0128,
-064.083,134.9440,-055.894,152.0363,
-063.920,143.4926,-056.000,151.9961,
-063.703,154.1333,-056.020,151.9967,
-063.474,163.0847,-055.964,152.0020,
-063.400,168.6257,-055.944,151.9919,
-063.240,176.0276,-055.888,152.0440,
-063.181,-176.4481,-055.997,152.0120,
-063.113,-172.1121,-055.952,152.0242,
-063.003,-165.3674,-055.944,152.0254,
-062.918,-159.5256,-055.913,152.0409,
-062.887,-155.1387,-055.961,152.0236,
-062.891,-149.0614,-056.017,152.0010,
-063.056,-144.5999,-055.950,152.0225,
-063.226,-140.7941,-055.982,152.0155,
-063.575,-133.8218,-055.907,152.0468,
-063.846,-127.6787,-055.885,152.0473,
-064.076,-123.0692,-055.920,152.0484,
-064.154,-113.4567,-055.862,152.0595,
-064.051,-107.5026,-055.907,152.0390,
-063.898,-102.0566,-055.891,152.0683,
-063.488,-094.5478,-055.895,152.0714,
-063.218,-091.2538,-055.942,152.0526,
-063.058,-088.4561,-055.903,152.0749,
-062.869,-083.1980,-055.973,152.0390,
-062.727,-081.3177,-055.959,152.0269,
-062.624,-079.0050,-056.000,152.0520,
-062.534,-077.2163,-055.977,152.0451,
-062.507,-076.5303,-055.950,152.0465,
-062.522,-074.3989,-056.001,152.0393,
-062.543,-071.6342,-055.938,152.0274,
-062.659,-069.3080,-055.947,152.0623,
-062.828,-066.0289,-055.965,152.0306,
-062.988,-061.7188,-055.893,152.0356,
-063.052,-059.4220,-055.867,152.0511,
-063.142,-057.6295,-055.851,152.0499,
-063.194,-054.8585,-055.826,152.0634,
-063.233,-051.7881,-055.768,152.0856,
-062.978,-049.7767,-055.834,152.0876,
-062.605,-049.3026,-055.906,152.0755,
-062.408,-048.1672,-055.824,152.0882,
-062.099,-048.4891,-055.866,152.1083,
-061.949,-049.0427,-055.921,152.0826,
-061.865,-051.3104,-055.960,152.0488,
-061.873,-053.4034,-055.933,152.0770,
-061.879,-055.4106,-055.925,152.0590,
-061.892,-056.9076,-055.872,152.0722,
-061.832,-059.9873,-055.937,152.0571,
-061.870,-061.4523,-055.844,152.0832,
-061.879,-063.3231,-055.936,152.0899,
-061.960,-065.5942,-055.875,152.0651,
-061.963,-067.3139,-055.848,152.0722,
-061.989,-071.2103,-055.894,152.0840,
-061.964,-074.8437,-055.934,152.0548,
-061.949,-077.0850,-055.892,152.0605,
-061.890,-081.5975,-055.907,152.0544,
-061.903,-085.7416,-055.931,152.0744,
-061.877,-089.0359,-055.899,152.0680,
-061.784,-093.8861,-055.919,152.0400,
-061.696,-098.2850,-055.985,152.0390,
-061.595,-103.5759,-055.902,152.0456,
-061.565,-110.1444,-055.856,152.0443,
-061.659,-115.9864,-055.974,152.0340,
-061.743,-121.5640,-055.910,152.0520,
-061.847,-128.7099,-055.916,152.0090,
-062.005,-134.6213,-055.969,152.0166,
-062.105,-141.3439,-055.967,152.0207,
-062.258,-150.6273,-055.886,152.0253,
-062.409,-157.0471,-055.930,152.0191,
-062.656,-165.2525,-055.978,151.9775,
-062.928,-173.6330,-055.921,152.0073,
-063.136,-179.9511,-055.960,151.9941,
-063.479,170.8494,-055.984,151.9910,
-063.778,162.6035,-055.966,151.9902,
-064.139,156.3939,-055.947,152.0030,
-064.677,147.1222,-056.064,151.9874,
-065.034,139.8137,-055.911,152.0098,
-065.214,134.2738,-055.850,152.0009,
-065.495,124.1465,-055.877,152.0258,
-065.825,116.5561,-055.878,152.0313,
-066.257,108.9918,-055.848,152.0438,
-066.868,099.0515,-055.861,152.0170,
-067.046,093.0351,-055.975,152.0204,
-067.137,087.3330,-055.952,152.0156,
-067.207,079.4072,-055.905,152.0280,
-067.225,073.2944,-055.989,151.9969,
-067.212,067.9947,-055.919,152.0506,
-067.095,060.4254,-055.927,152.0254,
-066.894,054.2933,-055.913,152.0142,
-066.703,046.0816,-056.009,152.0352,
-066.578,035.8670,-055.974,152.0244,
-066.432,028.6457,-055.917,152.0087,
-066.040,019.0103,-055.948,152.0047,
-065.542,010.0520,-055.934,152.0472,
-065.128,003.4285,-055.912,152.0296,
-064.735,-006.2825,-055.867,152.0322,
-064.325,-016.0830,-055.897,152.0444,
-064.029,-023.3879,-055.937,152.0294,
-063.676,-037.1942,-055.998,152.0553,
-063.304,-048.3241,-056.040,152.0195,
-062.983,-058.0528,-055.959,152.0383,
-062.690,-070.4713,-056.023,152.0242,
-062.552,-081.5273,-055.939,152.0541,
-062.398,-092.9811,-055.888,152.0678,
-062.392,-108.3581,-055.961,152.0236,
-062.376,-120.3737,-056.031,152.0509,
-062.413,-133.5844,-055.897,152.0607,
-062.517,-150.8967,-055.881,152.0471,
-062.571,-165.0539,-055.920,152.0245,
-062.635,179.1922,-055.937,152.0285,
-062.746,161.3501,-055.979,152.0158,
-062.886,147.6698,-056.000,152.0114,
-063.179,128.5148,-055.934,152.0051,
-063.380,108.5543,-055.917,152.0003,
-063.467,093.3341,-055.945,152.0205,
-063.476,071.6541,-056.007,152.0161,
-063.386,052.2157,-055.965,152.0365,
-063.270,035.4137,-055.945,152.0377,
-062.953,011.2173,-055.877,152.0487,
-062.653,-005.7012,-055.863,152.0423,
-062.331,-021.5812,-055.911,152.0385,
-061.946,-040.8332,-055.900,152.0202,
-061.725,-055.0153,-056.001,152.0365,
-061.554,-071.2099,-056.016,152.0311,
-061.467,-089.3606,-055.972,152.0180,
-061.449,-102.3528,-055.949,152.0151,
-061.570,-117.5295,-055.903,152.0168,
-061.906,-135.3699,-055.914,152.0169,
-062.240,-147.5858,-055.951,151.9965,
-062.791,-162.1140,-055.924,151.9981,
-063.507,-177.4221,-055.940,151.9687,
-064.231,171.2124,-055.880,151.9712,
-065.515,156.2552,-055.976,151.9414,
-067.058,143.3029,-055.982,151.9500,
-068.626,133.9048,-055.941,151.9617,
-071.741,122.1801,-056.019,151.9370,
-075.962,117.9851,-056.011,151.9625,
-081.358,127.5258,-056.057,151.9391,
-081.631,-148.5054,-056.009,151.9540,
-076.102,-139.2610,-056.013,151.9360,
-073.181,-145.6824,-055.911,151.9564,
-070.483,-159.4770,-055.958,151.9618,
-068.898,-172.8579,-056.030,151.9515,
-067.725,173.9507,-056.026,151.9367,
-066.632,159.5846,-055.987,151.9646,
-066.228,147.4698,-056.016,151.9539,
-066.089,133.2034,-055.951,151.9859,
-065.999,112.6345,-055.950,151.9756,
-066.042,097.9463,-055.902,151.9732,
-066.143,078.7110,-055.937,151.9787,
-066.187,053.2565,-055.842,151.9983,
-065.963,035.7907,-055.932,152.0005,
-065.513,012.8033,-055.911,152.0069,
-064.991,-011.0260,-055.949,151.9776,
-064.320,-027.2607,-056.022,151.9818,
-063.214,-050.1960,-056.030,151.9911,
-062.337,-067.8706,-056.107,151.9851,
-061.793,-081.4153,-055.986,151.9974,
-060.905,-102.8099,-056.028,152.0263,
-060.171,-117.9515,-056.005,152.0252,
-059.552,-129.7416,-055.913,152.0362,
-058.870,-146.4812,-055.961,152.0266,
-058.611,-158.4448,-055.992,152.0147,
-058.282,-171.6504,-055.907,152.0075,
-057.823,172.9653,-055.929,152.0069,
-057.500,162.1870,-055.967,152.0131,
-057.249,150.8214,-055.932,152.0159,
-057.064,136.9560,-055.910,152.0568,
-056.958,127.0898,-055.950,152.0676,
-056.823,115.2533,-055.954,152.0708,
-056.747,103.8039,-055.971,152.0691,
-056.762,095.4521,-056.024,152.0646,
-056.917,085.4595,-055.998,152.0744,
-057.180,074.5742,-056.061,152.0219,
-057.346,066.7279,-056.082,152.0593,
-057.596,056.3132,-055.994,152.0876,
-057.977,048.1189,-055.938,152.0724,
-058.519,041.9401,-055.916,152.0471,
-059.721,031.9402,-056.047,152.0649,
-060.968,024.1775,-056.026,152.0150,
-062.296,016.1518,-056.060,152.0055,
-064.423,002.9549,-055.980,152.0148,
-066.227,-008.7136,-056.012,151.9940,
-068.204,-022.7626,-056.036,151.9650,
-071.025,-042.2997,-056.086,151.9263,
-073.707,-064.4868,-056.074,151.9643,
-074.548,-108.8641,-056.073,151.9450,
-071.054,-142.9167,-056.032,151.9675,
-069.198,-152.9869,-055.997,151.9581,
-067.991,-164.2508,-056.046,151.9497,
-067.030,-177.7818,-056.040,151.9595,
-066.427,173.6618,-056.075,151.9310,
-065.710,163.3984,-056.091,151.9507,
-065.406,154.1116,-056.027,151.9635,
-065.081,147.4418,-056.019,151.9997,
-064.468,139.3299,-056.029,151.9835,
-064.103,134.1150,-056.023,152.0184,
-063.912,130.1141,-056.027,152.0070,
-063.626,124.6193,-055.966,151.9988,
-063.306,121.6624,-055.980,152.0243,
-063.070,119.9172,-055.927,152.0157,
-062.881,118.3720,-056.022,151.9924,
-062.850,115.8664,-056.068,151.9897,
-062.668,112.5168,-056.004,151.9896,
-062.334,110.7255,-056.061,151.9908,
-062.296,111.5943,-055.956,152.0082,
-062.663,113.0077,-056.026,152.0014,
-063.429,112.7043,-055.946,151.9963,
-063.862,111.7888,-055.977,151.9961,
-064.142,111.4502,-056.001,151.9978,
-064.335,113.7827,-055.918,152.0210,
-064.632,116.2748,-055.982,152.0106,
-065.260,119.6058,-055.980,151.9974,
-065.977,121.2913,-055.988,151.9692,
-066.450,121.6758,-056.046,151.9798,
-067.157,123.0297,-055.984,151.9833,
-067.886,124.7177,-056.004,151.9800,
-068.642,126.4963,-056.040,151.9516,
-070.115,128.2341,-056.057,151.9535,
-071.323,126.7831,-055.970,151.9598,
-072.245,122.5589,-055.988,151.9518,
-072.978,117.1656,-056.037,151.9522,
-073.308,115.6117,-056.048,151.9532,
-073.474,116.0724,-055.978,151.9555,
-074.193,116.7529,-055.952,151.9561,
-074.564,117.6760,-056.014,151.9744,
-074.586,116.4883,-056.092,151.9594,
-074.587,115.2679,-055.973,151.9698,
-074.447,115.7843,-056.021,151.9694,
-074.557,117.1629,-055.882,152.0002,
DATA_END,
