FILENAME,E:\T_23\23_USP\ACQUIREDDATA\1AVHF12.MDB,
STEP,1,-90,-90,0,FORWARD,
SCAN,360,180,-179,1,REVERSE,
FREQ,SINGLE,1,12.5,
BEAM,1,
AXIS,0,
BINS,2,
SELECTED SCAN,ALL,
SELECTED FREQ,ALL,
SELECTED BEAM,ALL,
SELECTED BINS,ALL,
DATA_START,
-064.142,168.3003,-037.451,158.9628,
-065.261,167.7763,-037.423,158.9824,
-066.288,168.1064,-037.381,159.0357,
-067.448,169.4999,-037.357,159.0526,
-068.652,173.1752,-037.378,159.0271,
-069.451,176.4444,-037.406,159.0072,
-070.250,-179.8191,-037.418,158.9950,
-070.982,-173.8668,-037.451,158.9821,
-071.369,-165.6686,-037.468,158.9867,
-071.437,-160.5178,-037.484,158.9566,
-071.479,-158.3866,-037.466,158.9997,
-071.894,-157.0320,-037.448,158.9873,
-072.602,-156.6452,-037.429,159.0042,
-073.773,-155.0319,-037.396,159.0097,
-075.354,-153.9829,-037.405,159.0386,
-076.317,-154.5157,-037.401,159.0113,
-078.055,-152.0407,-037.387,159.0191,
-080.114,-149.4628,-037.398,159.0046,
-081.333,-140.1052,-037.426,158.9742,
-080.818,-129.2257,-037.459,158.9705,
-078.492,-122.6285,-037.491,158.9440,
-075.858,-119.1718,-037.514,158.9338,
-072.679,-120.8021,-037.489,158.9535,
-070.084,-125.8487,-037.443,158.9639,
-068.360,-130.9410,-037.420,158.9797,
-066.568,-136.7197,-037.426,158.9634,
-065.009,-139.4610,-037.397,158.9674,
-063.798,-140.7540,-037.343,159.0274,
-062.110,-142.4883,-037.328,159.0022,
-060.849,-143.8998,-037.350,159.0027,
-060.048,-144.5272,-037.378,158.9412,
-059.096,-144.6426,-037.460,158.8861,
-058.502,-143.5098,-037.495,158.8446,
-058.085,-141.8337,-037.479,158.8488,
-057.648,-137.6201,-037.394,158.9036,
-057.345,-133.6622,-037.362,158.9235,
-057.046,-129.1293,-037.353,158.9208,
-056.617,-122.0878,-037.379,158.9254,
-056.355,-116.1495,-037.419,158.9230,
-056.071,-109.0320,-037.439,158.9030,
-055.585,-099.8936,-037.465,158.9021,
-055.143,-092.8559,-037.472,158.8994,
-054.664,-085.7098,-037.459,158.9247,
-054.165,-077.8574,-037.448,158.9079,
-053.904,-071.7037,-037.470,158.9032,
-053.702,-064.9964,-037.483,158.8995,
-053.621,-057.7834,-037.482,158.8970,
-053.706,-052.3100,-037.492,158.8632,
-054.117,-044.8565,-037.489,158.9063,
-054.794,-035.9415,-037.469,158.9009,
-055.403,-027.0203,-037.455,158.9213,
-056.098,-012.5573,-037.445,158.9710,
-056.495,001.2143,-037.457,158.9567,
-056.793,013.8553,-037.493,158.9123,
-056.981,032.3150,-037.526,158.8884,
-056.854,047.0632,-037.512,158.8859,
-056.524,060.2614,-037.495,158.8868,
-055.996,075.2236,-037.466,158.9378,
-055.698,085.3581,-037.420,158.9680,
-055.613,095.1841,-037.403,158.9787,
-055.864,105.6891,-037.395,158.9818,
-056.323,114.5554,-037.386,158.9832,
-056.994,125.9053,-037.387,158.9739,
-057.878,140.5479,-037.401,158.9712,
-058.673,153.0771,-037.419,158.9605,
-059.828,170.2067,-037.437,158.9821,
-060.885,-167.8007,-037.448,158.9718,
-061.274,-148.9976,-037.450,158.9831,
-061.213,-125.8018,-037.448,158.9901,
-061.030,-108.1438,-037.427,158.9867,
-061.012,-095.5235,-037.407,159.0288,
-061.035,-077.9597,-037.365,159.0641,
-061.068,-065.0052,-037.326,159.0879,
-061.244,-055.0922,-037.300,159.0915,
-062.037,-042.7539,-037.304,159.0965,
-063.111,-035.5252,-037.349,159.0829,
-064.699,-030.0183,-037.387,159.0376,
-067.547,-026.7034,-037.427,159.0340,
-070.461,-032.9865,-037.417,159.0321,
-073.177,-062.3156,-037.370,159.0518,
-069.715,-101.4271,-037.289,159.1102,
-066.221,-109.3667,-037.273,159.1421,
-063.222,-109.1649,-037.264,159.1287,
-060.907,-104.8904,-037.335,159.0863,
-059.667,-099.3347,-037.384,159.0337,
-058.520,-089.9308,-037.415,158.9733,
-057.710,-078.5998,-037.420,158.9821,
-057.189,-068.7912,-037.410,158.9861,
-056.669,-055.4459,-037.403,158.9569,
-056.365,-043.3805,-037.412,158.9635,
-056.258,-033.3613,-037.408,158.9680,
-056.395,-018.1629,-037.426,158.9974,
-056.709,-004.5992,-037.433,158.9759,
-057.082,009.0532,-037.414,159.0042,
-057.570,031.1721,-037.393,159.0032,
-057.765,048.4046,-037.388,158.9807,
-057.852,065.9429,-037.407,158.9633,
-057.718,088.6944,-037.447,158.9172,
-057.473,106.3569,-037.461,158.9133,
-057.026,125.5292,-037.493,158.8682,
-056.310,147.3396,-037.472,158.8899,
-055.709,163.1860,-037.461,158.9006,
-055.039,-179.8333,-037.429,158.9252,
-054.325,-162.3102,-037.399,158.9573,
-053.849,-149.3657,-037.405,158.9487,
-053.374,-134.4910,-037.417,158.9276,
-052.973,-119.7626,-037.416,158.9177,
-052.735,-108.7028,-037.414,158.9219,
-052.498,-093.9762,-037.443,158.9704,
-052.346,-080.6398,-037.438,158.9492,
-052.288,-070.4606,-037.433,158.9550,
-052.293,-056.3649,-037.434,158.9402,
-052.359,-044.5040,-037.433,158.9459,
-052.488,-034.0610,-037.429,158.9197,
-052.731,-019.2913,-037.408,158.9637,
-052.955,-008.2277,-037.381,159.0213,
-053.238,002.4998,-037.360,159.0336,
-053.743,017.2991,-037.318,159.0743,
-054.258,028.6797,-037.295,159.0842,
-054.891,040.7786,-037.301,159.0676,
-055.822,054.6934,-037.345,159.0409,
-056.585,065.2968,-037.374,159.0294,
-057.614,077.4491,-037.421,158.9951,
-058.989,091.6150,-037.405,159.0054,
-060.202,102.5996,-037.357,159.0517,
-061.974,116.7213,-037.297,159.0860,
-064.317,132.9087,-037.272,159.1384,
-066.553,147.4893,-037.297,159.1144,
-070.543,178.9047,-037.338,159.1180,
-072.628,-130.9223,-037.388,159.0662,
-071.671,-091.7974,-037.407,159.0568,
-068.595,-051.6214,-037.399,159.0481,
-066.143,-027.5038,-037.395,159.0317,
-064.434,-010.3234,-037.396,159.0433,
-062.374,010.5582,-037.419,159.0453,
-061.135,023.4558,-037.416,159.0274,
-060.245,033.6964,-037.420,159.0222,
-059.333,046.1943,-037.383,159.0640,
-058.818,055.0008,-037.367,159.0208,
-058.432,064.4958,-037.355,159.0221,
-057.984,077.3733,-037.356,159.0619,
-057.656,087.5344,-037.381,159.0291,
-057.340,098.9713,-037.401,159.0156,
-056.968,111.3669,-037.454,158.9538,
-056.776,120.3926,-037.480,158.9205,
-056.652,130.3302,-037.455,158.9435,
-056.619,140.7182,-037.434,158.9345,
-056.663,148.8235,-037.403,158.9813,
-056.803,159.3687,-037.356,159.0201,
-056.992,169.3766,-037.350,159.0372,
-057.159,177.5796,-037.360,159.0291,
-057.486,-171.5238,-037.372,159.0276,
-057.867,-161.8954,-037.371,159.0043,
-058.268,-152.8745,-037.364,159.0179,
-058.770,-140.7971,-037.381,159.0329,
-059.107,-131.4515,-037.398,159.0294,
-059.410,-121.2636,-037.415,159.0374,
-059.716,-108.1394,-037.389,159.0242,
-059.983,-097.5343,-037.388,159.0370,
-060.205,-085.2345,-037.380,159.0204,
-060.496,-071.0897,-037.375,159.0767,
-060.696,-059.4796,-037.341,159.0845,
-060.809,-046.0961,-037.305,159.0909,
-060.718,-032.4132,-037.269,159.0977,
-060.526,-022.3285,-037.244,159.1343,
-060.219,-011.7672,-037.286,159.0891,
-059.818,-000.7756,-037.347,159.0413,
-059.488,007.6553,-037.354,159.0379,
-059.032,018.4185,-037.349,159.0299,
-058.520,027.8879,-037.338,159.0259,
-058.117,034.8584,-037.302,159.0755,
-057.582,043.4926,-037.255,159.0896,
-057.146,050.4645,-037.256,159.0835,
-056.818,055.9311,-037.299,159.0826,
-056.450,063.5080,-037.325,159.0588,
-056.193,068.9117,-037.333,159.0551,
-055.941,073.2755,-037.367,159.0184,
-055.555,079.2908,-037.379,158.9876,
-055.308,083.6250,-037.394,158.9995,
-055.151,087.7449,-037.407,158.9610,
-055.140,092.1192,-037.383,158.9951,
-055.221,094.3295,-037.348,158.9944,
-055.333,095.8740,-037.325,159.0357,
-055.381,097.3839,-037.309,159.0189,
-055.412,098.5886,-037.269,159.0386,
-055.516,100.3156,-037.265,159.0395,
-055.693,101.6121,-037.283,159.0172,
-055.838,101.9820,-037.332,158.9879,
-055.995,101.6644,-037.386,158.9642,
-056.045,101.2568,-037.429,158.9084,
-056.066,100.8461,-037.402,158.9378,
-056.091,100.5534,-037.378,158.9793,
-056.097,100.4369,-037.346,159.0018,
-056.082,100.6357,-037.334,158.9937,
-056.094,101.5134,-037.366,158.9913,
-056.186,102.5828,-037.388,158.9689,
-056.310,104.0649,-037.373,159.0011,
-056.593,106.3131,-037.354,159.0020,
-056.895,108.4329,-037.335,159.0178,
-057.335,110.5081,-037.360,159.0053,
-058.000,112.7762,-037.395,158.9763,
-058.611,114.2568,-037.407,158.9968,
-059.332,115.5651,-037.394,158.9865,
-060.182,115.9576,-037.379,158.9843,
-060.755,116.3118,-037.385,158.9863,
-061.323,115.9408,-037.389,158.9686,
-061.722,116.0902,-037.360,159.0029,
-061.894,116.4653,-037.317,159.0202,
-062.053,115.9334,-037.285,159.0421,
-062.109,114.5427,-037.269,159.0585,
-061.925,112.5643,-037.301,159.0395,
-061.428,109.3776,-037.380,159.0095,
-060.775,106.3747,-037.389,158.9698,
-060.157,103.4847,-037.389,158.9870,
-059.426,099.6473,-037.356,158.9888,
-058.854,096.0350,-037.322,159.0244,
-058.247,092.0275,-037.318,158.9903,
-057.523,086.7115,-037.340,158.9865,
-057.048,082.4085,-037.351,158.9853,
-056.667,077.3775,-037.366,158.9604,
-056.319,071.1257,-037.375,158.9511,
-056.075,065.1440,-037.373,158.9404,
-055.851,057.4870,-037.373,158.9357,
-055.639,048.6126,-037.405,158.9411,
-055.560,041.2692,-037.431,158.9125,
-055.524,031.6960,-037.425,158.9305,
-055.450,021.0963,-037.401,158.9513,
-055.319,012.4275,-037.402,158.9465,
-055.168,000.5027,-037.394,158.9721,
-055.063,-010.0874,-037.387,158.9893,
-055.033,-019.1311,-037.383,158.9921,
-055.035,-032.8213,-037.373,158.9732,
-055.083,-044.4818,-037.394,158.9638,
-055.121,-055.2076,-037.415,158.9325,
-055.212,-070.3960,-037.436,158.9205,
-055.345,-082.9154,-037.440,158.9429,
-055.513,-096.1713,-037.436,158.9439,
-055.668,-114.4953,-037.406,158.9496,
-055.631,-129.6432,-037.389,158.9425,
-055.462,-145.8350,-037.374,158.9599,
-055.108,-163.1926,-037.383,158.9544,
-054.703,-178.4683,-037.395,158.9834,
-054.216,165.5045,-037.395,158.9666,
-053.683,149.9765,-037.394,158.9358,
-053.232,137.2208,-037.392,158.9161,
-052.794,123.2996,-037.409,158.9359,
-052.500,109.9658,-037.412,158.9336,
-052.307,097.9305,-037.408,158.9993,
-052.068,082.3868,-037.375,159.0060,
-051.926,069.4907,-037.365,158.9836,
-051.871,058.2099,-037.377,158.9685,
-051.867,042.0610,-037.384,158.9499,
-051.873,028.8845,-037.366,158.9941,
-051.871,015.9430,-037.351,159.0041,
-051.879,-000.7304,-037.342,159.0432,
-051.916,-012.5207,-037.351,159.0159,
-051.993,-024.9938,-037.382,158.9689,
-052.144,-040.9932,-037.396,158.9360,
-052.284,-053.1812,-037.384,158.9364,
-052.452,-066.7694,-037.375,158.9665,
-052.683,-081.9708,-037.360,158.9796,
-052.900,-092.9640,-037.355,158.9945,
-053.311,-106.0162,-037.378,158.9425,
-053.904,-120.1677,-037.391,158.9111,
-054.441,-130.9421,-037.388,158.9175,
-055.134,-144.9088,-037.388,158.8983,
-055.868,-159.4064,-037.386,158.9273,
-056.490,-170.8706,-037.407,158.9403,
-057.428,173.3012,-037.421,158.9456,
-058.351,159.1537,-037.416,158.9303,
-059.082,147.7362,-037.408,158.9253,
-060.032,131.0242,-037.402,158.9451,
-060.641,116.4960,-037.387,158.9647,
-061.018,105.0807,-037.373,158.9713,
-061.333,090.8962,-037.376,158.9761,
-061.517,081.8404,-037.385,158.9872,
-061.695,074.2535,-037.372,158.9891,
-061.994,065.1732,-037.358,159.0026,
-062.180,058.2591,-037.368,158.9997,
-062.105,051.1475,-037.394,158.9631,
-061.859,043.2783,-037.412,158.9583,
-061.541,037.2080,-037.390,158.9770,
-061.185,030.1094,-037.355,159.0216,
-060.901,021.0203,-037.339,159.0184,
-060.738,013.1543,-037.330,159.0108,
-060.665,002.9363,-037.339,158.9993,
-060.636,-008.9365,-037.359,159.0040,
-060.725,-019.2529,-037.374,158.9647,
-060.961,-034.2228,-037.391,158.9400,
-061.278,-048.4419,-037.402,158.9418,
-061.756,-060.9945,-037.398,158.9173,
-062.590,-080.9581,-037.387,158.9519,
-063.359,-100.5522,-037.364,158.9503,
-063.829,-119.7864,-037.360,158.9728,
-064.298,-147.9153,-037.347,158.9928,
-064.391,-170.8328,-037.349,159.0066,
-064.069,166.5963,-037.370,158.9909,
-063.135,137.7318,-037.366,159.0003,
-062.258,118.0398,-037.355,158.9768,
-061.337,099.6765,-037.344,159.0014,
-060.427,079.6650,-037.362,158.9608,
-059.877,065.6369,-037.373,158.9929,
-059.288,049.3136,-037.385,158.9721,
-058.683,029.9423,-037.383,158.9739,
-058.300,014.9353,-037.371,158.9743,
-057.831,-003.5539,-037.361,158.9906,
-057.379,-021.7332,-037.375,158.9747,
-057.140,-035.1404,-037.394,158.9299,
-056.895,-054.1105,-037.415,158.8890,
-056.689,-071.4256,-037.404,158.8928,
-056.557,-084.8014,-037.389,158.9335,
-056.331,-104.2594,-037.379,158.9164,
-056.092,-120.7615,-037.389,158.9046,
-055.891,-134.7126,-037.422,158.8674,
-055.526,-154.5756,-037.425,158.8660,
-055.235,-169.0492,-037.401,158.8965,
-054.953,177.3686,-037.382,158.9243,
-054.634,158.0353,-037.355,158.9438,
-054.443,143.1092,-037.344,158.9041,
-054.216,127.2247,-037.338,158.9436,
-053.865,108.4856,-037.341,158.9491,
-053.555,095.4590,-037.365,158.9427,
-053.184,081.5901,-037.389,158.9234,
-052.700,065.4732,-037.412,158.8989,
-052.339,054.0100,-037.413,158.9193,
-051.962,040.2423,-037.401,158.9136,
-051.556,026.2334,-037.385,158.9229,
-051.250,015.5809,-037.372,158.9995,
-050.914,002.2986,-037.365,159.0006,
-050.665,-009.4429,-037.367,158.9910,
-050.470,-018.7322,-037.385,158.9669,
-050.219,-030.3816,-037.375,158.9381,
-050.023,-040.3840,-037.369,158.9137,
-049.910,-048.8664,-037.362,158.9589,
-049.815,-060.0572,-037.368,158.9707,
-049.812,-068.8154,-037.376,158.9686,
-049.909,-076.8979,-037.380,158.9870,
-050.174,-087.0574,-037.391,158.9917,
-050.440,-094.6416,-037.378,159.0051,
-050.668,-102.1396,-037.388,158.9873,
-050.860,-111.0249,-037.385,158.9910,
-051.007,-117.8754,-037.385,158.9491,
-051.261,-125.2844,-037.373,158.9621,
-051.630,-133.0667,-037.359,158.9822,
-052.013,-138.6668,-037.346,159.0013,
-052.580,-145.1255,-037.374,158.9602,
-053.230,-150.7838,-037.415,158.9491,
-053.734,-154.7646,-037.437,158.9436,
-054.383,-160.5214,-037.407,158.9825,
-055.020,-166.4213,-037.358,159.0458,
-055.583,-170.8680,-037.332,159.0848,
-056.357,-175.6587,-037.332,159.0888,
-056.962,-178.8593,-037.362,159.0715,
-057.537,178.3611,-037.383,159.0638,
-058.477,175.1729,-037.392,159.0269,
-059.267,173.6133,-037.384,159.0654,
-060.017,172.2532,-037.384,159.0753,
-061.091,170.0719,-037.402,159.0565,
-062.016,168.7890,-037.431,159.0134,
-063.209,168.6559,-037.447,158.9990,
DATA_END,
