FILENAME,E:\T_23\23_USP\ACQUIREDDATA\1AVHF11.MDB,
STEP,1,-90,-90,0,FORWARD,
SCAN,360,-179,180,1,FORWARD,
FREQ,SINGLE,1,11,
BEAM,1,
AXIS,0,
BINS,2,
SELECTED SCAN,ALL,
SELECTED FREQ,ALL,
SELECTED BEAM,ALL,
SELECTED BINS,ALL,
DATA_START,
-058.659,041.8293,-049.156,-114.1574,
-058.499,046.6285,-049.158,-114.1463,
-058.338,052.0070,-049.181,-114.1646,
-058.237,056.5929,-049.201,-114.1627,
-058.110,062.3721,-049.212,-114.1562,
-058.012,068.1951,-049.225,-114.1632,
-057.931,073.5016,-049.214,-114.1554,
-057.867,080.1263,-049.187,-114.1445,
-057.805,087.2536,-049.156,-114.1443,
-057.777,092.5117,-049.146,-114.1199,
-057.711,099.6107,-049.166,-114.1460,
-057.650,107.7661,-049.172,-114.1514,
-057.577,114.0787,-049.180,-114.1553,
-057.485,123.2976,-049.189,-114.1589,
-057.377,131.7552,-049.197,-114.1548,
-057.305,138.0212,-049.204,-114.1627,
-057.155,148.0116,-049.174,-114.1421,
-057.014,156.4871,-049.154,-114.1389,
-056.913,162.6361,-049.137,-114.1401,
-056.706,172.8846,-049.123,-114.1405,
-056.539,-178.3793,-049.145,-114.1394,
-056.423,-171.9588,-049.170,-114.1299,
-056.231,-161.1987,-049.192,-114.1388,
-056.108,-152.6319,-049.205,-114.1545,
-056.003,-146.4373,-049.210,-114.1442,
-055.868,-134.8529,-049.217,-114.1847,
-055.792,-127.0576,-049.231,-114.1685,
-055.777,-121.0695,-049.216,-114.1611,
-055.786,-109.6574,-049.209,-114.1647,
-055.824,-102.5688,-049.215,-114.1500,
-055.900,-095.2816,-049.221,-114.1641,
-056.098,-083.5316,-049.230,-114.1618,
-056.283,-076.5555,-049.233,-114.1679,
-056.529,-068.8744,-049.229,-114.1761,
-056.974,-056.9350,-049.218,-114.1675,
-057.286,-049.5392,-049.272,-114.1740,
-057.710,-040.8204,-049.288,-114.1793,
-058.333,-028.8498,-049.283,-114.1853,
-058.787,-021.0420,-049.242,-114.1849,
-059.435,-010.6385,-049.244,-114.1737,
-060.428,002.4098,-049.241,-114.1851,
-061.083,010.8157,-049.223,-114.1697,
-062.121,023.3962,-049.203,-114.1576,
-063.400,039.0621,-049.225,-114.1701,
-064.205,049.7646,-049.180,-114.1474,
-065.549,067.3313,-049.174,-114.1428,
-066.696,084.8769,-049.194,-114.1461,
-067.446,098.8643,-049.209,-114.1385,
-068.102,123.3741,-049.239,-114.1547,
-068.278,141.5914,-049.243,-114.1413,
-068.247,156.2454,-049.257,-114.1400,
-068.136,177.1828,-049.259,-114.1527,
-068.023,-169.3045,-049.247,-114.1339,
-067.935,-157.2552,-049.228,-114.1339,
-068.011,-141.6792,-049.228,-114.1232,
-068.027,-132.5242,-049.223,-114.1317,
-068.226,-123.9364,-049.218,-114.1260,
-068.559,-113.8270,-049.219,-114.1231,
-068.839,-107.6640,-049.204,-114.1248,
-069.258,-101.4718,-049.192,-114.1219,
-069.650,-095.4135,-049.199,-114.1297,
-070.070,-092.1372,-049.184,-114.1364,
-070.518,-088.6977,-049.157,-114.1423,
-070.776,-084.8216,-049.152,-114.1289,
-070.787,-082.4497,-049.153,-114.1390,
-070.455,-078.7657,-049.162,-114.1383,
-070.103,-072.5252,-049.179,-114.1527,
-069.582,-066.7749,-049.211,-114.1465,
-068.826,-057.3361,-049.219,-114.1664,
-068.227,-049.4813,-049.225,-114.1515,
-067.590,-040.8085,-049.228,-114.1683,
-066.801,-028.0749,-049.242,-114.1593,
-066.285,-018.2309,-049.235,-114.1451,
-065.784,-007.6815,-049.222,-114.1577,
-065.289,004.8198,-049.222,-114.1444,
-065.074,014.7077,-049.213,-114.1557,
-064.758,026.9705,-049.212,-114.1613,
-064.515,040.9529,-049.214,-114.1510,
-064.458,050.7815,-049.201,-114.1502,
-064.512,064.0281,-049.201,-114.1431,
-064.604,078.3919,-049.193,-114.1340,
-064.662,089.5867,-049.188,-114.1363,
-064.764,106.7659,-049.207,-114.1337,
-064.820,122.6159,-049.201,-114.1299,
-064.895,134.1854,-049.209,-114.1341,
-065.030,151.6265,-049.215,-114.1190,
-065.073,166.6255,-049.195,-114.1114,
-065.138,179.2784,-049.184,-114.1110,
-065.192,-161.7827,-049.169,-114.1135,
-065.216,-147.7602,-049.155,-114.0981,
-065.205,-134.1337,-049.139,-114.1184,
-065.194,-114.1523,-049.148,-114.1114,
-065.099,-100.7115,-049.170,-114.1184,
-065.080,-087.1123,-049.186,-114.1262,
-065.204,-071.0389,-049.189,-114.1527,
-065.364,-060.7037,-049.199,-114.1386,
-065.708,-048.1568,-049.204,-114.1565,
-066.302,-030.9946,-049.206,-114.1339,
-066.751,-019.5889,-049.208,-114.1422,
-067.330,-004.7114,-049.196,-114.1304,
-068.161,015.2147,-049.189,-114.1325,
-068.759,030.2762,-049.189,-114.1335,
-069.227,052.0803,-049.191,-114.1267,
-069.466,074.4445,-049.197,-114.1215,
-069.579,089.1600,-049.214,-114.1184,
-069.604,110.5503,-049.193,-114.1261,
-069.511,130.2839,-049.184,-114.1250,
-069.180,144.5360,-049.176,-114.1132,
-068.598,164.0963,-049.170,-114.1262,
-068.110,177.6086,-049.158,-114.1217,
-067.752,-170.0924,-049.151,-114.1178,
-066.994,-152.0639,-049.148,-114.1211,
-066.452,-140.1051,-049.157,-114.1327,
-066.035,-127.9242,-049.166,-114.1432,
-065.617,-112.9411,-049.172,-114.1408,
-065.373,-103.2721,-049.186,-114.1554,
-065.076,-091.8577,-049.193,-114.1596,
-064.774,-078.3292,-049.194,-114.1461,
-064.557,-068.9472,-049.201,-114.1583,
-064.333,-057.4506,-049.205,-114.1535,
-064.079,-046.3181,-049.209,-114.1559,
-063.965,-038.0921,-049.214,-114.1502,
-063.811,-027.1525,-049.211,-114.1581,
-063.472,-017.5114,-049.213,-114.1540,
-063.105,-010.2442,-049.209,-114.1603,
-062.769,-002.5784,-049.183,-114.1589,
-062.564,003.5381,-049.171,-114.1481,
-062.535,009.0235,-049.161,-114.1429,
-062.489,016.2294,-049.169,-114.1452,
-062.522,020.8035,-049.172,-114.1575,
-062.607,025.3247,-049.177,-114.1376,
-062.797,030.5685,-049.164,-114.1377,
-062.974,034.4821,-049.132,-114.1380,
-063.214,039.7803,-049.100,-114.1312,
-063.505,045.3588,-049.071,-114.1132,
-063.679,049.6718,-049.051,-114.1076,
-063.893,055.0584,-049.045,-114.0875,
-064.080,060.2746,-049.061,-114.0953,
-064.189,063.5500,-049.085,-114.0909,
-064.343,068.3727,-049.101,-114.0776,
-064.476,072.3199,-049.122,-114.0901,
-064.570,074.7735,-049.105,-114.0991,
-064.756,078.6021,-049.078,-114.0695,
-064.845,081.5970,-049.053,-114.0636,
-064.899,083.6118,-049.041,-114.0800,
-064.982,086.9874,-049.053,-114.0810,
-065.115,089.3134,-049.090,-114.0886,
-065.239,090.9021,-049.106,-114.0832,
-065.319,093.9949,-049.132,-114.0801,
-065.361,095.7717,-049.146,-114.0778,
-065.454,097.0258,-049.130,-114.0895,
-065.676,098.6841,-049.079,-114.0806,
-065.816,100.9625,-049.073,-114.0745,
-065.915,103.2896,-049.065,-114.0777,
-066.013,106.4149,-049.073,-114.0858,
-065.988,108.1899,-049.097,-114.0857,
-065.863,110.3217,-049.123,-114.0968,
-065.656,112.2850,-049.133,-114.1184,
-065.500,113.0293,-049.145,-114.1237,
-065.331,113.6084,-049.139,-114.1272,
-065.194,113.6100,-049.151,-114.1151,
-065.128,113.7732,-049.167,-114.1176,
-065.114,113.1756,-049.199,-114.1332,
-065.163,112.7543,-049.207,-114.1177,
-065.196,112.4856,-049.223,-114.1221,
-065.187,112.0497,-049.231,-114.1110,
-065.093,111.4294,-049.230,-114.1014,
-064.969,110.6655,-049.242,-114.1115,
-064.852,107.8190,-049.249,-114.1165,
-064.811,105.5562,-049.257,-114.1312,
-064.808,104.1991,-049.277,-114.1362,
-064.774,102.6254,-049.291,-114.1367,
-064.655,102.0527,-049.294,-114.1306,
-064.465,101.5556,-049.291,-114.1252,
-064.146,099.6970,-049.300,-114.1403,
-064.008,097.7664,-049.294,-114.1474,
-063.759,095.6714,-049.284,-114.1334,
-063.396,092.4354,-049.255,-114.1211,
-063.119,089.6936,-049.233,-114.1095,
-062.851,086.3413,-049.216,-114.1169,
-062.692,082.7081,-049.223,-114.1160,
-062.575,080.2943,-049.237,-114.1093,
-062.366,077.0879,-049.257,-114.1126,
-062.010,073.8048,-049.273,-114.1106,
-061.728,070.9062,-049.272,-114.1268,
-061.283,066.0296,-049.262,-114.1102,
-060.884,061.7515,-049.240,-114.1066,
-060.609,058.0383,-049.226,-114.1079,
-060.249,051.7941,-049.224,-114.1164,
-060.012,047.2605,-049.222,-114.1178,
-059.821,043.1864,-049.229,-114.1211,
-059.542,036.9467,-049.236,-114.1193,
-059.349,032.4852,-049.239,-114.1238,
-059.124,027.6104,-049.243,-114.1235,
-058.842,020.7820,-049.235,-114.1248,
-058.705,015.8961,-049.234,-114.1182,
-058.574,009.7496,-049.223,-114.1106,
-058.515,002.3812,-049.200,-114.1065,
-058.520,-002.7121,-049.181,-114.1056,
-058.522,-009.4864,-049.146,-114.1016,
-058.504,-017.0609,-049.140,-114.0997,
-058.502,-022.4684,-049.138,-114.1073,
-058.509,-030.0676,-049.142,-114.1097,
-058.575,-038.2511,-049.166,-114.1100,
-058.638,-044.2888,-049.177,-114.1060,
-058.794,-053.5207,-049.184,-114.0935,
-058.953,-061.7046,-049.187,-114.0898,
-059.125,-068.2321,-049.179,-114.0807,
-059.456,-078.7752,-049.190,-114.0706,
-059.751,-086.7962,-049.190,-114.0707,
-060.092,-094.3734,-049.196,-114.0660,
-060.604,-106.0535,-049.192,-114.0681,
-060.998,-114.6929,-049.177,-114.0735,
-061.442,-123.8399,-049.163,-114.0705,
-062.114,-137.3570,-049.142,-114.0555,
-062.627,-147.4205,-049.132,-114.0739,
-063.226,-158.5576,-049.130,-114.0789,
-063.984,-173.6949,-049.132,-114.0574,
-064.454,175.0877,-049.138,-114.0618,
-065.011,160.6115,-049.149,-114.0745,
-065.576,142.2676,-049.140,-114.0675,
-065.880,129.4863,-049.120,-114.0749,
-066.252,112.1380,-049.092,-114.0705,
-066.434,094.1064,-049.056,-114.0715,
-066.506,081.7329,-049.042,-114.0668,
-066.442,064.1436,-049.061,-114.0769,
-066.385,049.1474,-049.084,-114.0746,
-066.344,037.7795,-049.111,-114.0731,
-066.529,020.5681,-049.121,-114.0834,
-066.619,007.5713,-049.139,-114.0826,
-066.815,-003.9156,-049.144,-114.0732,
-067.210,-020.1681,-049.118,-114.0720,
-067.647,-032.0290,-049.098,-114.0602,
-068.183,-043.8694,-049.087,-114.0626,
-069.001,-060.2381,-049.093,-114.0600,
-069.728,-071.8015,-049.081,-114.0695,
-070.739,-085.5849,-049.079,-114.0580,
-072.366,-102.9893,-049.098,-114.0577,
-073.793,-116.7912,-049.112,-114.0816,
-075.946,-136.8817,-049.107,-114.0715,
-079.038,-164.3857,-049.109,-114.0615,
-081.590,164.7104,-049.095,-114.0750,
-082.230,105.6526,-049.059,-114.0549,
-078.980,060.6531,-049.039,-114.0347,
-076.348,037.3221,-049.040,-114.0432,
-073.357,013.5808,-049.041,-114.0368,
-071.471,-003.4405,-049.045,-114.0563,
-070.192,-016.2539,-049.047,-114.0428,
-068.507,-035.3275,-049.060,-114.0476,
-067.385,-048.4874,-049.061,-114.0448,
-066.409,-061.7026,-049.054,-114.0495,
-065.261,-079.0176,-049.059,-114.0351,
-064.552,-090.7138,-049.055,-114.0483,
-063.823,-103.2767,-049.055,-114.0466,
-062.995,-118.1662,-049.054,-114.0554,
-062.487,-128.7637,-049.072,-114.0381,
-061.937,-141.6651,-049.088,-114.0588,
-061.361,-156.5000,-049.107,-114.0551,
-061.031,-167.1968,-049.116,-114.0541,
-060.639,179.0677,-049.118,-114.0440,
-060.346,164.0606,-049.120,-114.0441,
-060.208,153.1315,-049.120,-114.0408,
-060.062,138.2573,-049.152,-114.0506,
-059.995,123.4629,-049.155,-114.0446,
-059.936,112.6332,-049.150,-114.0424,
-059.833,096.1699,-049.142,-114.0325,
-059.710,081.4159,-049.126,-114.0294,
-059.640,070.6478,-049.111,-114.0322,
-059.578,053.6549,-049.076,-114.0169,
-059.551,040.1650,-049.096,-114.0347,
-059.544,027.8527,-049.121,-114.0344,
-059.436,010.1030,-049.150,-114.0452,
-059.347,-002.3563,-049.199,-114.0593,
-059.282,-014.0027,-049.194,-114.0721,
-059.280,-030.1783,-049.230,-114.0812,
-059.354,-041.4907,-049.227,-114.0900,
-059.444,-053.8566,-049.194,-114.0835,
-059.535,-070.1843,-049.162,-114.0679,
-059.615,-080.7451,-049.148,-114.0695,
-059.811,-093.5788,-049.139,-114.0658,
-060.125,-109.0729,-049.126,-114.0479,
-060.349,-119.6893,-049.141,-114.0583,
-060.682,-134.0844,-049.161,-114.0436,
-061.077,-149.6189,-049.178,-114.0466,
-061.403,-160.8701,-049.196,-114.0406,
-061.838,-178.2726,-049.209,-114.0509,
-062.068,165.3799,-049.204,-114.0487,
-062.143,152.8104,-049.194,-114.0598,
-062.127,134.7918,-049.166,-114.0580,
-062.208,121.6221,-049.158,-114.0517,
-062.295,109.7523,-049.150,-114.0565,
-062.433,092.5433,-049.144,-114.0547,
-062.510,080.0643,-049.142,-114.0467,
-062.585,067.5002,-049.158,-114.0665,
-062.610,051.0640,-049.172,-114.0609,
-062.541,039.5086,-049.177,-114.0645,
-062.399,027.4236,-049.199,-114.0644,
-062.173,013.7049,-049.204,-114.0656,
-062.089,005.0504,-049.206,-114.0456,
-062.048,-004.9158,-049.221,-114.0723,
-062.195,-015.4574,-049.226,-114.0539,
-062.408,-022.5999,-049.224,-114.0476,
-062.766,-032.3045,-049.221,-114.0545,
-063.247,-042.6358,-049.238,-114.0586,
-063.618,-050.0704,-049.242,-114.0521,
-064.182,-060.0676,-049.249,-114.0605,
-064.834,-068.9381,-049.258,-114.0384,
-065.467,-076.3407,-049.274,-114.0490,
-066.529,-087.8593,-049.280,-114.0526,
-067.413,-097.3756,-049.270,-114.0500,
-068.164,-106.2546,-049.271,-114.0586,
-069.105,-118.2471,-049.237,-114.0341,
-069.788,-126.3529,-049.222,-114.0391,
-070.517,-133.7953,-049.205,-114.0469,
-071.651,-141.7698,-049.223,-114.0388,
-072.599,-147.0892,-049.257,-114.0450,
-074.159,-151.7907,-049.277,-114.0401,
-076.496,-156.7328,-049.301,-114.0491,
-078.867,-160.1212,-049.308,-114.0463,
-083.789,-163.7658,-049.296,-114.0560,
-094.554,-147.0875,-049.284,-114.0504,
-093.001,-020.9338,-049.278,-114.0557,
-083.008,-004.4592,-049.277,-114.0500,
-079.142,-005.7211,-049.269,-114.0638,
-077.397,-006.3716,-049.258,-114.0606,
-075.423,-010.2343,-049.265,-114.0623,
-074.066,-012.9962,-049.284,-114.0756,
-073.108,-014.4942,-049.281,-114.0646,
-071.894,-016.3178,-049.304,-114.0732,
-071.215,-017.7004,-049.306,-114.0764,
-070.535,-018.3673,-049.307,-114.0813,
-069.810,-019.3026,-049.287,-114.0771,
-069.246,-019.9966,-049.272,-114.0665,
-068.814,-020.3259,-049.253,-114.0764,
-068.261,-020.2666,-049.248,-114.0794,
-067.927,-020.1068,-049.238,-114.0789,
-067.516,-019.1277,-049.248,-114.0708,
-067.035,-017.0955,-049.255,-114.0847,
-066.694,-015.4519,-049.273,-114.0945,
-066.313,-013.3470,-049.287,-114.0851,
-065.854,-010.4118,-049.286,-114.0819,
-065.556,-008.4586,-049.284,-114.0896,
-065.088,-006.3834,-049.304,-114.0804,
-064.595,-004.3185,-049.309,-114.0771,
-064.265,-002.7173,-049.295,-114.0741,
-063.790,-000.8804,-049.313,-114.0734,
-063.356,000.1875,-049.304,-114.0832,
-063.052,001.0631,-049.298,-114.0687,
-062.571,002.7937,-049.312,-114.0772,
-062.155,004.7587,-049.303,-114.0619,
-061.778,006.6543,-049.281,-114.0621,
-061.292,010.1208,-049.262,-114.0613,
-060.936,012.4752,-049.267,-114.0626,
-060.562,015.3124,-049.278,-114.0584,
-060.145,018.9928,-049.308,-114.0811,
-059.902,021.9701,-049.304,-114.0600,
-059.620,025.4949,-049.298,-114.0669,
-059.328,029.9701,-049.269,-114.0503,
-059.097,033.4310,-049.251,-114.0369,
-058.819,038.7294,-049.228,-114.0428,
DATA_END,
