FILENAME,E:\T_23\23_USP\ACQUIREDDATA\1AVVF09.MDB,
STEP,1,-90,-90,0,FORWARD,
SCAN,360,180,-179,1,REVERSE,
FREQ,SINGLE,1,9,
BEAM,1,
AXIS,0,
BINS,2,
SELECTED SCAN,ALL,
SELECTED FREQ,ALL,
SELECTED BEAM,ALL,
SELECTED BINS,ALL,
DATA_START,
-077.751,-146.9986,-048.624,-117.1949,
-077.972,-146.4557,-048.619,-117.1962,
-078.347,-147.4425,-048.605,-117.2018,
-079.023,-152.1528,-048.594,-117.1837,
-080.064,-159.3778,-048.589,-117.1776,
-081.432,-169.9738,-048.593,-117.1672,
-082.510,176.4407,-048.618,-117.1846,
-083.527,157.1889,-048.643,-117.1781,
-083.689,137.8989,-048.637,-117.1727,
-084.242,116.2174,-048.624,-117.1735,
-084.025,096.1479,-048.609,-117.1782,
-082.822,074.1640,-048.583,-117.1690,
-081.777,062.8469,-048.569,-117.1655,
-080.262,053.1200,-048.583,-117.1600,
-078.467,045.8818,-048.617,-117.1664,
-077.485,042.1245,-048.646,-117.1692,
-076.122,036.6579,-048.669,-117.1659,
-075.139,032.2898,-048.683,-117.1627,
-074.556,028.6863,-048.690,-117.1673,
-074.165,024.9841,-048.703,-117.1766,
-074.031,021.6732,-048.713,-117.1664,
-074.024,021.2112,-048.707,-117.1494,
-074.092,018.9659,-048.700,-117.1589,
-074.251,018.3110,-048.675,-117.1439,
-074.361,016.3774,-048.662,-117.1471,
-074.559,013.7584,-048.645,-117.1378,
-074.781,010.1075,-048.619,-117.1361,
-074.989,007.3463,-048.602,-117.1374,
-075.672,004.5518,-048.573,-117.1224,
-076.180,001.8487,-048.545,-117.1124,
-076.423,002.0068,-048.556,-117.1229,
-076.892,-000.2753,-048.573,-117.1314,
-077.150,000.1925,-048.581,-117.1376,
-077.289,-002.9519,-048.589,-117.1390,
-077.507,-006.4143,-048.571,-117.1272,
-077.537,-009.4169,-048.559,-117.1354,
-077.503,-012.4793,-048.545,-117.1231,
-077.145,-017.1531,-048.555,-117.1270,
-076.697,-019.1376,-048.532,-117.1141,
-076.171,-020.8898,-048.514,-117.1210,
-075.540,-022.6951,-048.484,-117.1070,
-075.246,-022.3877,-048.473,-117.1071,
-074.860,-020.3233,-048.483,-117.1012,
-074.193,-016.1876,-048.505,-117.1213,
-073.763,-011.8489,-048.513,-117.1210,
-073.145,-006.4853,-048.544,-117.1295,
-072.523,-001.0221,-048.569,-117.1344,
-071.934,004.0634,-048.552,-117.1357,
-071.215,011.9767,-048.517,-117.1245,
-070.556,018.5990,-048.475,-117.1105,
-070.047,024.3028,-048.443,-117.1036,
-069.321,032.2941,-048.437,-117.1065,
-068.803,038.9616,-048.427,-117.1050,
-068.286,045.0486,-048.424,-117.1161,
-067.635,054.8741,-048.419,-117.1215,
-067.144,062.7380,-048.400,-117.1210,
-066.716,070.1888,-048.391,-117.1317,
-066.062,080.0867,-048.398,-117.1353,
-065.654,087.7929,-048.402,-117.1292,
-065.265,096.0573,-048.428,-117.1301,
-064.928,106.2688,-048.438,-117.1388,
-064.669,114.3894,-048.440,-117.1171,
-064.334,123.6378,-048.439,-117.1203,
-063.942,134.0125,-048.442,-117.1133,
-063.710,142.3323,-048.434,-117.1079,
-063.447,152.5582,-048.448,-117.1168,
-063.162,163.4055,-048.460,-117.1127,
-062.899,172.2209,-048.456,-117.1076,
-062.601,-175.9146,-048.426,-117.1090,
-062.302,-165.0028,-048.391,-117.1004,
-062.084,-155.5798,-048.367,-117.0949,
-061.727,-142.4868,-048.336,-117.0906,
-061.393,-131.2466,-048.316,-117.0862,
-061.134,-120.8895,-048.304,-117.0887,
-060.694,-107.0390,-048.308,-117.0921,
-060.328,-096.9986,-048.312,-117.0995,
-059.979,-087.0802,-048.317,-117.1086,
-059.541,-074.4763,-048.308,-117.1120,
-059.204,-064.5596,-048.298,-117.1272,
-058.843,-054.0478,-048.295,-117.1286,
-058.421,-041.8736,-048.284,-117.1271,
-058.125,-032.6962,-048.268,-117.1269,
-057.809,-022.0836,-048.267,-117.1134,
-057.526,-010.3008,-048.234,-117.1058,
-057.297,-001.2153,-048.217,-117.0937,
-057.072,009.8487,-048.177,-117.0843,
-056.864,020.5388,-048.156,-117.0900,
-056.727,029.2232,-048.141,-117.0790,
-056.573,040.7133,-048.125,-117.0734,
-056.491,051.4422,-048.128,-117.0774,
-056.419,060.2813,-048.130,-117.0666,
-056.376,072.7265,-048.137,-117.0678,
-056.371,083.0479,-048.127,-117.0602,
-056.356,092.6964,-048.112,-117.0438,
-056.370,106.1564,-048.095,-117.0483,
-056.394,116.3533,-048.088,-117.0549,
-056.414,126.5101,-048.083,-117.0469,
-056.426,139.6027,-048.065,-117.0436,
-056.431,149.8366,-048.049,-117.0419,
-056.440,160.5131,-048.043,-117.0077,
-056.464,173.4403,-048.035,-117.0095,
-056.479,-176.5109,-048.033,-117.0110,
-056.483,-165.3328,-048.043,-117.0076,
-056.493,-152.7302,-048.052,-117.0189,
-056.530,-142.7714,-048.056,-117.0222,
-056.556,-130.9316,-048.041,-117.0361,
-056.602,-119.3579,-048.039,-117.0259,
-056.631,-110.1015,-048.036,-117.0304,
-056.732,-098.1646,-048.055,-117.0283,
-056.825,-087.1101,-048.083,-117.0391,
-056.946,-078.5309,-048.106,-117.0474,
-057.131,-066.2780,-048.141,-117.0735,
-057.313,-055.9850,-048.159,-117.0753,
-057.487,-046.9280,-048.162,-117.0841,
-057.765,-034.2349,-048.160,-117.0778,
-057.974,-024.6997,-048.144,-117.0651,
-058.193,-015.3341,-048.120,-117.0606,
-058.547,-003.2466,-048.128,-117.0494,
-058.862,005.6891,-048.165,-117.0507,
-059.235,015.3144,-048.179,-117.0632,
-059.690,027.2341,-048.158,-117.0511,
-060.069,036.2241,-048.137,-117.0468,
-060.552,046.8969,-048.128,-117.0330,
-061.097,059.3001,-048.122,-117.0366,
-061.534,068.6976,-048.150,-117.0452,
-062.047,080.7221,-048.146,-117.0379,
-062.617,093.4223,-048.174,-117.0410,
-063.026,103.3092,-048.177,-117.0498,
-063.622,117.2441,-048.171,-117.0447,
-064.142,129.9850,-048.177,-117.0513,
-064.471,139.7915,-048.167,-117.0492,
-065.007,153.4010,-048.154,-117.0462,
-065.460,164.5713,-048.172,-117.0479,
-065.831,174.9774,-048.191,-117.0419,
-066.170,-171.2748,-048.226,-117.0564,
-066.403,-161.3058,-048.251,-117.0753,
-066.551,-151.6740,-048.259,-117.0757,
-066.720,-138.9424,-048.256,-117.0803,
-066.751,-129.2289,-048.245,-117.0788,
-066.967,-118.6722,-048.237,-117.0847,
-067.126,-107.4185,-048.235,-117.0774,
-067.273,-099.2765,-048.230,-117.0567,
-067.451,-089.2735,-048.238,-117.0516,
-067.628,-078.9775,-048.248,-117.0490,
-067.773,-071.5674,-048.251,-117.0405,
-067.971,-062.3891,-048.260,-117.0458,
-068.173,-054.6735,-048.270,-117.0431,
-068.344,-049.0168,-048.282,-117.0430,
-068.500,-041.0197,-048.306,-117.0451,
-068.759,-035.1841,-048.320,-117.0451,
-068.847,-030.2992,-048.316,-117.0528,
-069.225,-024.5337,-048.331,-117.0433,
-069.527,-019.8082,-048.347,-117.0538,
-069.784,-015.2492,-048.362,-117.0602,
-070.236,-009.7694,-048.407,-117.0620,
-070.532,-005.4788,-048.450,-117.0677,
-070.730,-001.9793,-048.477,-117.0716,
-071.025,001.6811,-048.492,-117.0693,
-071.190,003.9275,-048.499,-117.0779,
-071.185,006.0809,-048.473,-117.0666,
-070.959,007.0300,-048.458,-117.0601,
-070.735,008.1714,-048.448,-117.0692,
-070.387,009.8207,-048.444,-117.0609,
-070.013,011.9720,-048.449,-117.0765,
-069.825,013.4125,-048.458,-117.0657,
-069.665,015.4521,-048.475,-117.0724,
-069.772,017.0501,-048.495,-117.1036,
-069.900,018.3286,-048.507,-117.0954,
-069.799,018.6212,-048.509,-117.0890,
-069.625,019.3369,-048.516,-117.0878,
-069.420,020.1550,-048.528,-117.0926,
-069.008,021.8596,-048.550,-117.0907,
-068.720,023.1339,-048.559,-117.0847,
-068.339,025.7174,-048.559,-117.0904,
-067.865,029.0777,-048.557,-117.0706,
-067.727,031.3727,-048.549,-117.0775,
-067.666,033.2723,-048.535,-117.0734,
-067.639,035.0814,-048.534,-117.0766,
-067.749,035.5859,-048.532,-117.0822,
-067.802,035.7966,-048.551,-117.1022,
-067.868,035.5738,-048.554,-117.0787,
-067.849,034.9034,-048.566,-117.0843,
-067.701,034.2786,-048.557,-117.0935,
-067.464,035.0619,-048.543,-117.0886,
-067.355,034.8118,-048.545,-117.0830,
-067.254,034.2389,-048.533,-117.0888,
-067.147,033.4609,-048.537,-117.0997,
-067.084,031.8350,-048.528,-117.0902,
-066.906,029.9765,-048.519,-117.0896,
-066.708,027.5900,-048.511,-117.0851,
-066.570,026.7042,-048.489,-117.0781,
-066.330,025.3249,-048.498,-117.0851,
-066.145,024.0062,-048.482,-117.0955,
-065.947,022.8521,-048.484,-117.0940,
-065.670,021.5767,-048.489,-117.0862,
-065.440,020.3743,-048.503,-117.0992,
-065.329,019.0820,-048.503,-117.0943,
-065.199,017.1535,-048.495,-117.1020,
-065.195,014.8648,-048.496,-117.0996,
-065.273,012.5374,-048.509,-117.1183,
-065.378,009.0985,-048.529,-117.1188,
-065.488,006.3133,-048.548,-117.1093,
-065.600,002.7941,-048.560,-117.1109,
-065.710,-001.1518,-048.560,-117.1183,
-065.911,-004.1332,-048.544,-117.1067,
-066.064,-007.0820,-048.501,-117.0950,
-066.272,-010.5828,-048.451,-117.0750,
-066.527,-013.6679,-048.425,-117.0517,
-066.761,-017.3176,-048.401,-117.0472,
-067.030,-020.8335,-048.373,-117.0601,
-067.320,-024.6606,-048.363,-117.0602,
-067.709,-029.4506,-048.374,-117.0569,
-068.064,-034.7051,-048.378,-117.0611,
-068.380,-040.1622,-048.393,-117.0564,
-068.750,-046.5343,-048.419,-117.0530,
-069.064,-051.6474,-048.407,-117.0499,
-069.426,-056.7890,-048.382,-117.0461,
-070.020,-062.3917,-048.353,-117.0341,
-070.753,-067.8461,-048.324,-117.0389,
-071.770,-074.7081,-048.287,-117.0258,
-072.987,-083.4906,-048.274,-117.0370,
-074.201,-092.5856,-048.263,-117.0309,
-075.869,-105.6271,-048.290,-117.0283,
-077.567,-122.5363,-048.324,-117.0358,
-079.175,-138.3852,-048.354,-117.0414,
-080.645,-164.9009,-048.370,-117.0519,
-080.840,162.9761,-048.374,-117.0457,
-080.070,139.7511,-048.368,-117.0494,
-078.122,113.9512,-048.326,-117.0382,
-076.195,096.3102,-048.300,-117.0408,
-074.843,082.9806,-048.296,-117.0286,
-073.111,067.8077,-048.301,-117.0170,
-071.716,055.1224,-048.327,-117.0168,
-070.529,045.8705,-048.335,-117.0371,
-068.919,033.5744,-048.341,-117.0191,
-067.818,024.9052,-048.329,-117.0209,
-066.711,017.1478,-048.333,-117.0115,
-065.509,007.4182,-048.314,-117.0201,
-064.766,000.3268,-048.316,-117.0162,
-064.069,-007.5784,-048.312,-117.0113,
-063.436,-016.1915,-048.320,-117.0188,
-062.920,-023.8685,-048.336,-117.0316,
-062.419,-033.3081,-048.353,-117.0413,
-061.950,-042.3119,-048.394,-117.0500,
-061.547,-050.5604,-048.414,-117.0487,
-061.058,-060.1112,-048.425,-117.0606,
-060.652,-069.0437,-048.437,-117.0597,
-060.309,-077.1229,-048.434,-117.0700,
-059.911,-087.5416,-048.424,-117.0646,
-059.585,-096.6669,-048.422,-117.0556,
-059.373,-104.4478,-048.412,-117.0574,
-059.059,-116.1525,-048.409,-117.0629,
-058.818,-124.7045,-048.398,-117.0574,
-058.658,-132.8558,-048.391,-117.0579,
-058.480,-144.6658,-048.402,-117.0529,
-058.433,-153.0562,-048.412,-117.0574,
-058.404,-162.6024,-048.431,-117.0448,
-058.373,-175.1653,-048.461,-117.0448,
-058.293,175.7344,-048.472,-117.0511,
-058.258,165.2480,-048.482,-117.0614,
-058.236,152.8528,-048.477,-117.0603,
-058.196,143.7566,-048.462,-117.0546,
-058.153,132.3723,-048.444,-117.0649,
-058.099,120.0497,-048.438,-117.0645,
-058.043,110.6400,-048.436,-117.0612,
-057.966,098.3015,-048.453,-117.0614,
-057.900,086.2015,-048.474,-117.0650,
-057.828,076.8520,-048.496,-117.0533,
-057.766,064.3939,-048.530,-117.0707,
-057.714,053.1831,-048.557,-117.0763,
-057.703,044.4188,-048.572,-117.0945,
-057.677,031.9519,-048.577,-117.0964,
-057.718,021.5246,-048.571,-117.0977,
-057.758,012.6157,-048.548,-117.0791,
-057.814,-000.1504,-048.524,-117.0842,
-057.916,-010.1455,-048.513,-117.0974,
-058.011,-019.4751,-048.509,-117.0923,
-058.129,-032.0836,-048.514,-117.1056,
-058.260,-041.7072,-048.527,-117.0991,
-058.452,-051.7963,-048.548,-117.1020,
-058.642,-063.8360,-048.557,-117.1173,
-058.848,-073.1777,-048.569,-117.1057,
-059.052,-083.8071,-048.574,-117.0987,
-059.351,-095.7733,-048.562,-117.1053,
-059.550,-104.8581,-048.552,-117.1063,
-059.852,-115.8098,-048.546,-117.0871,
-060.229,-127.4018,-048.555,-117.0926,
-060.547,-136.2025,-048.563,-117.0956,
-060.942,-147.5312,-048.595,-117.1024,
-061.382,-158.5746,-048.624,-117.0952,
-061.722,-167.3157,-048.636,-117.0976,
-062.232,-179.6926,-048.656,-117.0930,
-062.735,170.0425,-048.657,-117.0906,
-063.151,161.1700,-048.647,-117.0924,
-063.764,148.3009,-048.621,-117.0694,
-064.264,138.5166,-048.620,-117.0858,
-064.693,129.3293,-048.615,-117.0699,
-065.424,117.0285,-048.631,-117.0708,
-066.016,107.8146,-048.629,-117.0740,
-066.647,098.6335,-048.637,-117.0753,
-067.488,086.4305,-048.663,-117.0826,
-068.117,077.5861,-048.705,-117.0959,
-068.810,066.6772,-048.757,-117.1109,
-069.563,054.6801,-048.789,-117.1162,
-070.181,046.2359,-048.791,-117.1046,
-070.889,037.6784,-048.777,-117.1004,
-071.776,027.6139,-048.747,-117.0910,
-072.548,021.4234,-048.712,-117.0889,
-073.536,013.2413,-048.659,-117.0741,
-074.530,007.5222,-048.619,-117.0627,
-075.301,002.8730,-048.596,-117.0639,
-076.663,-001.1413,-048.589,-117.0495,
-077.786,-003.2510,-048.609,-117.0589,
-078.687,-001.7208,-048.640,-117.0631,
-079.410,004.3401,-048.674,-117.0676,
-079.649,008.4096,-048.691,-117.0627,
-079.356,012.7595,-048.688,-117.0700,
-078.727,015.7614,-048.657,-117.0500,
-078.111,015.9309,-048.621,-117.0570,
-077.393,014.9252,-048.580,-117.0383,
-076.721,011.9365,-048.546,-117.0275,
-076.157,009.2275,-048.534,-117.0204,
-075.531,006.4163,-048.520,-117.0269,
-074.916,002.2895,-048.515,-117.0259,
-074.413,-002.2789,-048.503,-117.0211,
-073.668,-007.6640,-048.485,-117.0259,
-072.947,-014.2923,-048.453,-117.0274,
-072.576,-018.8323,-048.427,-117.0188,
-072.035,-025.8310,-048.393,-117.0170,
-071.682,-031.9354,-048.367,-117.0013,
-071.291,-036.1394,-048.360,-116.9849,
-071.075,-043.3653,-048.343,-116.9777,
-070.905,-050.2926,-048.347,-116.9835,
-070.794,-055.1661,-048.368,-116.9717,
-070.607,-061.8395,-048.396,-116.9690,
-070.496,-066.6530,-048.414,-116.9779,
-070.274,-071.6303,-048.430,-116.9706,
-070.127,-077.3194,-048.438,-116.9645,
-070.136,-082.3532,-048.430,-116.9762,
-070.286,-086.8791,-048.423,-116.9727,
-070.495,-092.6673,-048.407,-116.9574,
-070.704,-096.5440,-048.383,-116.9499,
-071.050,-100.6672,-048.368,-116.9549,
-071.257,-104.3034,-048.356,-116.9424,
-071.318,-107.9040,-048.359,-116.9401,
-071.438,-113.2193,-048.368,-116.9445,
-071.625,-118.5788,-048.388,-116.9654,
-071.805,-122.4234,-048.411,-116.9641,
-072.267,-127.1419,-048.439,-116.9750,
-072.887,-130.2246,-048.453,-116.9806,
-073.405,-131.3656,-048.456,-116.9847,
-074.184,-133.5009,-048.459,-116.9857,
-074.769,-133.5007,-048.461,-116.9826,
-075.253,-135.1075,-048.471,-116.9992,
-075.865,-138.5257,-048.487,-116.9854,
-076.187,-140.8515,-048.489,-117.0091,
-076.639,-144.6674,-048.513,-117.0200,
-076.869,-147.9899,-048.544,-117.0102,
-077.243,-149.0805,-048.568,-117.0164,
-077.446,-148.5790,-048.600,-117.0164,
DATA_END,
