FILENAME,E:\T_23\23_USP\ACQUIREDDATA\2AHVF07.MDB,
STEP,1,-90,-90,0,FORWARD,
SCAN,360,-179,180,1,FORWARD,
FREQ,SINGLE,1,7.5,
BEAM,1,
AXIS,0,
BINS,2,
SELECTED SCAN,ALL,
SELECTED FREQ,ALL,
SELECTED BEAM,ALL,
SELECTED BINS,ALL,
DATA_START,
-058.644,124.4100,-046.250,-113.9673,
-058.451,126.2633,-046.229,-113.9824,
-058.260,127.7566,-046.257,-113.9891,
-058.135,128.6318,-046.302,-113.9883,
-058.040,130.2252,-046.311,-114.0021,
-057.937,130.5435,-046.341,-113.9959,
-057.895,131.5630,-046.396,-114.0196,
-057.840,132.9291,-046.351,-114.0041,
-057.769,134.8730,-046.430,-114.0206,
-057.683,136.5603,-046.414,-114.0253,
-057.610,139.1596,-046.424,-114.0191,
-057.544,141.8384,-046.390,-114.0043,
-057.469,143.9702,-046.318,-113.9974,
-057.402,146.6492,-046.321,-113.9929,
-057.367,149.5406,-046.311,-113.9995,
-057.346,151.4926,-046.274,-113.9702,
-057.327,154.6487,-046.218,-113.9406,
-057.361,157.3098,-046.250,-113.9473,
-057.397,159.3047,-046.263,-113.9495,
-057.452,162.6751,-046.248,-113.9290,
-057.498,165.0105,-046.291,-113.9387,
-057.518,167.2760,-046.261,-113.9351,
-057.581,170.9057,-046.305,-113.9370,
-057.636,173.6761,-046.260,-113.9203,
-057.666,175.5235,-046.265,-113.9164,
-057.767,-179.9674,-046.306,-113.9328,
-057.857,-177.0702,-046.290,-113.9326,
-057.907,-174.3864,-046.336,-113.9454,
-058.022,-170.1721,-046.317,-113.9230,
-058.157,-167.8855,-046.293,-113.9303,
-058.314,-166.1950,-046.301,-113.9420,
-058.637,-163.1703,-046.285,-113.9340,
-058.847,-160.9366,-046.249,-113.9349,
-059.106,-158.3682,-046.303,-113.9527,
-059.419,-154.6078,-046.296,-113.9447,
-059.626,-152.0597,-046.318,-113.9481,
-059.858,-149.5640,-046.325,-113.9636,
-060.146,-145.4059,-046.264,-113.9542,
-060.425,-143.1756,-046.312,-113.9677,
-060.758,-140.7207,-046.297,-113.9621,
-061.200,-136.3088,-046.304,-113.9777,
-061.522,-134.6101,-046.318,-113.9834,
-061.847,-131.9519,-046.293,-113.9797,
-062.285,-129.4879,-046.301,-113.9748,
-062.642,-128.6085,-046.259,-113.9571,
-063.268,-127.2142,-046.263,-113.9469,
-064.064,-125.9936,-046.230,-113.9606,
-064.587,-125.7676,-046.191,-113.9500,
-065.358,-127.1037,-046.206,-113.9567,
-065.861,-128.6250,-046.246,-113.9609,
-066.280,-130.1734,-046.216,-113.9412,
-066.988,-132.4754,-046.250,-113.9423,
-067.291,-133.9727,-046.254,-113.9447,
-067.624,-135.0741,-046.271,-113.9234,
-067.727,-135.2263,-046.309,-113.9459,
-067.687,-135.0922,-046.261,-113.9239,
-067.447,-135.4738,-046.321,-113.9345,
-067.091,-136.2662,-046.345,-113.9335,
-066.779,-136.7671,-046.356,-113.9336,
-066.319,-137.1187,-046.329,-113.9208,
-065.945,-137.7228,-046.290,-113.9163,
-065.674,-137.3534,-046.281,-113.8987,
-065.318,-137.2178,-046.259,-113.8815,
-064.930,-135.7934,-046.279,-113.9008,
-064.673,-133.8202,-046.289,-113.9000,
-064.499,-130.0394,-046.216,-113.8913,
-064.355,-127.4932,-046.274,-113.9059,
-064.148,-125.1702,-046.327,-113.9175,
-063.933,-120.7841,-046.334,-113.9204,
-063.803,-116.8076,-046.297,-113.9051,
-063.630,-113.5446,-046.285,-113.8937,
-063.429,-108.4374,-046.278,-113.8898,
-063.339,-104.1536,-046.308,-113.9070,
-063.316,-100.2681,-046.314,-113.8964,
-063.378,-095.8956,-046.298,-113.9012,
-063.539,-091.7742,-046.277,-113.8901,
-063.765,-087.5480,-046.269,-113.8873,
-064.005,-081.9104,-046.261,-113.8988,
-064.166,-077.1634,-046.295,-113.9084,
-064.344,-072.5274,-046.319,-113.9328,
-064.532,-068.2635,-046.250,-113.9196,
-064.725,-064.9758,-046.303,-113.9487,
-064.990,-059.5437,-046.334,-113.9560,
-065.271,-055.1447,-046.293,-113.9619,
-065.541,-052.1823,-046.317,-113.9737,
-065.985,-048.0761,-046.306,-113.9695,
-066.402,-044.4777,-046.325,-113.9878,
-066.707,-041.1094,-046.292,-113.9901,
-067.277,-035.6219,-046.291,-113.9891,
-067.751,-031.2411,-046.290,-113.9957,
-068.127,-027.8693,-046.272,-114.0035,
-068.743,-021.3676,-046.238,-113.9771,
-069.016,-017.7446,-046.246,-113.9847,
-069.361,-013.2709,-046.257,-113.9829,
-069.599,-008.5060,-046.271,-113.9825,
-069.803,-005.8139,-046.301,-113.9848,
-069.898,-001.8126,-046.342,-114.0031,
-070.245,001.7977,-046.337,-113.9957,
-070.532,002.4853,-046.333,-113.9917,
-070.873,002.6449,-046.322,-113.9862,
-071.184,004.2684,-046.393,-114.0064,
-071.471,004.3594,-046.381,-114.0030,
-071.715,003.7378,-046.363,-113.9996,
-072.010,002.3754,-046.337,-113.9907,
-072.170,003.0924,-046.351,-114.0207,
-071.908,005.7329,-046.377,-114.0222,
-071.542,007.0354,-046.276,-114.0062,
-071.524,009.0143,-046.259,-113.9997,
-071.234,011.3805,-046.269,-114.0157,
-071.302,012.0943,-046.288,-114.0178,
-071.384,014.3327,-046.307,-114.0158,
-071.436,016.8440,-046.283,-114.0180,
-071.768,017.6077,-046.304,-114.0308,
-072.283,019.8559,-046.300,-114.0268,
-072.967,022.0298,-046.341,-114.0339,
-073.567,023.9552,-046.358,-114.0365,
-074.025,027.8875,-046.347,-114.0346,
-074.558,032.7219,-046.397,-114.0469,
-074.414,036.0769,-046.375,-114.0380,
-074.186,038.4762,-046.382,-114.0474,
-073.913,040.2675,-046.367,-114.0313,
-074.622,042.5810,-046.350,-114.0273,
-074.703,044.8950,-046.357,-114.0356,
-074.620,047.1581,-046.332,-114.0226,
-074.489,049.3398,-046.324,-114.0083,
-074.389,055.4082,-046.335,-114.0065,
-074.384,060.5386,-046.392,-114.0176,
-074.433,066.8082,-046.361,-114.0078,
-074.360,075.9757,-046.370,-114.0126,
-074.773,082.2630,-046.347,-114.0091,
-074.839,087.0282,-046.331,-114.0050,
-075.383,094.0422,-046.348,-114.0166,
-075.958,097.1037,-046.308,-113.9904,
-076.737,099.9833,-046.266,-113.9852,
-077.224,099.8544,-046.292,-113.9824,
-077.770,103.3731,-046.317,-113.9939,
-078.222,109.0207,-046.287,-113.9965,
-078.651,113.8083,-046.326,-114.0142,
-079.321,116.3885,-046.312,-114.0082,
-080.150,114.4211,-046.344,-114.0240,
-081.615,102.4692,-046.396,-114.0413,
-082.641,090.9790,-046.343,-114.0232,
-083.784,068.7498,-046.372,-114.0361,
-083.779,045.8570,-046.401,-114.0545,
-082.983,031.2829,-046.344,-114.0420,
-081.694,013.5008,-046.395,-114.0571,
-080.608,-000.1719,-046.387,-114.0452,
-079.781,-009.1265,-046.338,-114.0399,
-078.286,-017.7357,-046.331,-114.0407,
-077.462,-024.2360,-046.285,-114.0300,
-076.337,-026.9332,-046.286,-114.0207,
-074.655,-028.8872,-046.254,-114.0175,
-073.469,-028.0737,-046.262,-114.0354,
-072.355,-027.8755,-046.278,-114.0306,
-071.317,-028.0483,-046.284,-114.0428,
-070.845,-028.1623,-046.317,-114.0421,
-070.284,-027.7703,-046.342,-114.0412,
-069.811,-027.3164,-046.332,-114.0401,
-069.527,-027.2248,-046.310,-114.0352,
-069.162,-025.9478,-046.336,-114.0492,
-068.819,-024.9660,-046.311,-114.0349,
-068.631,-025.3511,-046.310,-114.0353,
-068.382,-026.7685,-046.314,-114.0367,
-067.968,-029.0896,-046.329,-114.0361,
-067.652,-032.7800,-046.331,-114.0418,
-067.549,-037.4759,-046.334,-114.0358,
-067.611,-041.9622,-046.326,-114.0230,
-067.753,-044.2748,-046.330,-114.0206,
-068.136,-046.4712,-046.334,-114.0246,
-068.532,-046.8705,-046.347,-114.0335,
-068.886,-045.8111,-046.336,-114.0150,
-069.026,-043.5611,-046.280,-113.9922,
-069.067,-040.7190,-046.325,-114.0181,
-068.759,-038.4007,-046.257,-114.0105,
-068.254,-035.9654,-046.250,-114.0149,
-067.883,-035.2324,-046.269,-114.0183,
-067.267,-035.0284,-046.265,-114.0257,
-066.653,-036.6249,-046.290,-114.0373,
-066.299,-038.8005,-046.272,-114.0476,
-065.930,-040.7182,-046.222,-114.0420,
-065.471,-043.1784,-046.183,-114.0372,
-065.245,-044.6146,-046.181,-114.0378,
-064.969,-047.5704,-046.174,-114.0397,
-064.714,-049.8683,-046.204,-114.0411,
-064.606,-051.0871,-046.181,-114.0303,
-064.348,-053.1898,-046.256,-114.0521,
-064.094,-054.1785,-046.251,-114.0410,
-063.846,-055.3229,-046.278,-114.0458,
-063.558,-058.4494,-046.284,-114.0454,
-063.265,-060.7426,-046.297,-114.0454,
-063.052,-063.3894,-046.300,-114.0648,
-062.928,-067.7428,-046.311,-114.0691,
-062.958,-070.4032,-046.183,-114.0421,
-063.007,-073.3423,-046.243,-114.0611,
-063.162,-076.0639,-046.217,-114.0461,
-063.292,-078.2882,-046.238,-114.0511,
-063.489,-079.9262,-046.226,-114.0522,
-063.569,-082.5259,-046.178,-114.0337,
-063.559,-084.1360,-046.181,-114.0413,
-063.426,-086.1473,-046.191,-114.0372,
-063.318,-087.8737,-046.161,-114.0225,
-063.314,-089.9862,-046.168,-114.0254,
-063.229,-091.7334,-046.199,-114.0287,
-063.301,-092.5628,-046.215,-114.0402,
-063.416,-093.6886,-046.223,-114.0353,
-063.776,-095.5690,-046.176,-114.0218,
-064.134,-097.0568,-046.194,-114.0263,
-064.416,-099.0459,-046.187,-114.0198,
-064.848,-101.4543,-046.215,-114.0116,
-065.067,-103.7052,-046.211,-114.0215,
-065.179,-106.0922,-046.179,-114.0258,
-065.245,-110.3327,-046.212,-114.0274,
-065.346,-113.3004,-046.219,-114.0066,
-065.504,-115.9167,-046.223,-113.9916,
-065.866,-119.5693,-046.205,-113.9894,
-066.166,-122.1195,-046.227,-113.9905,
-066.565,-125.1499,-046.208,-113.9799,
-066.996,-128.4799,-046.190,-113.9829,
-067.503,-129.6043,-046.185,-113.9806,
-068.078,-130.0422,-046.201,-113.9758,
-068.824,-128.7926,-046.243,-114.0020,
-069.388,-127.9343,-046.227,-113.9879,
-070.115,-125.4777,-046.176,-113.9681,
-070.641,-120.4510,-046.183,-113.9660,
-070.807,-120.1234,-046.166,-113.9549,
-071.161,-119.5016,-046.177,-113.9530,
-071.186,-117.9410,-046.180,-113.9533,
-071.428,-117.7222,-046.177,-113.9529,
-071.664,-116.2762,-046.220,-113.9675,
-071.795,-113.5611,-046.180,-113.9570,
-071.982,-111.8488,-046.196,-113.9547,
-072.101,-108.0511,-046.224,-113.9702,
-071.934,-105.3113,-046.243,-113.9719,
-071.270,-101.4110,-046.271,-113.9836,
-070.252,-097.0340,-046.277,-113.9793,
-069.126,-097.2907,-046.242,-113.9798,
-068.090,-099.3986,-046.242,-113.9747,
-066.943,-100.6642,-046.202,-113.9742,
-066.076,-101.9576,-046.231,-113.9767,
-065.274,-105.8280,-046.172,-113.9842,
-064.457,-108.1109,-046.151,-113.9857,
-064.026,-110.3378,-046.166,-113.9948,
-063.525,-114.1053,-046.119,-113.9753,
-063.071,-118.1738,-046.132,-113.9824,
-062.813,-120.9812,-046.176,-113.9856,
-062.514,-124.8168,-046.177,-113.9790,
-062.206,-127.9186,-046.174,-113.9849,
-061.974,-130.2375,-046.209,-113.9809,
-061.582,-133.9149,-046.238,-113.9924,
-061.278,-136.4577,-046.240,-113.9968,
-061.004,-139.5548,-046.236,-113.9865,
-060.629,-142.8940,-046.236,-113.9865,
-060.390,-145.9741,-046.197,-113.9808,
-060.165,-150.1167,-046.206,-113.9779,
-059.930,-154.9351,-046.215,-113.9751,
-059.891,-158.4292,-046.231,-113.9616,
-059.778,-163.7234,-046.224,-113.9587,
-059.699,-168.7805,-046.185,-113.9541,
-059.737,-172.8084,-046.200,-113.9561,
-059.749,-177.3865,-046.203,-113.9674,
-059.620,177.6762,-046.190,-113.9614,
-059.575,174.4806,-046.202,-113.9755,
-059.546,170.3604,-046.211,-113.9828,
-059.546,166.9213,-046.182,-113.9789,
-059.584,164.4374,-046.200,-113.9859,
-059.637,160.9219,-046.174,-113.9762,
-059.761,157.8863,-046.190,-113.9840,
-059.941,155.2289,-046.189,-113.9780,
-060.188,151.0939,-046.164,-113.9731,
-060.421,147.7015,-046.146,-113.9649,
-060.627,144.7002,-046.121,-113.9574,
-060.964,139.7383,-046.112,-113.9588,
-061.214,136.0484,-046.133,-113.9699,
-061.486,132.4905,-046.112,-113.9661,
-061.887,128.1945,-046.157,-113.9787,
-062.246,125.2475,-046.183,-113.9847,
-062.647,122.1532,-046.198,-113.9741,
-063.202,118.1473,-046.242,-113.9835,
-063.530,115.9620,-046.192,-113.9659,
-063.941,114.3694,-046.226,-113.9770,
-064.720,112.2824,-046.228,-113.9687,
-065.305,111.8788,-046.219,-113.9665,
-066.131,111.4928,-046.198,-113.9717,
-066.899,111.4974,-046.160,-113.9667,
-067.498,112.2594,-046.145,-113.9639,
-068.431,114.3199,-046.160,-113.9594,
-068.915,117.6659,-046.159,-113.9646,
-069.415,121.2466,-046.170,-113.9712,
-069.625,127.9276,-046.129,-113.9625,
-069.589,132.4290,-046.141,-113.9688,
-069.242,136.2370,-046.165,-113.9815,
-068.920,143.5431,-046.174,-113.9974,
-068.524,146.1321,-046.204,-114.0084,
-068.040,149.3150,-046.224,-114.0152,
-067.370,152.9301,-046.234,-114.0172,
-066.920,154.1523,-046.233,-114.0149,
-066.440,156.1905,-046.253,-114.0178,
-065.769,156.1443,-046.239,-114.0245,
-065.180,155.0634,-046.269,-114.0397,
-064.433,153.4731,-046.241,-114.0303,
-063.628,152.3032,-046.248,-114.0345,
-063.020,151.5935,-046.228,-114.0365,
-062.261,150.3612,-046.204,-114.0272,
-061.705,150.0420,-046.201,-114.0392,
-061.345,149.5236,-046.197,-114.0418,
-061.007,147.8690,-046.165,-114.0237,
-060.759,146.0448,-046.173,-114.0264,
-060.575,144.4895,-046.174,-114.0198,
-060.268,141.8631,-046.202,-114.0265,
-059.967,139.8366,-046.203,-114.0388,
-059.698,138.2832,-046.167,-114.0344,
-059.346,135.9530,-046.158,-114.0356,
-059.188,134.2500,-046.141,-114.0369,
-059.018,132.7229,-046.158,-114.0369,
-058.927,131.2187,-046.141,-114.0405,
-058.916,130.3674,-046.130,-114.0414,
-058.949,129.8044,-046.158,-114.0444,
-059.012,128.7041,-046.180,-114.0505,
-059.105,128.3103,-046.189,-114.0565,
-059.224,127.7335,-046.149,-114.0371,
-059.454,126.5611,-046.179,-114.0457,
-059.559,124.9870,-046.231,-114.0682,
-059.723,124.3713,-046.249,-114.0568,
-059.860,123.6481,-046.250,-114.0541,
-059.874,122.4325,-046.257,-114.0583,
-059.919,121.2345,-046.226,-114.0608,
-059.963,119.5447,-046.247,-114.0573,
-059.989,118.6339,-046.223,-114.0543,
-060.074,116.6875,-046.184,-114.0593,
-060.150,115.5907,-046.160,-114.0538,
-060.238,114.5687,-046.132,-114.0382,
-060.376,112.8953,-046.126,-114.0276,
-060.440,112.1925,-046.128,-114.0271,
-060.576,111.0412,-046.127,-114.0163,
-060.672,109.4014,-046.150,-114.0182,
-060.690,108.4814,-046.178,-114.0297,
-060.653,107.3880,-046.184,-114.0367,
-060.607,106.5889,-046.206,-114.0442,
-060.566,106.6371,-046.217,-114.0597,
-060.498,106.5633,-046.237,-114.0526,
-060.519,107.0196,-046.254,-114.0590,
-060.521,106.9696,-046.255,-114.0651,
-060.481,106.6825,-046.243,-114.0610,
-060.417,107.0955,-046.267,-114.0655,
-060.318,107.2469,-046.260,-114.0726,
-060.233,107.3769,-046.238,-114.0774,
-060.138,107.6465,-046.212,-114.0887,
-060.059,108.1620,-046.218,-114.0957,
-059.934,108.4513,-046.224,-114.1004,
-059.818,108.8863,-046.227,-114.0956,
-059.699,109.9659,-046.247,-114.1039,
-059.506,111.5110,-046.262,-114.1071,
-059.377,113.1869,-046.273,-114.1016,
-059.329,114.7920,-046.269,-114.1025,
-059.332,117.3188,-046.309,-114.1024,
-059.302,118.4490,-046.308,-114.1053,
-059.226,119.8295,-046.281,-114.1118,
-059.067,120.8417,-046.264,-114.1016,
-058.886,122.2502,-046.258,-114.0968,
-058.619,123.8387,-046.227,-114.0856,
DATA_END,
