FILENAME,E:\T_23\23_USP\ACQUIREDDATA\2AVHF06.MDB,
STEP,1,-90,-90,0,FORWARD,
SCAN,360,180,-179,1,REVERSE,
FREQ,SINGLE,1,6,
BEAM,1,
AXIS,0,
BINS,2,
SELECTED SCAN,ALL,
SELECTED FREQ,ALL,
SELECTED BEAM,ALL,
SELECTED BINS,ALL,
DATA_START,
-077.966,-032.7607,-036.822,-109.6542,
-070.602,-001.1871,-036.852,-109.6854,
-066.641,005.6746,-036.858,-109.6739,
-063.762,007.3174,-036.848,-109.6651,
-061.504,007.6760,-036.840,-109.6546,
-059.815,007.3643,-036.816,-109.6294,
-058.456,007.1030,-036.789,-109.5982,
-057.206,006.6825,-036.780,-109.6158,
-056.065,006.2183,-036.767,-109.5989,
-055.192,005.9112,-036.765,-109.5885,
-054.359,005.6037,-036.765,-109.5813,
-053.483,005.1265,-036.771,-109.5997,
-052.842,004.8435,-036.780,-109.5946,
-052.210,004.4461,-036.791,-109.6355,
-051.573,004.4879,-036.802,-109.6307,
-051.126,004.3607,-036.810,-109.6525,
-050.655,004.4726,-036.823,-109.6420,
-050.189,004.7847,-036.849,-109.6673,
-049.857,005.1757,-036.866,-109.7110,
-049.475,005.7349,-036.860,-109.7022,
-049.107,006.5398,-036.867,-109.7012,
-048.829,007.1723,-036.856,-109.6990,
-048.486,008.0543,-036.850,-109.7047,
-048.171,008.7113,-036.834,-109.6949,
-047.947,009.3041,-036.847,-109.7195,
-047.677,010.2056,-036.853,-109.7509,
-047.457,011.1874,-036.850,-109.7306,
-047.296,012.0601,-036.848,-109.7200,
-047.092,013.1951,-036.866,-109.7564,
-046.930,014.4932,-036.872,-109.7643,
-046.824,015.4850,-036.882,-109.7733,
-046.704,017.0952,-036.895,-109.7618,
-046.614,018.3776,-036.901,-109.7765,
-046.553,019.7326,-036.883,-109.7663,
-046.522,021.7008,-036.882,-109.7737,
-046.522,023.1411,-036.868,-109.7661,
-046.541,024.5876,-036.862,-109.7453,
-046.600,026.6434,-036.849,-109.7144,
-046.679,028.1337,-036.839,-109.7278,
-046.783,030.1223,-036.827,-109.7217,
-046.939,032.4261,-036.812,-109.7096,
-047.072,034.3589,-036.803,-109.7020,
-047.236,036.4724,-036.809,-109.7056,
-047.493,039.3056,-036.833,-109.7095,
-047.719,041.4481,-036.851,-109.7431,
-047.982,044.0024,-036.878,-109.7821,
-048.301,047.1344,-036.882,-109.7534,
-048.583,049.7030,-036.872,-109.7468,
-048.973,053.2107,-036.868,-109.7366,
-049.402,056.7330,-036.861,-109.7397,
-049.781,059.9884,-036.841,-109.7127,
-050.352,064.5999,-036.813,-109.6880,
-050.851,068.7867,-036.797,-109.6707,
-051.357,072.8051,-036.778,-109.6235,
-052.156,079.2057,-036.749,-109.5934,
-052.800,084.6311,-036.759,-109.5814,
-053.408,090.1021,-036.753,-109.5835,
-054.304,098.7799,-036.750,-109.5942,
-054.852,105.6928,-036.756,-109.6063,
-055.493,113.5903,-036.774,-109.6195,
-056.304,124.7748,-036.793,-109.6346,
-056.933,133.5376,-036.798,-109.6576,
-057.589,144.7568,-036.795,-109.6420,
-058.191,158.4559,-036.800,-109.6430,
-058.476,169.9321,-036.814,-109.6438,
-058.648,-176.1077,-036.808,-109.6267,
-058.556,-161.3193,-036.809,-109.6403,
-058.301,-149.8721,-036.810,-109.6273,
-057.707,-135.7576,-036.792,-109.6078,
-057.139,-123.6431,-036.779,-109.6026,
-056.616,-114.7607,-036.790,-109.5852,
-055.692,-104.2360,-036.786,-109.5808,
-055.071,-095.4245,-036.786,-109.5999,
-054.492,-088.8101,-036.801,-109.6016,
-053.750,-079.6231,-036.835,-109.6713,
-053.263,-073.3758,-036.843,-109.6745,
-052.815,-066.9560,-036.860,-109.7158,
-052.266,-059.0663,-036.852,-109.7020,
-051.901,-053.1457,-036.836,-109.6892,
-051.546,-047.0259,-036.821,-109.6816,
-051.112,-039.5849,-036.816,-109.6994,
-050.808,-034.2384,-036.800,-109.6751,
-050.502,-028.2958,-036.784,-109.6710,
-050.205,-021.8807,-036.772,-109.6671,
-049.987,-016.9427,-036.772,-109.6371,
-049.769,-010.9250,-036.786,-109.6527,
-049.625,-005.1741,-036.784,-109.6449,
-049.535,-000.6167,-036.795,-109.6528,
-049.435,005.5910,-036.788,-109.6575,
-049.396,010.9059,-036.804,-109.6836,
-049.367,015.5257,-036.806,-109.6729,
-049.432,022.1226,-036.802,-109.6888,
-049.531,027.3375,-036.804,-109.7004,
-049.678,032.0222,-036.800,-109.6622,
-049.937,038.7851,-036.806,-109.6938,
-050.182,044.0767,-036.774,-109.6707,
-050.452,049.6467,-036.750,-109.6575,
-050.858,057.5521,-036.740,-109.6231,
-051.206,063.7102,-036.735,-109.6411,
-051.622,070.3855,-036.718,-109.5953,
-052.185,078.8796,-036.722,-109.6038,
-052.678,085.6518,-036.734,-109.6167,
-053.268,093.8678,-036.744,-109.6148,
-053.993,103.9682,-036.774,-109.6373,
-054.552,112.3403,-036.781,-109.6571,
-055.158,122.9014,-036.802,-109.6890,
-055.841,135.8961,-036.812,-109.6916,
-056.259,146.7557,-036.823,-109.6845,
-056.655,162.3348,-036.834,-109.6829,
-056.715,176.6254,-036.832,-109.6769,
-056.586,-171.9272,-036.852,-109.6852,
-056.212,-156.7911,-036.848,-109.6782,
-055.748,-144.4865,-036.833,-109.6624,
-055.269,-134.7927,-036.843,-109.6712,
-054.539,-121.8218,-036.836,-109.6663,
-053.987,-112.8289,-036.837,-109.6734,
-053.478,-104.7438,-036.843,-109.6554,
-052.836,-095.2062,-036.836,-109.6517,
-052.379,-088.2784,-036.836,-109.6421,
-051.963,-081.1771,-036.845,-109.6478,
-051.415,-073.1883,-036.864,-109.6887,
-051.094,-067.2077,-036.875,-109.6918,
-050.527,-061.1641,-036.892,-109.7199,
-050.058,-054.3117,-036.904,-109.7644,
-049.738,-049.4385,-036.903,-109.7627,
-049.404,-043.5824,-036.875,-109.7415,
-049.106,-037.2269,-036.850,-109.6956,
-048.924,-032.6017,-036.840,-109.6837,
-048.746,-026.5993,-036.805,-109.6679,
-048.622,-020.7245,-036.789,-109.6223,
-048.541,-016.1690,-036.791,-109.6546,
-048.433,-009.8381,-036.805,-109.6662,
-048.391,-004.5032,-036.810,-109.6714,
-048.367,-000.2463,-036.803,-109.6369,
-048.381,005.5856,-036.824,-109.6713,
-048.367,010.6169,-036.836,-109.7092,
-048.319,015.2843,-036.835,-109.6995,
-048.349,021.2034,-036.845,-109.7190,
-048.395,025.7861,-036.845,-109.7430,
-048.462,030.6800,-036.829,-109.7208,
-048.573,036.1643,-036.804,-109.6887,
-048.618,040.2389,-036.795,-109.6707,
-048.700,045.0184,-036.774,-109.6537,
-048.822,050.0942,-036.764,-109.6764,
-048.925,054.0248,-036.755,-109.6609,
-049.050,058.6557,-036.745,-109.6425,
-049.190,063.4165,-036.751,-109.6725,
-049.319,067.3058,-036.768,-109.6821,
-049.518,072.2616,-036.780,-109.6838,
-049.714,076.6699,-036.796,-109.6757,
-049.882,080.1772,-036.822,-109.7024,
-050.133,085.0034,-036.831,-109.7035,
-050.367,088.9058,-036.829,-109.7085,
-050.596,092.4562,-036.842,-109.7029,
-050.932,097.4495,-036.840,-109.7012,
-051.219,100.7390,-036.837,-109.7067,
-051.513,104.0743,-036.828,-109.7210,
-051.925,108.4177,-036.818,-109.7121,
-052.255,111.3675,-036.813,-109.7070,
-052.665,114.8332,-036.820,-109.7291,
-053.155,118.2828,-036.801,-109.6936,
-053.564,120.8954,-036.802,-109.7105,
-054.077,123.8098,-036.819,-109.7098,
-054.684,126.8788,-036.825,-109.7238,
-055.175,129.0941,-036.855,-109.7301,
-055.844,131.8422,-036.867,-109.7448,
-056.570,134.6600,-036.888,-109.7504,
-057.170,136.6590,-036.902,-109.7795,
-058.046,139.2452,-036.894,-109.7813,
-058.963,141.9610,-036.902,-109.7446,
-059.772,143.9298,-036.897,-109.7590,
-061.152,146.7950,-036.875,-109.7156,
-062.458,148.3237,-036.857,-109.6904,
-063.707,148.7596,-036.841,-109.6662,
-065.857,148.4991,-036.807,-109.6405,
-067.860,146.3410,-036.802,-109.6206,
-070.099,142.0667,-036.801,-109.6473,
-073.599,126.2566,-036.807,-109.6201,
-075.879,102.2604,-036.811,-109.6568,
-075.772,070.4269,-036.824,-109.6578,
-073.056,042.3039,-036.837,-109.6446,
-070.813,031.2505,-036.834,-109.6352,
-068.775,024.1096,-036.847,-109.6574,
-066.715,019.0448,-036.867,-109.6593,
-065.456,016.4554,-036.863,-109.6901,
-064.167,014.1520,-036.855,-109.6769,
-062.980,012.7072,-036.846,-109.6633,
-062.201,011.7386,-036.842,-109.6537,
-061.307,010.3122,-036.801,-109.6383,
-060.592,009.0876,-036.780,-109.6137,
-060.054,008.1293,-036.775,-109.6304,
-059.303,006.4524,-036.768,-109.6061,
-058.685,005.0406,-036.761,-109.6405,
-058.196,003.9479,-036.767,-109.6339,
-057.519,002.4937,-036.784,-109.6507,
-057.075,001.1213,-036.789,-109.6614,
-056.622,-000.2827,-036.803,-109.6691,
-056.075,-002.1333,-036.824,-109.6536,
-055.689,-003.9522,-036.833,-109.6767,
-055.270,-005.5155,-036.834,-109.6991,
-054.759,-007.7193,-036.835,-109.6998,
-054.371,-009.3930,-036.829,-109.7068,
-053.923,-011.3835,-036.821,-109.6956,
-053.382,-013.5012,-036.805,-109.6994,
-053.005,-014.9959,-036.789,-109.6821,
-052.567,-016.9040,-036.789,-109.6893,
-052.130,-018.5024,-036.796,-109.6968,
-051.783,-019.8608,-036.785,-109.6735,
-051.387,-021.5828,-036.787,-109.6729,
-051.040,-023.1225,-036.789,-109.6839,
-050.764,-024.5427,-036.798,-109.6616,
-050.440,-026.2714,-036.791,-109.6668,
-050.207,-027.7423,-036.817,-109.6882,
-049.994,-029.2476,-036.821,-109.7142,
-049.741,-031.3654,-036.822,-109.6910,
-049.568,-032.9770,-036.804,-109.7001,
-049.403,-034.8647,-036.799,-109.6817,
-049.229,-036.8806,-036.796,-109.6969,
-049.109,-038.6896,-036.788,-109.6816,
-048.995,-040.7173,-036.782,-109.6661,
-048.925,-042.8970,-036.777,-109.6556,
-048.897,-044.7982,-036.769,-109.6581,
-048.898,-047.0562,-036.767,-109.6456,
-048.933,-049.4944,-036.781,-109.6576,
-048.974,-051.4097,-036.789,-109.6600,
-049.059,-054.4024,-036.805,-109.6954,
-049.178,-057.5931,-036.826,-109.7186,
-049.268,-060.1203,-036.829,-109.7212,
-049.429,-063.7678,-036.829,-109.7175,
-049.611,-067.0016,-036.833,-109.7070,
-049.780,-069.7158,-036.822,-109.6919,
-050.082,-074.0888,-036.808,-109.6914,
-050.389,-077.6224,-036.795,-109.6710,
-050.677,-080.9744,-036.785,-109.6597,
-051.155,-085.8009,-036.763,-109.6390,
-051.560,-089.9108,-036.748,-109.6216,
-052.006,-094.2592,-036.736,-109.6125,
-052.617,-100.5467,-036.731,-109.5863,
-053.134,-106.1687,-036.739,-109.6138,
-053.694,-112.5388,-036.745,-109.6235,
-054.285,-120.0594,-036.783,-109.6630,
-054.816,-127.0064,-036.793,-109.6557,
-055.386,-135.3634,-036.801,-109.6887,
-055.890,-144.7498,-036.813,-109.6702,
-056.248,-153.8365,-036.815,-109.6922,
-056.720,-164.7708,-036.807,-109.6856,
-056.986,-175.8813,-036.797,-109.6749,
-057.104,173.6559,-036.813,-109.7002,
-057.091,159.7945,-036.804,-109.6767,
-056.888,148.3091,-036.806,-109.7024,
-056.586,138.2698,-036.802,-109.6771,
-056.043,125.4245,-036.808,-109.6989,
-055.571,116.5559,-036.821,-109.7085,
-055.073,108.1131,-036.839,-109.7198,
-054.376,097.7717,-036.850,-109.7194,
-053.906,090.8944,-036.858,-109.7538,
-053.465,084.0615,-036.868,-109.7185,
-052.895,075.3848,-036.873,-109.7355,
-052.508,068.9969,-036.866,-109.7438,
-052.141,062.0196,-036.859,-109.7413,
-051.669,054.0232,-036.839,-109.7554,
-051.380,048.2313,-036.832,-109.7150,
-050.920,040.9758,-036.811,-109.6952,
-050.586,033.9368,-036.797,-109.7042,
-050.355,028.7520,-036.794,-109.6858,
-050.063,022.0731,-036.784,-109.6581,
-049.769,015.4799,-036.784,-109.6495,
-049.566,010.6672,-036.797,-109.6752,
-049.255,004.1431,-036.807,-109.6571,
-049.059,-001.7377,-036.815,-109.6508,
-048.939,-006.3399,-036.820,-109.6401,
-048.759,-012.8700,-036.835,-109.6822,
-048.654,-017.8766,-036.826,-109.7124,
-048.595,-022.2808,-036.821,-109.6924,
-048.554,-028.2540,-036.815,-109.6822,
-048.561,-032.6403,-036.809,-109.6790,
-048.609,-036.8659,-036.800,-109.6777,
-048.725,-042.3589,-036.784,-109.6480,
-048.787,-046.6418,-036.776,-109.6555,
-048.986,-051.6812,-036.769,-109.6771,
-049.249,-056.8676,-036.771,-109.6846,
-049.486,-060.9223,-036.767,-109.6685,
-049.817,-065.5455,-036.767,-109.6664,
-050.262,-070.6016,-036.775,-109.6761,
-050.712,-074.5660,-036.777,-109.6589,
-051.295,-079.4929,-036.804,-109.6687,
-051.971,-084.0828,-036.820,-109.6766,
-052.564,-087.7001,-036.845,-109.6883,
-053.512,-092.7229,-036.844,-109.6759,
-054.528,-097.2613,-036.861,-109.6876,
-055.488,-100.9778,-036.866,-109.7014,
-057.105,-106.2815,-036.843,-109.7023,
-058.799,-110.8436,-036.837,-109.6898,
-060.568,-114.2531,-036.827,-109.6741,
-064.263,-119.0982,-036.829,-109.6495,
-069.142,-122.2045,-036.817,-109.6483,
-078.637,-121.3061,-036.835,-109.6698,
-073.192,043.7951,-036.824,-109.6436,
-066.544,042.1186,-036.833,-109.6425,
-062.808,038.8791,-036.846,-109.6846,
-059.589,034.0776,-036.872,-109.7166,
-057.834,030.2356,-036.898,-109.7350,
-056.248,026.0891,-036.922,-109.7598,
-054.782,021.0093,-036.930,-109.7793,
-053.856,017.0305,-036.915,-109.7873,
-052.945,012.7266,-036.887,-109.7566,
-052.032,007.6034,-036.852,-109.6867,
-051.441,003.7559,-036.851,-109.6853,
-050.719,-001.0556,-036.841,-109.6938,
-050.159,-005.4321,-036.815,-109.6678,
-049.768,-008.9963,-036.816,-109.6919,
-049.271,-013.8633,-036.808,-109.6914,
-048.888,-018.0585,-036.798,-109.6826,
-048.603,-021.5031,-036.801,-109.6955,
-048.264,-026.2226,-036.816,-109.7001,
-048.034,-029.8575,-036.817,-109.7194,
-047.832,-033.3484,-036.822,-109.7144,
-047.613,-038.1322,-036.840,-109.7266,
-047.459,-041.6674,-036.830,-109.7225,
-047.340,-045.4295,-036.829,-109.7416,
-047.218,-049.7531,-036.823,-109.7236,
-047.139,-053.1258,-036.813,-109.7338,
-047.060,-057.0577,-036.806,-109.7243,
-047.004,-061.4587,-036.782,-109.7127,
-046.973,-064.8640,-036.766,-109.6823,
-046.964,-068.9792,-036.754,-109.6575,
-046.991,-073.0342,-036.762,-109.6765,
-047.020,-076.2180,-036.747,-109.6449,
-047.107,-080.1090,-036.770,-109.6576,
-047.210,-083.7894,-036.794,-109.6841,
-047.313,-086.8574,-036.815,-109.6816,
-047.481,-091.0068,-036.817,-109.6864,
-047.645,-094.3257,-036.826,-109.7108,
-047.812,-097.0817,-036.819,-109.7044,
-048.066,-100.9554,-036.826,-109.7039,
-048.284,-103.8458,-036.827,-109.7088,
-048.513,-106.4568,-036.798,-109.6792,
-048.829,-110.0029,-036.800,-109.6875,
-049.091,-112.6193,-036.794,-109.6974,
-049.379,-115.3906,-036.805,-109.7014,
-049.774,-118.7649,-036.796,-109.7014,
-050.092,-121.2307,-036.795,-109.6926,
-050.488,-124.0582,-036.802,-109.6902,
-050.969,-126.8883,-036.821,-109.7169,
-051.377,-129.0434,-036.845,-109.7494,
-051.935,-131.6402,-036.848,-109.7396,
-052.574,-134.3714,-036.853,-109.7583,
-053.126,-136.4218,-036.870,-109.7529,
-053.965,-138.8665,-036.892,-109.7822,
-054.783,-140.9657,-036.883,-109.7593,
-055.470,-142.3394,-036.881,-109.7781,
-056.624,-144.3026,-036.873,-109.7638,
-057.732,-145.7708,-036.847,-109.7220,
-058.743,-146.5767,-036.834,-109.7056,
-060.529,-147.1002,-036.818,-109.6833,
-062.088,-146.8445,-036.808,-109.6612,
-063.805,-146.1088,-036.801,-109.6772,
-066.915,-142.9473,-036.812,-109.6542,
-070.210,-137.4945,-036.826,-109.6934,
-075.969,-115.3923,-036.831,-109.6941,
DATA_END,
