FILENAME,E:\T_23\23_USP\ACQUIREDDATA\2AVVF06.MDB,
STEP,1,-90,-90,0,FORWARD,
SCAN,360,180,-179,1,REVERSE,
FREQ,SINGLE,1,6,
BEAM,1,
AXIS,0,
BINS,2,
SELECTED SCAN,ALL,
SELECTED FREQ,ALL,
SELECTED BEAM,ALL,
SELECTED BINS,ALL,
DATA_START,
-069.187,002.0763,-036.992,-110.1890,
-072.668,026.8138,-036.981,-110.1890,
-073.310,063.0443,-036.990,-110.1850,
-070.852,091.4775,-037.016,-110.2249,
-067.755,106.8798,-036.997,-110.2306,
-065.406,114.1397,-036.989,-110.2131,
-063.531,117.5868,-036.993,-110.2179,
-061.847,120.1663,-036.947,-110.1805,
-060.279,121.7448,-036.945,-110.1795,
-059.144,122.7507,-036.950,-110.1826,
-058.046,123.4341,-036.942,-110.1994,
-056.851,123.9267,-036.904,-110.1859,
-056.011,124.2735,-036.905,-110.1964,
-055.195,124.4004,-036.910,-110.2238,
-054.373,124.5197,-036.956,-110.2605,
-053.843,124.7568,-036.983,-110.3109,
-053.263,125.1904,-036.991,-110.3376,
-052.681,125.6061,-036.998,-110.3465,
-052.264,126.3883,-037.011,-110.3366,
-051.786,127.6812,-037.004,-110.3225,
-051.319,128.7890,-037.008,-110.3496,
-050.962,129.8952,-036.986,-110.3427,
-050.539,130.7572,-037.002,-110.3224,
-050.135,131.8416,-036.997,-110.3017,
-049.848,132.6716,-036.979,-110.2859,
-049.492,133.6084,-036.989,-110.3039,
-049.167,134.5671,-036.987,-110.3117,
-048.930,135.5468,-036.973,-110.2891,
-048.626,136.4592,-036.962,-110.2741,
-048.388,137.4199,-036.964,-110.3049,
-048.240,138.1683,-036.968,-110.3219,
-048.029,139.4999,-036.979,-110.3252,
-047.907,140.6445,-036.969,-110.3278,
-047.816,141.3738,-036.980,-110.3550,
-047.729,142.9033,-037.001,-110.3641,
-047.707,144.0282,-036.977,-110.3598,
-047.719,145.1047,-036.974,-110.3572,
-047.775,146.6781,-036.965,-110.3646,
-047.838,148.2743,-036.968,-110.3693,
-047.944,149.9466,-036.969,-110.3431,
-048.118,152.1927,-036.988,-110.3781,
-048.284,153.8575,-036.968,-110.3713,
-048.472,155.8117,-036.962,-110.3435,
-048.722,158.3904,-036.964,-110.3299,
-048.982,160.4857,-036.960,-110.3438,
-049.270,162.9449,-036.964,-110.3284,
-049.721,165.7629,-036.979,-110.3228,
-050.046,168.2589,-036.960,-110.2872,
-050.582,171.8181,-036.955,-110.2635,
-051.129,175.6231,-036.942,-110.2689,
-051.616,179.1016,-036.930,-110.2542,
-052.411,-175.7893,-036.905,-110.2466,
-053.150,-170.6591,-036.906,-110.2401,
-053.837,-166.1235,-036.891,-110.2133,
-054.947,-158.0598,-036.854,-110.1765,
-055.817,-151.0631,-036.852,-110.1717,
-056.616,-143.6723,-036.871,-110.1898,
-057.777,-131.0895,-036.882,-110.2037,
-058.515,-120.2944,-036.885,-110.1836,
-059.140,-107.8749,-036.882,-110.1724,
-059.802,-090.5491,-036.900,-110.1969,
-060.076,-077.0422,-036.894,-110.1859,
-060.025,-061.2555,-036.892,-110.1891,
-059.553,-043.7774,-036.891,-110.1883,
-059.004,-031.3855,-036.904,-110.2191,
-058.182,-017.9002,-036.903,-110.2144,
-057.214,-004.7007,-036.895,-110.1948,
-056.400,003.6889,-036.894,-110.1956,
-055.330,013.9216,-036.894,-110.1940,
-054.443,022.3888,-036.913,-110.2207,
-053.762,028.5511,-036.920,-110.2277,
-052.878,036.5664,-036.934,-110.2669,
-052.184,042.4205,-036.943,-110.2985,
-051.650,047.4421,-036.920,-110.2766,
-050.998,055.3214,-036.897,-110.2455,
-050.553,060.7986,-036.896,-110.2514,
-050.128,066.4713,-036.892,-110.2468,
-049.586,073.4612,-036.895,-110.2382,
-049.233,078.7502,-036.887,-110.2075,
-048.844,084.7888,-036.870,-110.1700,
-048.427,091.8168,-036.871,-110.1615,
-048.122,096.5436,-036.872,-110.1809,
-047.799,102.3909,-036.866,-110.1789,
-047.518,108.5071,-036.878,-110.1770,
-047.335,112.8917,-036.864,-110.1743,
-047.143,118.8606,-036.868,-110.1933,
-046.968,124.4527,-036.879,-110.2095,
-046.869,128.6704,-036.890,-110.1986,
-046.743,134.8908,-036.879,-110.2169,
-046.667,140.4441,-036.876,-110.1854,
-046.630,144.7545,-036.885,-110.1935,
-046.626,151.3136,-036.869,-110.1912,
-046.665,156.4815,-036.867,-110.2181,
-046.726,161.3111,-036.867,-110.1889,
-046.884,168.5625,-036.846,-110.1673,
-047.044,173.7069,-036.849,-110.1185,
-047.207,179.1138,-036.863,-110.1215,
-047.462,-173.2046,-036.830,-110.0930,
-047.690,-167.4069,-036.816,-110.0822,
-047.937,-160.8209,-036.817,-110.1258,
-048.302,-152.9369,-036.823,-110.1264,
-048.584,-146.4921,-036.813,-110.1202,
-048.909,-139.3225,-036.815,-110.1332,
-049.294,-131.1292,-036.838,-110.1543,
-049.608,-124.3425,-036.839,-110.1554,
-049.995,-115.9134,-036.863,-110.1362,
-050.444,-106.9171,-036.849,-110.1396,
-050.750,-099.7689,-036.843,-110.1036,
-051.140,-089.8266,-036.869,-110.1143,
-051.475,-080.0373,-036.905,-110.1631,
-051.707,-072.2287,-036.909,-110.2122,
-052.014,-060.4360,-036.921,-110.2445,
-052.190,-050.2873,-036.907,-110.2389,
-052.206,-041.1922,-036.914,-110.2469,
-052.320,-028.6270,-036.922,-110.2440,
-052.209,-019.2819,-036.916,-110.2155,
-052.070,-010.6006,-036.897,-110.1831,
-051.859,000.8976,-036.909,-110.1857,
-051.665,009.1270,-036.897,-110.1679,
-051.440,017.6634,-036.876,-110.1519,
-051.120,027.7376,-036.856,-110.1864,
-050.852,034.8816,-036.864,-110.1640,
-050.401,043.1683,-036.881,-110.2030,
-050.004,051.6092,-036.871,-110.1851,
-049.746,057.6904,-036.876,-110.1976,
-049.453,064.6813,-036.877,-110.1797,
-049.244,072.0628,-036.884,-110.2069,
-049.080,077.1952,-036.889,-110.1710,
-048.880,084.2518,-036.876,-110.1383,
-048.760,090.5403,-036.876,-110.1151,
-048.692,095.1973,-036.874,-110.1386,
-048.748,102.1334,-036.857,-110.1240,
-048.795,109.3467,-036.902,-110.1836,
-048.717,113.2165,-036.904,-110.1886,
-048.638,119.3000,-036.889,-110.2224,
-048.601,124.0776,-036.878,-110.1989,
-048.600,128.3621,-036.855,-110.1633,
-048.672,134.8991,-036.877,-110.1900,
-048.737,140.3826,-036.885,-110.2071,
-048.765,145.9259,-036.875,-110.2220,
-048.830,151.5200,-036.880,-110.2097,
-048.860,156.5167,-036.881,-110.2090,
-048.924,161.4944,-036.869,-110.1823,
-049.036,166.8508,-036.855,-110.1736,
-049.135,170.9612,-036.850,-110.1402,
-049.267,175.4463,-036.848,-110.1156,
-049.416,-179.6491,-036.864,-110.1233,
-049.574,-176.1548,-036.850,-110.1193,
-049.758,-171.4455,-036.856,-110.1479,
-050.015,-167.4559,-036.871,-110.1577,
-050.256,-165.0821,-036.861,-110.1392,
-050.508,-160.3107,-036.858,-110.1545,
-050.752,-156.8560,-036.858,-110.1676,
-050.982,-153.3214,-036.853,-110.1525,
-051.314,-149.1532,-036.905,-110.2061,
-051.577,-145.6505,-036.888,-110.1953,
-051.826,-142.3022,-036.912,-110.2374,
-052.199,-138.5012,-036.885,-110.2120,
-052.517,-135.7387,-036.882,-110.1972,
-052.861,-133.2471,-036.896,-110.2078,
-053.311,-130.4127,-036.913,-110.2486,
-053.669,-127.8730,-036.907,-110.2109,
-054.060,-125.2027,-036.907,-110.2145,
-054.583,-123.0022,-036.951,-110.2675,
-055.020,-121.0849,-036.932,-110.2241,
-055.559,-119.1535,-036.955,-110.2574,
-056.082,-116.9094,-036.949,-110.2394,
-056.533,-114.8833,-036.969,-110.2633,
-057.297,-111.8785,-036.963,-110.2450,
-057.962,-110.0129,-036.956,-110.2511,
-058.549,-108.5307,-036.965,-110.2494,
-059.453,-106.7406,-036.971,-110.2526,
-060.312,-106.1884,-036.961,-110.2369,
-061.097,-106.4018,-036.956,-110.2448,
-062.214,-108.0119,-036.947,-110.2095,
-062.970,-110.5980,-036.958,-110.2384,
-063.517,-113.6675,-036.971,-110.2440,
-064.164,-118.8781,-036.961,-110.2430,
-064.497,-123.4711,-036.991,-110.2802,
-064.684,-128.5014,-037.010,-110.2578,
-064.755,-134.6890,-037.001,-110.2615,
-064.750,-138.7630,-037.007,-110.2661,
-064.698,-144.3382,-037.022,-110.2683,
-064.587,-149.6977,-037.009,-110.2603,
-064.483,-153.1944,-036.998,-110.2385,
-064.269,-157.4710,-036.991,-110.2419,
-064.034,-160.4565,-036.970,-110.2321,
-063.901,-162.7446,-036.972,-110.2487,
-063.769,-164.4834,-036.968,-110.2646,
-063.717,-166.2763,-036.949,-110.2203,
-063.714,-167.9476,-036.948,-110.2151,
-063.735,-170.8417,-036.966,-110.2325,
-063.784,-173.4117,-036.989,-110.2590,
-063.947,-176.1082,-036.995,-110.2642,
-064.063,-179.8064,-036.990,-110.2623,
-064.155,176.2934,-036.983,-110.2630,
-064.191,171.9653,-037.010,-110.2886,
-064.445,165.6522,-037.027,-110.3081,
-064.575,160.1035,-037.060,-110.3415,
-064.552,153.3679,-037.083,-110.3487,
-064.380,143.8449,-037.085,-110.3448,
-063.945,136.2761,-037.097,-110.3663,
-063.258,128.5438,-037.098,-110.3773,
-062.422,121.1793,-037.082,-110.3424,
-061.730,116.2379,-037.072,-110.3376,
-060.785,111.2430,-037.067,-110.3336,
-059.953,107.5992,-037.103,-110.3684,
-059.320,104.9155,-037.093,-110.3629,
-058.656,102.0061,-037.071,-110.3404,
-058.066,099.4656,-037.073,-110.3581,
-057.658,097.5345,-037.045,-110.3092,
-057.155,094.8454,-037.054,-110.3533,
-056.774,092.7163,-037.074,-110.3636,
-056.428,090.4984,-037.083,-110.3769,
-056.009,087.7366,-037.081,-110.3874,
-055.707,085.7314,-037.090,-110.4076,
-055.435,083.5284,-037.085,-110.3695,
-055.131,081.0988,-037.109,-110.4116,
-054.929,079.4343,-037.119,-110.4078,
-054.764,077.6289,-037.127,-110.3953,
-054.635,075.8333,-037.086,-110.3738,
-054.590,074.0302,-037.092,-110.3600,
-054.607,071.8692,-037.066,-110.3578,
-054.689,069.5888,-037.089,-110.3687,
-054.811,067.6650,-037.107,-110.3635,
-054.989,064.8127,-037.092,-110.3522,
-055.219,061.4176,-037.095,-110.3480,
-055.425,058.3497,-037.114,-110.3547,
-055.792,054.2919,-037.102,-110.3378,
-056.186,050.5459,-037.081,-110.2985,
-056.583,047.2328,-037.045,-110.2693,
-057.293,042.0201,-037.049,-110.2774,
-057.976,037.7134,-037.040,-110.2663,
-058.676,033.7348,-037.027,-110.2277,
-059.990,025.9403,-037.025,-110.2350,
-061.156,018.5417,-036.974,-110.1798,
-062.384,009.0230,-036.963,-110.1692,
-064.209,-008.0355,-036.977,-110.1880,
-064.908,-027.6373,-036.969,-110.1665,
-065.130,-050.5666,-036.986,-110.1912,
-064.375,-073.3751,-036.995,-110.1859,
-063.159,-089.5517,-036.996,-110.1929,
-061.620,-104.4130,-037.006,-110.2244,
-060.225,-115.9068,-036.998,-110.2175,
-059.043,-123.7550,-037.017,-110.2421,
-057.744,-132.6620,-037.030,-110.2580,
-056.663,-139.9321,-037.011,-110.2684,
-055.791,-145.9249,-037.040,-110.2795,
-054.713,-153.0702,-036.997,-110.2634,
-053.899,-159.1362,-037.005,-110.2679,
-053.231,-163.8324,-036.984,-110.2417,
-052.384,-170.0480,-036.983,-110.2275,
-051.766,-174.7459,-036.977,-110.2350,
-051.253,-179.4329,-036.985,-110.2144,
-050.568,174.2854,-036.984,-110.2350,
-050.143,169.9274,-037.012,-110.2647,
-049.751,165.6761,-037.020,-110.3081,
-049.307,159.4993,-037.010,-110.3088,
-049.004,155.1061,-036.998,-110.3053,
-048.704,149.9589,-037.003,-110.3060,
-048.395,144.3540,-036.953,-110.2527,
-048.192,140.1241,-036.975,-110.2673,
-047.981,134.5618,-036.960,-110.2444,
-047.771,128.4001,-036.950,-110.2250,
-047.659,123.9586,-036.931,-110.2288,
-047.530,118.6588,-036.944,-110.2335,
-047.411,113.0054,-036.919,-110.2017,
-047.335,108.6450,-036.933,-110.2265,
-047.266,102.7919,-036.957,-110.2152,
-047.213,097.2121,-036.965,-110.2194,
-047.191,092.6831,-036.980,-110.2175,
-047.202,086.3544,-036.982,-110.2416,
-047.252,081.1753,-036.989,-110.2549,
-047.297,076.7382,-036.997,-110.2564,
-047.442,070.4349,-036.973,-110.2450,
-047.592,065.3738,-036.956,-110.2378,
-047.768,060.5141,-036.935,-110.2520,
-048.083,053.9034,-036.928,-110.2265,
-048.358,048.4192,-036.908,-110.2033,
-048.671,043.1019,-036.908,-110.2111,
-049.109,036.3077,-036.919,-110.2125,
-049.489,030.9327,-036.941,-110.2556,
-049.959,024.8083,-036.930,-110.2264,
-050.521,017.8069,-036.916,-110.1740,
-051.025,011.9568,-036.957,-110.1808,
-051.622,004.9115,-036.941,-110.1851,
-052.384,-003.1703,-036.998,-110.2369,
-053.043,-010.1785,-037.018,-110.2457,
-053.984,-020.1327,-037.005,-110.2410,
-054.907,-030.2640,-036.997,-110.2582,
-055.638,-039.1207,-037.007,-110.2613,
-056.690,-054.0101,-037.002,-110.2628,
-057.545,-068.2134,-036.987,-110.2301,
-058.132,-082.4650,-036.966,-110.2090,
-058.436,-104.4161,-036.946,-110.1986,
-058.229,-120.5876,-036.960,-110.2282,
-057.666,-134.8671,-036.957,-110.2443,
-056.565,-152.7397,-036.952,-110.2247,
-055.633,-163.9694,-036.996,-110.2546,
-054.684,-173.9839,-036.994,-110.2604,
-053.575,175.1696,-037.022,-110.2656,
-052.845,168.0123,-037.036,-110.2874,
-052.103,160.7893,-037.017,-110.2873,
-051.262,152.7938,-037.027,-110.3351,
-050.721,147.2381,-037.016,-110.3499,
-050.130,141.3193,-037.017,-110.3580,
-049.615,134.8714,-036.988,-110.3334,
-049.240,130.4656,-036.978,-110.3135,
-048.801,124.4869,-036.974,-110.3143,
-048.434,119.1123,-036.923,-110.2765,
-048.190,114.7391,-036.915,-110.2550,
-047.882,109.0654,-036.904,-110.2464,
-047.650,104.5174,-036.920,-110.2497,
-047.487,100.3725,-036.930,-110.2255,
-047.282,094.8199,-036.926,-110.2090,
-047.161,090.5429,-036.955,-110.2302,
-047.064,086.3572,-036.965,-110.2402,
-046.957,080.9558,-036.969,-110.2432,
-046.872,077.1771,-036.962,-110.2714,
-046.823,073.1581,-036.944,-110.2636,
-046.796,068.3639,-036.971,-110.3140,
-046.777,064.7840,-036.951,-110.2877,
-046.784,060.7459,-036.934,-110.2626,
-046.801,056.3410,-036.902,-110.2454,
-046.842,052.9770,-036.893,-110.2459,
-046.931,048.6076,-036.893,-110.2396,
-047.019,044.6652,-036.874,-110.2078,
-047.114,041.2947,-036.873,-110.2145,
-047.258,037.0967,-036.872,-110.2087,
-047.410,033.1970,-036.905,-110.2188,
-047.541,030.0673,-036.910,-110.2480,
-047.754,025.7797,-036.939,-110.3036,
-047.941,022.3960,-036.946,-110.2856,
-048.121,019.3865,-036.960,-110.2868,
-048.395,015.5605,-036.998,-110.2955,
-048.609,012.6306,-037.015,-110.2737,
-048.827,009.9860,-037.016,-110.2918,
-049.162,006.6397,-036.999,-110.2509,
-049.426,004.2415,-036.992,-110.2446,
-049.701,001.7878,-036.965,-110.2174,
-050.085,-001.4683,-036.976,-110.2260,
-050.399,-003.7479,-036.995,-110.2511,
-050.753,-005.9659,-036.992,-110.2256,
-051.204,-008.9695,-036.982,-110.2380,
-051.608,-011.1338,-036.989,-110.2673,
-052.107,-013.5108,-036.989,-110.2737,
-052.716,-015.9767,-037.016,-110.2975,
-053.224,-017.7139,-037.026,-110.2972,
-053.997,-019.7023,-037.043,-110.3024,
-054.754,-020.9249,-037.048,-110.2843,
-055.344,-021.6372,-037.032,-110.2689,
-056.287,-022.5299,-037.003,-110.2283,
-057.165,-022.8369,-036.998,-110.2365,
-057.962,-022.8133,-036.992,-110.2213,
-059.183,-022.4286,-036.995,-110.1859,
-060.202,-021.9134,-037.008,-110.1942,
-061.253,-021.2463,-036.989,-110.1767,
-062.840,-019.2806,-036.979,-110.1739,
-064.282,-017.0969,-036.992,-110.1831,
-066.477,-011.9280,-037.034,-110.2154,
DATA_END,
