FILENAME,E:\T_23\23_USP\ACQUIREDDATA\2AVVF07.MDB,
STEP,1,-90,-90,0,FORWARD,
SCAN,360,-179,180,1,FORWARD,
FREQ,SINGLE,1,7.5,
BEAM,1,
AXIS,0,
BINS,2,
SELECTED SCAN,ALL,
SELECTED FREQ,ALL,
SELECTED BEAM,ALL,
SELECTED BINS,ALL,
DATA_START,
-062.002,011.5019,-038.961,-111.6502,
-061.901,004.3360,-039.005,-111.6614,
-061.540,-001.9189,-039.034,-111.6854,
-061.134,-006.7365,-039.047,-111.6807,
-060.664,-010.9408,-039.034,-111.6800,
-060.182,-014.7239,-039.073,-111.7164,
-059.792,-017.4491,-039.079,-111.6997,
-059.397,-021.1434,-039.062,-111.6983,
-058.938,-024.7496,-039.085,-111.7375,
-058.462,-027.3903,-039.091,-111.7260,
-057.755,-030.0442,-039.072,-111.7424,
-057.021,-031.6473,-039.059,-111.7532,
-056.448,-031.6786,-039.067,-111.7431,
-055.706,-031.0395,-039.033,-111.7408,
-055.135,-029.3033,-039.019,-111.7312,
-054.764,-027.2689,-039.023,-111.7302,
-054.217,-024.2806,-039.017,-111.7103,
-053.863,-021.4399,-039.017,-111.7117,
-053.616,-019.0536,-039.015,-111.7015,
-053.233,-014.8405,-039.029,-111.6828,
-052.930,-011.5816,-039.021,-111.6831,
-052.701,-009.2937,-039.017,-111.6795,
-052.298,-004.6997,-039.017,-111.6537,
-051.982,-001.2530,-039.008,-111.6378,
-051.722,001.6879,-038.992,-111.6307,
-051.338,007.1625,-039.016,-111.6433,
-051.133,011.0239,-039.022,-111.6595,
-051.020,014.1953,-039.014,-111.6531,
-050.887,020.4715,-038.990,-111.6469,
-050.871,024.1253,-039.032,-111.6650,
-050.874,028.2433,-039.006,-111.6697,
-050.908,034.8779,-039.016,-111.6839,
-050.912,038.6872,-039.029,-111.6871,
-050.915,043.3216,-039.036,-111.6965,
-050.957,050.0950,-039.038,-111.7017,
-050.986,054.4644,-039.014,-111.6916,
-051.025,060.3412,-039.018,-111.6773,
-051.122,067.3905,-039.032,-111.6659,
-051.192,071.9899,-039.025,-111.6379,
-051.314,078.6601,-039.034,-111.6536,
-051.495,087.0408,-038.992,-111.6469,
-051.620,092.3645,-038.967,-111.6480,
-051.851,100.8853,-038.993,-111.6735,
-052.121,109.7399,-038.962,-111.6891,
-052.311,115.3916,-038.939,-111.7031,
-052.682,126.2046,-038.942,-111.7057,
-052.988,135.6722,-038.961,-111.7256,
-053.208,142.9801,-038.971,-111.7187,
-053.569,156.4600,-038.955,-111.6732,
-053.750,166.3869,-038.977,-111.6720,
-053.873,175.4099,-038.981,-111.6512,
-053.939,-168.4666,-038.988,-111.6592,
-053.881,-158.3217,-038.982,-111.6735,
-053.739,-147.9538,-038.982,-111.6843,
-053.400,-133.0364,-038.989,-111.6987,
-053.105,-123.7543,-038.988,-111.6926,
-052.717,-113.2848,-038.997,-111.6891,
-052.099,-099.9217,-038.986,-111.6407,
-051.711,-091.9440,-038.984,-111.6252,
-051.279,-082.8464,-038.951,-111.6299,
-050.710,-071.6345,-038.930,-111.6384,
-050.340,-064.3460,-038.929,-111.6651,
-049.891,-054.9980,-038.921,-111.6818,
-049.411,-045.3297,-038.944,-111.6967,
-049.088,-038.6604,-038.912,-111.6877,
-048.642,-029.4493,-038.947,-111.7192,
-048.274,-020.8047,-038.954,-111.7117,
-048.000,-014.0770,-038.941,-111.6680,
-047.615,-004.5301,-038.950,-111.6535,
-047.378,002.7929,-038.979,-111.6686,
-047.172,009.1560,-038.995,-111.7151,
-046.902,018.6264,-038.999,-111.7227,
-046.732,025.5612,-039.003,-111.7435,
-046.558,032.6308,-039.030,-111.7438,
-046.396,041.5252,-039.014,-111.7496,
-046.311,047.8878,-039.027,-111.7468,
-046.245,055.2563,-039.025,-111.7082,
-046.187,064.1573,-039.013,-111.7294,
-046.184,070.3410,-039.001,-111.7250,
-046.207,078.0297,-039.014,-111.7154,
-046.263,086.4251,-039.021,-111.6895,
-046.318,092.6210,-039.025,-111.6762,
-046.414,101.3028,-039.025,-111.7028,
-046.541,109.8264,-039.030,-111.7613,
-046.639,116.2161,-039.038,-111.7689,
-046.792,124.9696,-039.014,-111.7453,
-046.938,132.9288,-039.006,-111.7614,
-047.060,139.7424,-038.981,-111.7570,
-047.272,149.4919,-038.997,-111.7578,
-047.450,157.2679,-038.994,-111.7745,
-047.643,164.3837,-038.976,-111.7157,
-047.946,174.9183,-038.970,-111.6921,
-048.183,-177.3005,-038.974,-111.6887,
-048.407,-169.3073,-038.985,-111.7055,
-048.696,-158.4153,-038.986,-111.7179,
-048.895,-150.8968,-039.017,-111.7421,
-049.072,-142.1305,-039.032,-111.7513,
-049.255,-131.3390,-039.086,-111.7512,
-049.347,-123.3305,-039.053,-111.7455,
-049.447,-113.4221,-039.054,-111.7555,
-049.507,-102.4012,-039.080,-111.7377,
-049.524,-094.8201,-039.083,-111.7229,
-049.503,-084.9095,-039.062,-111.7108,
-049.463,-075.1941,-039.058,-111.7327,
-049.459,-068.5745,-039.074,-111.7481,
-049.451,-058.9465,-039.063,-111.7552,
-049.463,-051.1769,-039.076,-111.7569,
-049.472,-045.2558,-039.055,-111.7714,
-049.495,-036.3657,-039.087,-111.7879,
-049.524,-029.7341,-039.089,-111.7815,
-049.537,-023.8617,-039.045,-111.7850,
-049.612,-015.2692,-039.073,-111.7718,
-049.660,-009.6774,-039.076,-111.7435,
-049.765,-003.9330,-039.076,-111.7303,
-049.907,002.8314,-039.086,-111.7569,
-050.011,007.3855,-039.119,-111.7916,
-050.169,012.8872,-039.138,-111.7943,
-050.381,019.0908,-039.141,-111.7980,
-050.562,023.5308,-039.158,-111.8300,
-050.851,029.3008,-039.135,-111.8283,
-051.153,035.6775,-039.139,-111.8251,
-051.368,040.2119,-039.130,-111.8253,
-051.649,046.2004,-039.110,-111.8044,
-051.941,052.1697,-039.102,-111.7932,
-052.172,056.1253,-039.109,-111.7829,
-052.528,062.2860,-039.116,-111.7785,
-052.865,067.3002,-039.115,-111.7696,
-053.154,072.1936,-039.138,-111.7732,
-053.554,078.1052,-039.131,-111.7925,
-053.829,082.1955,-039.156,-111.7853,
-054.076,086.5091,-039.152,-111.7943,
-054.373,091.9072,-039.114,-111.7712,
-054.594,095.5786,-039.088,-111.7756,
-054.836,098.8316,-039.084,-111.7510,
-055.190,102.3088,-039.055,-111.7443,
-055.448,104.1942,-039.057,-111.7406,
-055.853,106.1722,-039.074,-111.7601,
-056.328,107.8610,-039.072,-111.7367,
-056.724,108.8951,-039.061,-111.7333,
-057.267,110.6392,-039.123,-111.7572,
-057.836,112.7861,-039.111,-111.7549,
-058.210,114.2590,-039.119,-111.7485,
-058.706,116.0979,-039.147,-111.7460,
-059.068,117.3704,-039.167,-111.7394,
-059.297,117.6082,-039.135,-111.7318,
-059.583,117.0149,-039.129,-111.7351,
-059.842,115.7732,-039.143,-111.7283,
-060.078,113.8008,-039.120,-111.7333,
-060.511,110.8984,-039.109,-111.7197,
-061.056,109.1332,-039.083,-111.7142,
-061.680,107.6900,-039.078,-111.7248,
-062.702,105.7323,-039.102,-111.7225,
-063.452,104.8411,-039.080,-111.7236,
-064.266,104.2961,-039.076,-111.7467,
-065.273,103.9884,-039.064,-111.7290,
-065.854,103.2651,-039.083,-111.7462,
-066.294,102.1614,-039.089,-111.7397,
-067.031,100.4351,-039.067,-111.7365,
-067.581,098.6993,-039.075,-111.7476,
-068.640,096.0452,-039.100,-111.7557,
-069.723,095.0237,-039.100,-111.7733,
-070.047,095.3577,-039.090,-111.7767,
-070.316,095.8501,-039.134,-111.7922,
-070.142,097.9838,-039.151,-111.7904,
-069.972,099.7127,-039.152,-111.7998,
-069.136,101.2536,-039.142,-111.7943,
-068.648,102.4927,-039.123,-111.7684,
-068.268,102.6521,-039.126,-111.7764,
-067.859,104.7512,-039.084,-111.7610,
-067.639,106.7330,-039.091,-111.7473,
-067.394,109.0558,-039.058,-111.7313,
-066.714,113.5755,-039.036,-111.6922,
-066.139,116.1269,-039.042,-111.7219,
-065.331,117.4390,-039.056,-111.7225,
-064.127,118.1188,-039.042,-111.7030,
-063.375,117.7612,-039.033,-111.6982,
-062.492,116.2253,-039.010,-111.6792,
-061.542,112.4313,-039.038,-111.6754,
-061.090,109.4604,-039.000,-111.6764,
-060.691,104.6403,-039.002,-111.6666,
-060.351,098.5867,-038.985,-111.6475,
-060.199,093.5577,-039.007,-111.6634,
-059.986,087.4633,-039.012,-111.6685,
-059.780,081.0146,-039.043,-111.6760,
-059.665,076.9962,-039.042,-111.6699,
-059.423,071.8915,-039.044,-111.6769,
-059.468,066.7048,-039.045,-111.6771,
-059.338,062.5433,-039.088,-111.6847,
-058.784,056.6904,-039.085,-111.6852,
-058.298,051.8549,-039.092,-111.6817,
-057.761,047.2175,-039.070,-111.6893,
-057.130,040.5368,-039.068,-111.6718,
-056.749,035.0295,-039.070,-111.6508,
-056.449,029.2450,-039.074,-111.6662,
-056.233,021.9890,-039.053,-111.6395,
-056.166,016.4628,-039.058,-111.6751,
-056.131,010.3212,-039.020,-111.6462,
-056.084,003.4747,-039.064,-111.6365,
-056.052,-001.0535,-039.031,-111.6281,
-055.903,-005.9785,-039.013,-111.6436,
-055.608,-010.8969,-039.031,-111.6587,
-055.330,-014.4693,-039.028,-111.6737,
-054.901,-019.3062,-039.039,-111.6935,
-054.479,-024.2480,-039.060,-111.7115,
-054.182,-028.1887,-039.060,-111.7181,
-053.775,-034.7435,-039.063,-111.7263,
-053.509,-040.1914,-039.072,-111.7556,
-053.332,-044.8330,-039.061,-111.7486,
-053.123,-051.5052,-039.081,-111.7617,
-053.018,-056.1132,-039.098,-111.7500,
-052.928,-060.6736,-039.063,-111.7374,
-052.830,-067.5385,-039.078,-111.7478,
-052.768,-072.1250,-039.065,-111.7153,
-052.724,-077.1838,-039.068,-111.7212,
-052.649,-082.2680,-039.063,-111.7167,
-052.457,-083.7779,-039.070,-111.7139,
-052.345,-089.6926,-039.080,-111.7225,
-052.148,-097.3768,-039.076,-111.7205,
-052.014,-102.6951,-039.076,-111.7150,
-051.905,-109.7480,-039.068,-111.7249,
-051.721,-117.7251,-039.072,-111.7369,
-051.613,-123.0971,-039.035,-111.7136,
-051.467,-131.1301,-039.055,-111.7188,
-051.319,-138.8768,-039.031,-111.7027,
-051.248,-144.2284,-039.038,-111.7149,
-051.142,-152.8841,-039.010,-111.7077,
-051.041,-160.4674,-039.010,-111.6796,
-050.995,-166.4972,-039.019,-111.6888,
-050.942,-176.2146,-039.038,-111.6988,
-050.883,176.6866,-039.052,-111.7043,
-050.829,170.3515,-039.058,-111.7161,
-050.738,160.6593,-039.056,-111.7488,
-050.631,153.3789,-039.050,-111.7675,
-050.517,145.8293,-039.033,-111.7991,
-050.380,135.7516,-039.083,-111.8060,
-050.278,128.6074,-039.063,-111.8133,
-050.162,120.2365,-039.074,-111.8119,
-050.045,109.9456,-039.105,-111.7826,
-049.967,102.8255,-039.086,-111.7930,
-049.873,093.9164,-039.094,-111.7623,
-049.801,083.7244,-039.086,-111.7621,
-049.751,076.2992,-039.107,-111.7881,
-049.681,066.2078,-039.082,-111.7820,
-049.628,056.0525,-039.055,-111.7862,
-049.612,049.0022,-039.068,-111.7786,
-049.558,037.6750,-039.044,-111.7757,
-049.498,028.1269,-039.056,-111.7700,
-049.435,020.7391,-039.052,-111.7416,
-049.305,008.8019,-039.081,-111.7361,
-049.200,-000.0200,-039.073,-111.7262,
-049.119,-008.4016,-039.077,-111.7531,
-048.950,-020.4759,-039.095,-111.7550,
-048.850,-028.9128,-039.104,-111.7822,
-048.748,-037.8973,-039.106,-111.7877,
-048.623,-049.0636,-039.131,-111.7927,
-048.510,-056.9564,-039.158,-111.8023,
-048.381,-066.5896,-039.162,-111.7876,
-048.215,-077.9467,-039.144,-111.7745,
-048.104,-085.6687,-039.131,-111.7415,
-047.958,-095.2886,-039.155,-111.7607,
-047.794,-105.6018,-039.145,-111.7674,
-047.690,-113.1300,-039.139,-111.7927,
-047.529,-123.5174,-039.138,-111.7732,
-047.386,-133.3959,-039.140,-111.7610,
-047.294,-140.1161,-039.136,-111.7757,
-047.168,-150.2180,-039.135,-111.7925,
-047.051,-159.1638,-039.124,-111.7874,
-046.935,-166.2222,-039.109,-111.7563,
-046.802,-176.8721,-039.093,-111.7438,
-046.706,175.5283,-039.095,-111.7392,
-046.608,168.5672,-039.088,-111.7576,
-046.500,158.6272,-039.092,-111.7877,
-046.441,151.5007,-039.050,-111.7603,
-046.393,143.8782,-039.092,-111.7756,
-046.364,134.2232,-039.098,-111.8085,
-046.364,127.4082,-039.091,-111.8003,
-046.378,119.9689,-039.115,-111.8060,
-046.399,110.6713,-039.145,-111.7984,
-046.413,104.5395,-039.141,-111.7851,
-046.472,096.6956,-039.128,-111.7443,
-046.584,088.3823,-039.129,-111.7328,
-046.702,082.4285,-039.140,-111.7589,
-046.851,074.2487,-039.130,-111.7645,
-047.041,066.1822,-039.136,-111.7778,
-047.193,060.3073,-039.078,-111.7708,
-047.443,051.4503,-039.109,-111.7794,
-047.681,044.4188,-039.100,-111.7712,
-047.844,038.9006,-039.081,-111.7802,
-048.150,029.8769,-039.100,-111.7941,
-048.421,023.3845,-039.101,-111.8035,
-048.677,017.3175,-039.054,-111.7657,
-049.113,008.3854,-039.063,-111.7474,
-049.447,002.0123,-039.075,-111.7574,
-049.825,-004.6398,-039.090,-111.7292,
-050.303,-013.4005,-039.080,-111.7610,
-050.679,-019.9233,-039.082,-111.7624,
-051.160,-027.5906,-039.094,-111.7952,
-051.830,-036.8208,-039.088,-111.7955,
-052.315,-043.5325,-039.086,-111.7797,
-052.975,-052.2232,-039.102,-111.7776,
-053.827,-063.8814,-039.088,-111.7610,
-054.373,-071.9558,-039.086,-111.7619,
-055.057,-083.6581,-039.089,-111.7260,
-055.695,-097.5846,-039.060,-111.7042,
-055.985,-107.5936,-039.099,-111.7397,
-056.216,-122.4594,-039.112,-111.7579,
-056.219,-136.0283,-039.086,-111.7722,
-056.113,-145.6954,-039.106,-111.7810,
-055.870,-159.7739,-039.103,-111.7650,
-055.615,-169.7360,-039.099,-111.7420,
-055.277,-178.3204,-039.056,-111.7106,
-054.688,170.3228,-039.038,-111.7142,
-054.229,162.9962,-039.024,-111.7341,
-053.769,156.5169,-039.008,-111.7175,
-053.250,149.5772,-039.010,-111.7168,
-052.963,144.9398,-038.982,-111.7247,
-052.696,140.0709,-038.984,-111.7114,
-052.455,134.4367,-039.019,-111.7402,
-052.333,130.5475,-039.013,-111.7136,
-052.180,125.4412,-039.048,-111.7184,
-051.987,120.2990,-039.081,-111.7318,
-051.848,116.7562,-039.087,-111.7283,
-051.662,112.5255,-039.108,-111.7478,
-051.514,108.4057,-039.086,-111.7302,
-051.442,105.7850,-039.073,-111.7241,
-051.452,102.4102,-039.066,-111.7205,
-051.466,099.5694,-039.044,-111.6930,
-051.508,097.3962,-039.050,-111.6995,
-051.629,094.1278,-039.057,-111.7079,
-051.753,091.6893,-039.025,-111.6896,
-051.866,089.2320,-039.034,-111.6868,
-052.029,086.0869,-039.006,-111.6686,
-052.149,083.4700,-039.005,-111.6799,
-052.235,080.9264,-039.014,-111.7099,
-052.387,077.8610,-038.974,-111.6813,
-052.527,075.8965,-039.013,-111.6950,
-052.710,073.4144,-038.998,-111.7112,
-052.995,070.5458,-039.044,-111.7371,
-053.224,068.3399,-039.050,-111.7350,
-053.506,066.0462,-039.023,-111.7255,
-053.821,062.6649,-039.064,-111.7568,
-054.033,060.6493,-039.060,-111.7609,
-054.313,058.3296,-039.076,-111.7702,
-054.635,056.1388,-039.041,-111.7421,
-054.904,054.8364,-039.036,-111.7615,
-055.315,052.8298,-039.073,-111.7494,
-055.711,051.4144,-039.051,-111.7245,
-056.068,049.7693,-039.050,-111.7307,
-056.648,047.2086,-039.086,-111.7678,
-057.053,045.3199,-039.102,-111.7490,
-057.434,043.2438,-039.098,-111.7468,
-057.957,040.6221,-039.133,-111.7683,
-058.335,038.8967,-039.099,-111.7397,
-058.775,037.4385,-039.097,-111.7527,
-059.379,036.0544,-039.105,-111.7474,
-059.869,034.7244,-039.092,-111.7664,
-060.455,032.4523,-039.065,-111.7383,
-061.134,028.5867,-039.036,-111.7040,
-061.532,024.8850,-039.036,-111.7083,
-061.885,017.8013,-039.021,-111.6797,
DATA_END,
