FILENAME,E:\T_23\23_USP\ACQUIREDDATA\3AHHF06.MDB,
STEP,1,-90,-90,0,FORWARD,
SCAN,360,180,-179,1,REVERSE,
FREQ,SINGLE,1,6,
BEAM,1,
AXIS,0,
BINS,2,
SELECTED SCAN,ALL,
SELECTED FREQ,ALL,
SELECTED BEAM,ALL,
SELECTED BINS,ALL,
DATA_START,
-055.204,031.5014,-039.096,-112.9810,
-055.183,030.0567,-039.111,-113.0134,
-055.187,028.6567,-039.108,-113.0047,
-055.188,027.3058,-039.125,-113.0265,
-055.186,025.8736,-039.129,-113.0240,
-055.148,024.3535,-039.123,-113.0162,
-055.149,023.1487,-039.145,-113.0117,
-055.139,022.1270,-039.146,-113.0115,
-055.134,021.2562,-039.130,-113.0344,
-055.091,020.3098,-039.129,-113.0092,
-055.098,019.2989,-039.114,-113.0233,
-055.081,018.2952,-039.126,-113.0186,
-055.076,017.5187,-039.142,-113.0208,
-055.073,016.3277,-039.171,-113.0302,
-055.077,015.9572,-039.127,-113.0292,
-055.082,015.3341,-039.124,-113.0236,
-055.051,014.3516,-039.101,-112.9867,
-055.036,012.4374,-039.138,-113.0212,
-055.063,012.5704,-039.151,-113.0325,
-055.014,011.3780,-039.143,-113.0125,
-054.907,010.2403,-039.160,-113.0266,
-054.768,008.6900,-039.170,-113.0328,
-054.896,007.7914,-039.173,-113.0270,
-054.868,005.8385,-039.166,-113.0475,
-054.857,004.8179,-039.172,-113.0328,
-054.734,003.5021,-039.187,-113.0344,
-054.691,002.3399,-039.172,-113.0320,
-054.691,001.3324,-039.188,-113.0454,
-054.698,000.1788,-039.160,-113.0367,
-054.680,-000.4196,-039.160,-113.0257,
-054.680,-000.9426,-039.123,-113.0150,
-054.684,-001.7138,-039.152,-113.0167,
-054.719,-002.7827,-039.144,-113.0222,
-054.717,-003.0860,-039.108,-112.9948,
-054.716,-004.4220,-039.145,-113.0117,
-054.691,-005.0162,-039.147,-113.0199,
-054.663,-005.7011,-039.145,-113.0086,
-054.693,-006.4435,-039.125,-113.0109,
-054.645,-007.0304,-039.154,-113.0302,
-054.408,-007.0296,-039.175,-113.0252,
-054.247,-007.7344,-039.177,-113.0196,
-054.217,-008.2330,-039.180,-113.0350,
-054.213,-008.8107,-039.184,-113.0391,
-054.327,-008.2311,-039.202,-113.0541,
-054.267,-007.8705,-039.197,-113.0328,
-054.331,-007.9391,-039.175,-113.0228,
-054.563,-008.7573,-039.150,-113.0140,
-054.598,-008.7539,-039.144,-113.0044,
-054.556,-009.0599,-039.124,-113.0170,
-054.495,-009.0225,-039.121,-112.9995,
-054.571,-006.4712,-039.145,-113.0086,
-054.581,-005.9164,-039.141,-113.0077,
-054.609,-004.8770,-039.139,-113.0199,
-054.672,-003.7580,-039.135,-112.9924,
-054.711,-002.6076,-039.092,-112.9827,
-054.784,-001.8371,-039.138,-113.0001,
-054.889,-000.5065,-039.118,-113.0051,
-054.910,001.1156,-039.103,-112.9959,
-054.940,001.9895,-039.123,-113.0017,
-054.946,004.0299,-039.119,-112.9934,
-055.050,005.3630,-039.120,-113.0174,
-055.386,006.0215,-039.133,-113.0299,
-055.386,007.1083,-039.103,-113.0190,
-055.614,008.1141,-039.112,-113.0229,
-055.810,008.6115,-039.159,-113.0561,
-055.943,009.3898,-039.170,-113.0716,
-056.121,010.7403,-039.153,-113.0561,
-056.288,010.6000,-039.144,-113.0611,
-056.622,012.8533,-039.138,-113.0532,
-056.933,015.3159,-039.139,-113.0862,
-057.113,017.0454,-039.139,-113.0620,
-057.397,018.6757,-039.172,-113.0898,
-057.634,019.6367,-039.185,-113.0655,
-057.819,021.2224,-039.161,-113.0843,
-058.097,022.9294,-039.175,-113.0717,
-058.289,024.5517,-039.101,-113.0343,
-058.473,025.2724,-039.089,-113.0334,
-058.841,025.8901,-039.106,-113.0332,
-059.138,026.9551,-039.082,-113.0045,
-059.404,028.0276,-039.082,-113.0012,
-059.735,028.8508,-039.085,-112.9945,
-059.996,029.3752,-039.099,-113.0028,
-060.399,031.1263,-039.141,-113.0202,
-060.751,032.5317,-039.142,-113.0185,
-061.085,033.7410,-039.135,-113.0159,
-061.477,035.2570,-039.171,-113.0180,
-061.778,037.7609,-039.177,-113.0553,
-061.871,039.2648,-039.162,-113.0447,
-062.223,039.8606,-039.165,-113.0467,
-062.447,041.7880,-039.185,-113.0467,
-062.496,045.1481,-039.182,-113.0489,
-062.694,047.1722,-039.145,-113.0383,
-062.807,048.9432,-039.149,-113.0291,
-062.983,050.1516,-039.153,-113.0208,
-063.208,052.4893,-039.142,-113.0106,
-063.306,053.9561,-039.145,-112.9905,
-063.440,056.6551,-039.123,-112.9797,
-063.142,061.5960,-039.146,-113.0046,
-063.188,063.1274,-039.167,-113.0172,
-063.429,063.7511,-039.176,-113.0268,
-063.554,066.3460,-039.173,-113.0102,
-063.671,068.0428,-039.169,-113.0030,
-063.727,070.4477,-039.154,-112.9958,
-063.828,073.3366,-039.168,-113.0146,
-063.731,075.7334,-039.197,-113.0318,
-063.939,078.5750,-039.178,-113.0250,
-064.048,081.6043,-039.183,-113.0229,
-063.893,084.0389,-039.170,-113.0013,
-063.991,086.7836,-039.154,-112.9857,
-063.867,088.8922,-039.165,-112.9971,
-063.912,090.6268,-039.154,-113.0115,
-063.950,092.2698,-039.158,-113.0063,
-064.000,093.3029,-039.164,-113.0119,
-063.972,094.6929,-039.152,-113.0154,
-063.907,096.6415,-039.162,-113.0093,
-063.823,097.8608,-039.177,-113.0266,
-063.919,099.7138,-039.182,-113.0265,
-063.797,101.8795,-039.169,-112.9795,
-063.753,104.1288,-039.176,-113.0100,
-063.809,106.2765,-039.136,-112.9855,
-063.762,108.7799,-039.135,-112.9914,
-063.845,111.8381,-039.124,-112.9881,
-063.708,114.0563,-039.124,-113.0016,
-063.632,116.3052,-039.124,-112.9970,
-063.455,117.7541,-039.121,-113.0138,
-063.540,120.1221,-039.120,-112.9966,
-063.404,120.9854,-039.115,-112.9940,
-063.435,122.7476,-039.124,-113.0183,
-063.812,124.0812,-039.124,-112.9959,
-064.231,125.4818,-039.137,-113.0039,
-064.353,125.2936,-039.150,-113.0006,
-064.068,125.8655,-039.152,-112.9990,
-063.363,127.1204,-039.174,-113.0187,
-063.361,128.1262,-039.178,-113.0016,
-062.185,130.3162,-039.187,-112.9911,
-062.235,131.1331,-039.178,-112.9869,
-062.086,133.0653,-039.167,-112.9937,
-061.845,136.4053,-039.188,-112.9964,
-061.660,139.4453,-039.175,-112.9994,
-061.528,141.5361,-039.163,-112.9999,
-061.516,143.5888,-039.144,-112.9987,
-061.303,145.5679,-039.129,-113.0027,
-061.211,147.6377,-039.111,-112.9737,
-061.191,150.2354,-039.126,-112.9941,
-061.182,151.3293,-039.125,-112.9824,
-061.070,153.0704,-039.128,-112.9877,
-060.951,154.3364,-039.098,-112.9735,
-060.896,155.9840,-039.115,-112.9818,
-060.857,157.8871,-039.093,-112.9644,
-060.862,159.4649,-039.109,-112.9525,
-060.806,161.1743,-039.124,-112.9596,
-060.740,163.3278,-039.143,-112.9670,
-060.924,164.7536,-039.137,-112.9719,
-060.925,165.8541,-039.127,-112.9702,
-060.782,168.0813,-039.142,-112.9487,
-060.710,169.9924,-039.128,-112.9611,
-060.556,172.0800,-039.125,-112.9545,
-060.098,175.7069,-039.134,-112.9687,
-059.995,177.2616,-039.148,-112.9752,
-059.849,179.3616,-039.152,-112.9721,
-059.706,-178.6318,-039.144,-112.9787,
-059.553,-176.7782,-039.129,-112.9849,
-059.435,-174.2996,-039.125,-112.9891,
-059.354,-172.1043,-039.127,-112.9760,
-059.271,-170.5141,-039.105,-112.9719,
-059.188,-168.2082,-039.078,-112.9753,
-059.054,-166.1978,-039.077,-112.9778,
-058.998,-164.5703,-039.040,-112.9691,
-058.898,-163.0551,-039.037,-112.9669,
-058.721,-160.3579,-039.042,-112.9671,
-058.572,-158.2590,-039.051,-112.9633,
-058.389,-156.5555,-039.041,-112.9652,
-058.237,-154.9063,-039.032,-112.9679,
-058.146,-153.6225,-039.048,-112.9678,
-058.031,-152.1357,-039.042,-112.9902,
-057.947,-150.9841,-039.049,-112.9838,
-057.885,-150.5712,-039.060,-112.9816,
-057.871,-149.8301,-039.060,-113.0046,
-057.835,-149.2494,-039.084,-113.0278,
-057.791,-148.4524,-039.083,-113.0126,
-057.708,-147.2106,-039.087,-113.0134,
-057.683,-146.3934,-039.087,-113.0278,
-057.634,-145.4262,-039.092,-113.0335,
-057.632,-144.0647,-039.112,-113.0430,
-057.641,-143.1244,-039.104,-113.0428,
-057.650,-141.8220,-039.113,-113.0436,
-057.734,-140.6552,-039.120,-113.0707,
-057.789,-140.2185,-039.101,-113.0648,
-057.861,-139.5516,-039.096,-113.0407,
-057.948,-139.2446,-039.102,-113.0304,
-058.017,-139.2824,-039.097,-113.0512,
-058.058,-139.7353,-039.100,-113.0280,
-058.079,-140.2240,-039.103,-113.0244,
-058.076,-140.6291,-039.103,-113.0134,
-058.034,-140.8587,-039.088,-113.0098,
-057.957,-141.2607,-039.080,-112.9877,
-057.934,-141.4272,-039.066,-113.0032,
-057.960,-141.7400,-039.063,-112.9749,
-057.968,-142.0717,-039.019,-112.9414,
-058.032,-142.4102,-039.040,-112.9580,
-058.133,-143.2001,-039.027,-112.9502,
-058.196,-144.0940,-039.037,-112.9724,
-058.214,-145.5754,-039.060,-112.9729,
-058.198,-147.0688,-039.069,-112.9722,
-058.168,-148.2444,-039.068,-112.9817,
-058.187,-149.7759,-039.088,-112.9799,
-057.904,-151.0658,-039.092,-112.9714,
-057.916,-152.4677,-039.067,-112.9798,
-057.850,-154.1850,-039.044,-112.9595,
-057.668,-155.9158,-039.060,-112.9737,
-057.595,-157.2250,-039.029,-112.9538,
-057.492,-158.8720,-039.012,-112.9552,
-057.371,-160.3155,-039.020,-112.9631,
-057.243,-161.7166,-038.997,-112.9518,
-057.117,-163.2025,-038.994,-112.9358,
-057.051,-164.0977,-038.988,-112.9392,
-056.997,-165.0118,-038.986,-112.9436,
-056.936,-165.8537,-038.995,-112.9505,
-056.956,-166.7549,-039.014,-112.9493,
-056.998,-167.7193,-039.028,-112.9523,
-057.051,-169.0908,-039.057,-112.9749,
-057.083,-170.3767,-039.057,-112.9694,
-057.124,-172.0071,-039.061,-112.9656,
-057.170,-173.9543,-039.071,-112.9704,
-057.171,-175.2414,-039.059,-112.9555,
-057.153,-176.9828,-039.083,-112.9688,
-057.148,-178.2656,-039.066,-112.9407,
-057.162,-179.2827,-039.097,-112.9631,
-057.229,179.1819,-039.068,-112.9650,
-057.283,177.6511,-039.085,-112.9558,
-057.300,176.4844,-039.082,-112.9538,
-057.387,174.7582,-039.097,-112.9420,
-057.408,173.5033,-039.092,-112.9475,
-057.443,172.4461,-039.072,-112.9328,
-057.537,171.2463,-039.068,-112.9300,
-057.601,169.9451,-039.044,-112.9147,
-057.710,168.9819,-039.046,-112.9063,
-057.920,167.5181,-039.045,-112.9198,
-058.110,166.7487,-039.040,-112.9273,
-058.328,165.2792,-039.047,-112.9101,
-058.531,163.8218,-039.051,-112.9349,
-058.703,162.7541,-039.039,-112.9266,
-058.966,161.6516,-039.059,-112.9293,
-059.202,160.1783,-039.078,-112.9519,
-059.463,159.1077,-039.083,-112.9249,
-059.750,158.3514,-039.085,-112.9459,
-060.184,157.6904,-039.101,-112.9657,
-060.491,157.1042,-039.099,-112.9654,
-060.860,156.6717,-039.102,-112.9673,
-061.090,156.6874,-039.103,-112.9648,
-061.266,157.0367,-039.087,-112.9738,
-061.253,157.2105,-039.091,-112.9568,
-061.527,157.7304,-039.078,-112.9565,
-061.860,157.9718,-039.079,-112.9263,
-062.108,158.5597,-039.049,-112.9201,
-062.126,158.3248,-039.063,-112.9231,
-062.026,158.7787,-039.056,-112.9251,
-061.653,157.5001,-039.064,-112.9174,
-061.508,157.4114,-039.055,-112.9318,
-061.305,157.4362,-039.064,-112.9163,
-061.181,158.6952,-039.085,-112.9592,
-060.892,158.4530,-039.122,-112.9656,
-060.571,158.2966,-039.125,-112.9822,
-060.152,157.7608,-039.114,-112.9879,
-059.839,156.8799,-039.122,-112.9967,
-059.494,155.9637,-039.129,-113.0006,
-059.155,156.0153,-039.131,-113.0053,
-058.966,155.7689,-039.103,-112.9859,
-058.735,156.0393,-039.125,-113.0067,
-058.534,155.6744,-039.128,-112.9942,
-058.350,155.3109,-039.122,-112.9914,
-058.103,154.5030,-039.117,-112.9946,
-057.856,153.4015,-039.132,-112.9903,
-057.519,151.4857,-039.126,-112.9928,
-057.223,149.5261,-039.098,-113.0012,
-057.095,148.5802,-039.114,-112.9867,
-056.990,147.7967,-039.107,-112.9974,
-056.828,146.4375,-039.114,-112.9880,
-056.726,144.8015,-039.110,-112.9894,
-056.598,143.2017,-039.111,-112.9957,
-056.420,141.5450,-039.110,-112.9816,
-056.344,140.1528,-039.115,-112.9888,
-056.259,138.5012,-039.086,-112.9905,
-056.175,136.5192,-039.094,-112.9929,
-056.174,135.1150,-039.083,-112.9877,
-056.146,133.1559,-039.106,-113.0078,
-056.107,130.8840,-039.086,-113.0037,
-056.117,130.3296,-039.098,-113.0033,
-056.154,129.3936,-039.112,-113.0132,
-056.150,127.8876,-039.106,-113.0275,
-056.157,126.5548,-039.127,-113.0257,
-056.159,124.5627,-039.128,-113.0386,
-056.203,123.0232,-039.118,-113.0281,
-056.294,121.6087,-039.122,-113.0412,
-056.377,120.1542,-039.115,-113.0285,
-056.449,118.6245,-039.095,-113.0387,
-056.539,117.0408,-039.097,-113.0434,
-056.610,115.2831,-039.103,-113.0257,
-056.640,114.2481,-039.090,-113.0298,
-056.680,113.0657,-039.064,-113.0171,
-056.797,111.7915,-039.077,-113.0197,
-056.846,110.8410,-039.058,-112.9968,
-056.866,109.5512,-039.074,-113.0022,
-056.901,108.3087,-039.104,-113.0143,
-056.896,107.2872,-039.100,-113.0377,
-056.933,106.0766,-039.117,-113.0443,
-056.896,104.7936,-039.086,-113.0247,
-056.890,103.7861,-039.088,-113.0119,
-056.915,101.9813,-039.092,-113.0026,
-056.925,100.3294,-039.102,-113.0325,
-056.930,098.9671,-039.102,-113.0336,
-056.922,097.1577,-039.118,-113.0152,
-056.925,096.0309,-039.130,-113.0235,
-056.936,095.1602,-039.114,-113.0190,
-056.898,093.2934,-039.115,-113.0196,
-056.867,091.7577,-039.129,-113.0115,
-056.792,090.8225,-039.099,-113.0020,
-056.883,088.8348,-039.129,-113.0172,
-056.858,087.6323,-039.123,-113.0154,
-056.778,086.5992,-039.114,-112.9900,
-056.803,085.1147,-039.130,-113.0180,
-056.813,083.9105,-039.098,-113.0154,
-056.641,082.9964,-039.104,-113.0107,
-056.559,081.5785,-039.080,-112.9955,
-056.519,080.4245,-039.090,-112.9999,
-056.567,078.7553,-039.100,-112.9850,
-056.599,077.5010,-039.072,-112.9711,
-056.609,076.5098,-039.102,-112.9763,
-056.635,074.9422,-039.070,-112.9597,
-056.600,074.0791,-039.079,-112.9584,
-056.547,072.9870,-039.088,-112.9644,
-056.490,071.4358,-039.095,-112.9804,
-056.478,069.8863,-039.103,-112.9815,
-056.443,068.9262,-039.114,-112.9759,
-056.508,066.6088,-039.124,-112.9983,
-056.454,065.2892,-039.142,-113.0042,
-056.358,064.1399,-039.102,-113.0127,
-056.249,062.7934,-039.121,-113.0149,
-056.195,061.6202,-039.097,-113.0103,
-056.114,060.4009,-039.112,-113.0141,
-056.049,059.0000,-039.110,-113.0082,
-055.994,057.6484,-039.109,-113.0123,
-055.954,056.0825,-039.100,-112.9893,
-055.901,054.6340,-039.059,-112.9797,
-055.845,053.3837,-039.034,-112.9815,
-055.805,051.8709,-039.054,-112.9853,
-055.762,050.2181,-039.054,-113.0049,
-055.725,049.1974,-039.036,-113.0023,
-055.666,047.8470,-039.012,-112.9849,
-055.600,046.7813,-039.051,-112.9963,
-055.532,045.6973,-039.059,-113.0151,
-055.456,044.0654,-039.077,-113.0273,
-055.400,042.5591,-039.082,-113.0207,
-055.351,041.5862,-039.068,-113.0276,
-055.261,040.7153,-039.054,-113.0279,
-055.196,039.5556,-039.063,-113.0319,
-055.160,038.4921,-039.038,-113.0223,
-055.106,036.9745,-039.055,-113.0144,
-055.071,036.3068,-039.058,-113.0109,
-055.067,034.6413,-039.083,-113.0317,
DATA_END,
