FILENAME,E:\T_23\23_USP\ACQUIREDDATA\3AHHF07.MDB,
STEP,1,-90,-90,0,FORWARD,
SCAN,360,-179,180,1,FORWARD,
FREQ,SINGLE,1,7.5,
BEAM,1,
AXIS,0,
BINS,2,
SELECTED SCAN,ALL,
SELECTED FREQ,ALL,
SELECTED BEAM,ALL,
SELECTED BINS,ALL,
DATA_START,
-062.478,080.6499,-045.752,-115.2856,
-062.379,081.4566,-045.769,-115.2973,
-062.339,081.5585,-045.775,-115.2976,
-062.320,080.9462,-045.789,-115.2992,
-062.312,080.3565,-045.764,-115.2968,
-062.351,079.3920,-045.780,-115.3076,
-062.419,078.9398,-045.744,-115.2914,
-062.411,079.1178,-045.751,-115.2917,
-062.376,079.5045,-045.751,-115.2845,
-062.341,080.2144,-045.773,-115.2944,
-062.244,082.1145,-045.732,-115.2956,
-062.121,084.4503,-045.749,-115.3096,
-062.013,086.0253,-045.726,-115.3118,
-061.929,088.4241,-045.730,-115.3018,
-061.828,089.9689,-045.744,-115.3033,
-061.784,091.2802,-045.769,-115.3151,
-061.691,091.8329,-045.746,-115.3314,
-061.662,092.7788,-045.764,-115.3288,
-061.613,093.4190,-045.758,-115.3298,
-061.463,094.6715,-045.756,-115.3408,
-061.367,095.1027,-045.754,-115.3338,
-061.288,096.2517,-045.754,-115.3362,
-061.121,098.0017,-045.768,-115.3354,
-060.992,099.9940,-045.755,-115.3326,
-060.949,101.6020,-045.724,-115.3358,
-060.902,103.7785,-045.750,-115.3332,
-060.818,105.8582,-045.769,-115.3460,
-060.742,107.3339,-045.740,-115.3429,
-060.537,108.9620,-045.725,-115.3403,
-060.425,109.5971,-045.713,-115.3515,
-060.329,110.0369,-045.728,-115.3587,
-060.175,109.8753,-045.695,-115.3504,
-060.104,110.2585,-045.726,-115.3721,
-060.049,111.6847,-045.746,-115.3918,
-059.921,113.4217,-045.764,-115.3918,
-059.840,114.6005,-045.742,-115.3794,
-059.738,116.6814,-045.734,-115.3970,
-059.520,119.1998,-045.777,-115.4233,
-059.454,120.6964,-045.793,-115.4211,
-059.355,122.6853,-045.752,-115.4100,
-059.300,125.5770,-045.791,-115.4239,
-059.204,126.6552,-045.755,-115.4096,
-059.000,129.5766,-045.727,-115.4086,
-058.794,132.3961,-045.697,-115.4031,
-058.712,134.0765,-045.680,-115.4112,
-058.589,137.2125,-045.707,-115.4136,
-058.557,140.0859,-045.708,-115.4076,
-058.522,141.9388,-045.724,-115.4137,
-058.379,145.0744,-045.760,-115.4232,
-058.289,147.5511,-045.733,-115.4125,
-058.229,149.6892,-045.733,-115.4184,
-058.209,152.9702,-045.779,-115.4290,
-058.148,156.2371,-045.791,-115.4393,
-058.122,159.6861,-045.788,-115.4289,
-058.102,164.6682,-045.774,-115.4213,
-058.056,168.0620,-045.747,-115.4035,
-057.931,172.3813,-045.780,-115.4098,
-057.821,177.7205,-045.742,-115.3960,
-057.773,-179.1575,-045.741,-115.3973,
-057.689,-175.4682,-045.724,-115.4054,
-057.684,-171.2473,-045.726,-115.3934,
-057.699,-167.9655,-045.725,-115.4017,
-057.741,-163.9836,-045.735,-115.4040,
-057.776,-159.6998,-045.710,-115.3967,
-057.833,-156.2483,-045.717,-115.3875,
-057.911,-152.0311,-045.709,-115.3768,
-057.996,-147.6678,-045.743,-115.3815,
-058.109,-144.1641,-045.731,-115.3808,
-058.226,-139.2684,-045.722,-115.3774,
-058.280,-134.8494,-045.775,-115.3975,
-058.365,-131.6533,-045.757,-115.3904,
-058.479,-126.7971,-045.747,-115.3988,
-058.568,-123.0719,-045.734,-115.3946,
-058.714,-119.4547,-045.750,-115.3949,
-058.939,-114.5750,-045.713,-115.3903,
-059.098,-110.7088,-045.720,-115.3836,
-059.282,-106.2947,-045.742,-115.3864,
-059.516,-101.1385,-045.740,-115.3867,
-059.739,-097.7252,-045.726,-115.3756,
-059.954,-093.3837,-045.722,-115.3749,
-060.259,-088.8890,-045.780,-115.3909,
-060.514,-085.5432,-045.780,-115.3908,
-060.827,-081.5294,-045.802,-115.4045,
-061.148,-077.7402,-045.820,-115.4152,
-061.396,-075.2318,-045.798,-115.4194,
-061.797,-071.7354,-045.770,-115.4171,
-062.169,-069.0522,-045.771,-115.4157,
-062.471,-067.5013,-045.732,-115.4138,
-062.921,-064.7091,-045.751,-115.4172,
-063.199,-063.9371,-045.732,-115.4127,
-063.484,-063.3506,-045.699,-115.4041,
-063.873,-063.1380,-045.742,-115.4113,
-064.050,-063.5518,-045.735,-115.4052,
-064.243,-064.1332,-045.733,-115.3947,
-064.366,-065.0586,-045.788,-115.4016,
-064.382,-065.4184,-045.783,-115.3927,
-064.342,-066.2130,-045.762,-115.3944,
-064.281,-066.6507,-045.797,-115.3790,
-064.231,-067.1223,-045.784,-115.3736,
-064.087,-067.0431,-045.769,-115.3686,
-063.902,-066.9637,-045.768,-115.3852,
-063.769,-066.9281,-045.732,-115.3713,
-063.520,-066.6192,-045.759,-115.3604,
-063.318,-066.6692,-045.773,-115.3549,
-063.179,-066.2605,-045.740,-115.3442,
-062.956,-064.7198,-045.744,-115.3389,
-062.867,-063.7313,-045.741,-115.3321,
-062.831,-062.3104,-045.710,-115.3248,
-062.838,-060.1849,-045.729,-115.3385,
-062.978,-058.0625,-045.698,-115.3218,
-063.068,-055.7496,-045.696,-115.3102,
-063.298,-052.4152,-045.711,-115.3152,
-063.551,-050.2273,-045.705,-115.3184,
-063.776,-047.4961,-045.730,-115.3172,
-064.227,-042.9104,-045.761,-115.3151,
-064.527,-040.5802,-045.750,-115.3214,
-064.947,-036.1941,-045.785,-115.3378,
-065.290,-030.6854,-045.761,-115.3329,
-065.520,-026.8404,-045.759,-115.3355,
-065.723,-021.5922,-045.715,-115.3170,
-065.976,-017.3736,-045.707,-115.3064,
-066.168,-014.0093,-045.699,-115.3099,
-066.504,-008.8074,-045.699,-115.3169,
-066.896,-004.1751,-045.766,-115.3310,
-067.101,-000.2036,-045.724,-115.3133,
-067.554,007.7737,-045.709,-115.3178,
-067.940,014.0388,-045.743,-115.3437,
-068.229,021.9662,-045.728,-115.3364,
-068.460,034.7795,-045.728,-115.3363,
-068.536,044.8242,-045.695,-115.3328,
-068.400,055.3651,-045.717,-115.3415,
-068.104,068.6075,-045.680,-115.3337,
-067.679,077.8347,-045.671,-115.3467,
-067.068,087.6823,-045.668,-115.3343,
-066.173,096.5862,-045.678,-115.3340,
-065.706,101.8592,-045.728,-115.3400,
-064.935,106.8508,-045.717,-115.3474,
-064.440,111.4411,-045.728,-115.3482,
-064.209,113.9159,-045.691,-115.3393,
-063.895,117.6018,-045.735,-115.3472,
-063.827,121.6069,-045.760,-115.3567,
-063.734,124.4930,-045.757,-115.3761,
-063.598,129.2607,-045.774,-115.3845,
-063.494,133.9168,-045.744,-115.3778,
-063.290,137.2719,-045.719,-115.3648,
-062.971,142.7825,-045.696,-115.3644,
-062.639,146.4957,-045.674,-115.3580,
-062.380,150.1600,-045.682,-115.3557,
-061.832,154.2968,-045.657,-115.3452,
-061.428,156.6427,-045.691,-115.3640,
-061.122,158.6050,-045.710,-115.3696,
-060.794,161.4905,-045.728,-115.3789,
-060.571,163.6333,-045.731,-115.3726,
-060.387,165.8213,-045.738,-115.3704,
-060.186,167.9045,-045.727,-115.3601,
-060.084,169.4098,-045.720,-115.3481,
-059.980,170.9662,-045.768,-115.3544,
-059.849,172.2897,-045.725,-115.3498,
-059.771,173.3934,-045.751,-115.3520,
-059.628,174.2417,-045.753,-115.3470,
-059.476,175.3197,-045.747,-115.3502,
-059.326,175.9581,-045.732,-115.3452,
-059.097,176.4323,-045.733,-115.3510,
-058.791,177.3483,-045.758,-115.3498,
-058.561,177.3416,-045.758,-115.3486,
-058.203,176.9092,-045.777,-115.3580,
-057.898,176.2168,-045.758,-115.3499,
-057.739,175.4754,-045.756,-115.3679,
-057.543,173.7679,-045.755,-115.3515,
-057.488,172.4287,-045.742,-115.3462,
-057.494,171.2582,-045.720,-115.3458,
-057.535,169.2246,-045.728,-115.3423,
-057.630,168.3616,-045.732,-115.3606,
-057.687,167.9341,-045.748,-115.3643,
-057.805,167.2351,-045.766,-115.3772,
-057.838,167.1204,-045.795,-115.3756,
-057.819,166.8543,-045.771,-115.3742,
-057.789,166.6747,-045.758,-115.3653,
-057.736,166.3352,-045.748,-115.3666,
-057.648,165.8753,-045.753,-115.3672,
-057.586,164.9255,-045.747,-115.3680,
-057.544,163.6608,-045.764,-115.3835,
-057.518,162.3557,-045.763,-115.3836,
-057.564,160.6138,-045.793,-115.4057,
-057.621,159.3312,-045.793,-115.4033,
-057.703,157.7006,-045.755,-115.4025,
-057.827,156.4082,-045.770,-115.4087,
-057.890,155.1517,-045.794,-115.4104,
-057.915,154.0416,-045.803,-115.4163,
-057.976,153.3817,-045.812,-115.4103,
-057.983,152.7218,-045.831,-115.4209,
-058.010,151.4694,-045.812,-115.4056,
-058.056,149.9713,-045.790,-115.3953,
-058.101,148.0499,-045.742,-115.3782,
-058.266,144.6503,-045.702,-115.3718,
-058.387,141.8097,-045.732,-115.3937,
-058.476,138.4417,-045.753,-115.4075,
-058.648,134.5898,-045.751,-115.4160,
-058.838,132.2463,-045.754,-115.4109,
-058.997,129.5580,-045.729,-115.4071,
-059.367,127.1830,-045.767,-115.4128,
-059.684,125.3603,-045.773,-115.4120,
-060.137,123.7151,-045.780,-115.4075,
-060.722,121.8177,-045.777,-115.3936,
-061.155,120.5291,-045.774,-115.3750,
-061.750,117.9747,-045.779,-115.3588,
-062.282,115.2789,-045.750,-115.3450,
-062.695,112.7945,-045.744,-115.3340,
-063.169,108.4194,-045.736,-115.3233,
-063.593,104.9970,-045.755,-115.3397,
-063.896,101.9129,-045.743,-115.3354,
-064.473,097.4493,-045.754,-115.3303,
-064.799,094.7832,-045.737,-115.3279,
-065.220,091.9610,-045.746,-115.3291,
-065.800,088.6184,-045.744,-115.3340,
-066.221,087.2105,-045.739,-115.3159,
-066.716,085.4793,-045.717,-115.3061,
-067.447,083.5866,-045.721,-115.3078,
-068.064,082.9731,-045.726,-115.3141,
-068.898,082.8381,-045.693,-115.2931,
-070.127,082.8716,-045.728,-115.3045,
-070.990,083.6230,-045.704,-115.3032,
-072.406,087.7175,-045.713,-115.3055,
-074.250,094.3377,-045.686,-115.3058,
-075.236,100.1252,-045.683,-115.3074,
-075.888,111.3858,-045.701,-115.3273,
-075.946,120.3229,-045.731,-115.3300,
-075.973,123.8595,-045.752,-115.3342,
-075.414,129.6189,-045.745,-115.3304,
-074.976,132.9936,-045.728,-115.3292,
-074.746,134.3653,-045.733,-115.3215,
-074.563,136.2398,-045.661,-115.2883,
-074.112,137.4097,-045.677,-115.2836,
-073.604,141.6920,-045.655,-115.2869,
-072.565,146.5202,-045.652,-115.2909,
-071.537,149.2416,-045.697,-115.3066,
-070.284,149.1480,-045.688,-115.2880,
-068.769,147.3036,-045.651,-115.3003,
-068.008,147.4731,-045.640,-115.2844,
-067.150,144.8773,-045.626,-115.2807,
-066.308,141.8126,-045.641,-115.2878,
-065.850,139.9571,-045.635,-115.2875,
-065.443,136.3852,-045.674,-115.2864,
-065.173,132.9198,-045.670,-115.2741,
-065.118,130.8961,-045.698,-115.2806,
-065.056,127.9467,-045.697,-115.2889,
-064.980,125.3274,-045.713,-115.2948,
-064.936,123.0957,-045.695,-115.3011,
-064.840,120.5732,-045.704,-115.2915,
-064.773,119.5269,-045.672,-115.2844,
-064.452,119.0048,-045.676,-115.2802,
-064.126,117.3657,-045.659,-115.2605,
-063.965,115.2354,-045.706,-115.2828,
-063.716,113.4689,-045.653,-115.2708,
-063.303,110.3555,-045.667,-115.2687,
-063.206,106.8971,-045.694,-115.2835,
-062.860,103.0904,-045.724,-115.3050,
-062.552,099.3277,-045.699,-115.2945,
-062.422,096.4588,-045.743,-115.3105,
-062.104,093.4025,-045.715,-115.3099,
-061.741,090.0864,-045.702,-115.3082,
-061.542,088.4816,-045.682,-115.3122,
-061.287,086.9135,-045.669,-115.3072,
-061.085,085.4144,-045.678,-115.3081,
-060.940,084.4326,-045.676,-115.3167,
-060.763,083.0880,-045.653,-115.3246,
-060.603,081.5908,-045.703,-115.3457,
-060.519,080.1185,-045.704,-115.3527,
-060.353,077.7035,-045.701,-115.3437,
-060.298,076.0118,-045.684,-115.3343,
-060.220,074.2637,-045.706,-115.3430,
-060.039,071.9054,-045.749,-115.3665,
-059.941,069.5234,-045.706,-115.3501,
-059.834,067.2474,-045.666,-115.3368,
-059.679,064.3814,-045.735,-115.3495,
-059.632,062.4365,-045.694,-115.3388,
-059.537,060.7116,-045.702,-115.3506,
-059.404,057.9162,-045.736,-115.3624,
-059.351,056.7428,-045.735,-115.3649,
-059.288,054.4439,-045.703,-115.3587,
-059.215,053.4839,-045.681,-115.3618,
-059.141,052.7598,-045.682,-115.3628,
-059.057,051.5328,-045.693,-115.3637,
-058.974,049.6778,-045.700,-115.3650,
-058.855,048.2539,-045.703,-115.3705,
-058.693,046.6509,-045.714,-115.3797,
-058.454,045.5387,-045.707,-115.3736,
-058.300,044.3597,-045.690,-115.3688,
-058.066,042.9460,-045.682,-115.3628,
-057.928,041.7578,-045.676,-115.3695,
-057.804,040.7860,-045.748,-115.3987,
-057.651,039.2564,-045.721,-115.3904,
-057.574,037.5849,-045.729,-115.4001,
-057.457,035.8113,-045.685,-115.3907,
-057.343,033.6444,-045.731,-115.4057,
-057.288,032.2637,-045.741,-115.4043,
-057.215,030.5783,-045.690,-115.3947,
-057.063,028.5356,-045.693,-115.3965,
-056.917,027.1584,-045.693,-115.3942,
-056.694,026.2133,-045.691,-115.3816,
-056.489,025.7597,-045.728,-115.3978,
-056.378,025.2534,-045.746,-115.4013,
-056.290,025.1053,-045.760,-115.4018,
-056.287,024.4869,-045.741,-115.3807,
-056.330,024.0648,-045.729,-115.3776,
-056.405,023.1392,-045.730,-115.3668,
-056.423,021.7737,-045.719,-115.3648,
-056.426,021.2805,-045.704,-115.3550,
-056.402,020.0473,-045.696,-115.3409,
-056.301,019.3887,-045.726,-115.3603,
-056.244,019.2076,-045.747,-115.3645,
-056.214,018.6459,-045.732,-115.3736,
-056.188,018.6808,-045.725,-115.3616,
-056.240,018.3724,-045.735,-115.3755,
-056.394,017.6467,-045.747,-115.3822,
-056.555,017.4894,-045.744,-115.3756,
-056.794,017.0508,-045.731,-115.3678,
-057.081,015.9844,-045.685,-115.3482,
-057.407,015.3612,-045.710,-115.3590,
-057.777,014.2434,-045.747,-115.3608,
-058.201,014.2739,-045.742,-115.3391,
-058.531,013.7082,-045.736,-115.3447,
-059.070,013.5719,-045.778,-115.3542,
-059.534,012.9611,-045.795,-115.3519,
-059.759,012.6968,-045.788,-115.3492,
-060.053,012.1616,-045.761,-115.3424,
-060.266,012.0740,-045.729,-115.3397,
-060.399,012.3485,-045.713,-115.3220,
-060.618,012.7982,-045.750,-115.3250,
-060.847,013.3564,-045.760,-115.3365,
-061.093,013.5548,-045.766,-115.3251,
-061.475,013.6186,-045.762,-115.3232,
-061.790,014.5228,-045.740,-115.3157,
-062.033,014.6318,-045.762,-115.3209,
-062.287,015.9550,-045.783,-115.3273,
-062.447,016.5242,-045.777,-115.3175,
-062.578,017.4250,-045.803,-115.3364,
-062.786,019.1581,-045.792,-115.3368,
-063.011,020.6948,-045.808,-115.3500,
-063.088,023.0356,-045.782,-115.3477,
-063.197,025.5752,-045.806,-115.3599,
-063.242,027.4912,-045.776,-115.3486,
-063.271,030.9550,-045.773,-115.3323,
-063.355,033.8901,-045.777,-115.3400,
-063.579,035.8978,-045.790,-115.3418,
-063.788,038.8669,-045.781,-115.3241,
-064.001,040.9938,-045.811,-115.3294,
-064.126,043.1677,-045.810,-115.3259,
-064.309,045.5949,-045.766,-115.3061,
-064.427,048.3567,-045.773,-115.3038,
-064.307,051.5009,-045.776,-115.2998,
-064.102,056.2385,-045.792,-115.3011,
-063.925,059.4600,-045.773,-115.2742,
-063.744,063.7992,-045.747,-115.2614,
-063.537,068.5577,-045.779,-115.2483,
-063.402,070.4484,-045.764,-115.2411,
-063.057,073.3124,-045.730,-115.2262,
-062.815,075.8074,-045.756,-115.2257,
-062.566,077.1886,-045.758,-115.2218,
-062.203,079.3082,-045.748,-115.2269,
DATA_END,
