FILENAME,E:\T_23\23_USP\ACQUIREDDATA\3AHVF06.MDB,
STEP,1,-90,-90,0,FORWARD,
SCAN,360,180,-179,1,REVERSE,
FREQ,SINGLE,1,6,
BEAM,1,
AXIS,0,
BINS,2,
SELECTED SCAN,ALL,
SELECTED FREQ,ALL,
SELECTED BEAM,ALL,
SELECTED BINS,ALL,
DATA_START,
-053.814,024.8926,-039.106,-111.7165,
-053.823,023.6040,-039.119,-111.7251,
-053.817,022.3392,-039.098,-111.7079,
-053.830,021.0405,-039.100,-111.7232,
-053.827,019.9380,-039.088,-111.7171,
-053.819,018.9892,-039.101,-111.7227,
-053.783,017.8888,-039.119,-111.7315,
-053.755,016.9693,-039.116,-111.7146,
-053.711,015.9696,-039.093,-111.7150,
-053.679,015.1021,-039.114,-111.7146,
-053.665,014.1281,-039.098,-111.7145,
-053.666,013.0312,-039.080,-111.6841,
-053.678,012.2051,-039.082,-111.6750,
-053.718,011.1943,-039.082,-111.6939,
-053.743,010.1307,-039.087,-111.6989,
-053.773,009.3066,-039.084,-111.7046,
-053.788,008.3938,-039.090,-111.7082,
-053.855,007.4770,-039.085,-111.7176,
-053.860,006.7294,-039.103,-111.7229,
-053.844,005.6012,-039.107,-111.7227,
-053.912,004.2874,-039.110,-111.7245,
-053.898,003.5025,-039.122,-111.7267,
-053.939,002.6869,-039.135,-111.7302,
-053.912,001.6252,-039.143,-111.7407,
-053.944,000.9212,-039.144,-111.7279,
-053.951,-000.3632,-039.147,-111.7324,
-053.959,-001.2297,-039.145,-111.7318,
-053.968,-001.7250,-039.129,-111.7250,
-054.033,-002.9757,-039.115,-111.7107,
-054.077,-004.0214,-039.083,-111.6820,
-054.133,-004.7125,-039.082,-111.6816,
-054.200,-005.5929,-039.080,-111.6574,
-054.267,-005.7235,-039.077,-111.6605,
-054.297,-006.3153,-039.075,-111.6525,
-054.226,-005.6123,-039.058,-111.6598,
-054.240,-005.5211,-039.069,-111.6469,
-054.285,-005.8881,-039.069,-111.6615,
-054.171,-005.9365,-039.086,-111.6692,
-054.251,-006.6229,-039.078,-111.6652,
-054.209,-007.3338,-039.095,-111.6675,
-054.544,-009.7048,-039.120,-111.6879,
-054.600,-010.0156,-039.145,-111.6826,
-054.787,-010.4816,-039.166,-111.7056,
-054.577,-010.4283,-039.172,-111.7242,
-054.682,-010.5876,-039.175,-111.7172,
-055.132,-011.5144,-039.164,-111.7208,
-055.242,-012.0276,-039.167,-111.7148,
-054.722,-011.3174,-039.132,-111.7275,
-054.842,-011.2596,-039.132,-111.7321,
-054.880,-010.7094,-039.127,-111.7140,
-055.199,-010.8354,-039.128,-111.7165,
-055.398,-010.4409,-039.126,-111.7154,
-055.758,-010.0142,-039.113,-111.7105,
-055.683,-008.8581,-039.107,-111.6964,
-055.609,-007.4436,-039.104,-111.7099,
-056.107,-006.9275,-039.099,-111.7250,
-056.127,-005.9811,-039.106,-111.7309,
-055.761,-004.2971,-039.108,-111.7158,
-055.820,-002.8473,-039.105,-111.7293,
-055.919,-001.8946,-039.120,-111.7244,
-056.080,-000.3035,-039.142,-111.7286,
-056.205,000.1954,-039.128,-111.7367,
-056.340,000.7123,-039.125,-111.7473,
-056.580,002.0235,-039.151,-111.7561,
-056.734,002.7505,-039.146,-111.7488,
-056.913,003.8014,-039.136,-111.7433,
-057.101,004.7432,-039.137,-111.7438,
-057.222,005.2966,-039.133,-111.7426,
-057.520,006.4274,-039.131,-111.7459,
-057.745,007.1773,-039.126,-111.7413,
-057.917,007.8136,-039.117,-111.7471,
-058.270,009.0866,-039.115,-111.7471,
-058.518,010.3614,-039.101,-111.7561,
-058.733,011.0492,-039.083,-111.7514,
-059.025,014.4101,-039.090,-111.7676,
-059.457,012.8193,-039.077,-111.7542,
-059.599,013.9825,-039.061,-111.7641,
-059.860,015.1717,-039.058,-111.7548,
-060.113,014.8872,-039.049,-111.7487,
-060.437,013.9178,-039.056,-111.7568,
-060.788,014.2589,-039.061,-111.7495,
-061.061,014.3114,-039.063,-111.7408,
-061.424,014.7545,-039.072,-111.7225,
-061.713,017.4865,-039.061,-111.7256,
-061.945,019.1618,-039.063,-111.7333,
-062.046,021.6397,-039.086,-111.7204,
-062.031,023.5466,-039.116,-111.7432,
-062.045,024.5875,-039.111,-111.7552,
-062.044,025.5312,-039.118,-111.7657,
-062.050,026.9624,-039.124,-111.7718,
-062.279,027.1667,-039.142,-111.7665,
-062.086,030.0538,-039.122,-111.7457,
-062.461,029.3975,-039.128,-111.7665,
-062.503,030.7932,-039.128,-111.7567,
-062.254,035.0595,-039.120,-111.7734,
-062.441,035.7775,-039.132,-111.7677,
-062.540,037.7579,-039.139,-111.7759,
-062.608,039.8251,-039.108,-111.7721,
-062.532,043.0539,-039.119,-111.7895,
-062.423,046.3311,-039.114,-111.7774,
-062.315,049.8274,-039.116,-111.7602,
-062.197,052.4806,-039.116,-111.7778,
-062.115,055.7541,-039.129,-111.7606,
-061.875,059.9484,-039.131,-111.7562,
-061.925,062.5018,-039.118,-111.7654,
-061.846,066.2176,-039.127,-111.7470,
-061.818,069.9549,-039.122,-111.7643,
-061.806,072.7484,-039.124,-111.7342,
-061.753,076.8668,-039.105,-111.7405,
-061.816,080.1128,-039.126,-111.7546,
-061.732,083.5651,-039.129,-111.7580,
-061.607,087.4401,-039.141,-111.7447,
-061.598,089.9877,-039.137,-111.7530,
-061.602,092.7969,-039.130,-111.7486,
-061.523,096.9418,-039.127,-111.7558,
-061.457,099.2699,-039.129,-111.7473,
-061.486,102.5809,-039.132,-111.7557,
-061.415,106.9171,-039.126,-111.7413,
-061.317,110.4386,-039.127,-111.7626,
-061.247,114.2223,-039.113,-111.7595,
-061.251,118.7951,-039.094,-111.7564,
-061.238,122.5564,-039.086,-111.7553,
-061.367,127.0806,-039.083,-111.7560,
-061.423,132.0131,-039.084,-111.7665,
-061.434,135.2578,-039.086,-111.7610,
-061.387,139.1367,-039.084,-111.7921,
-061.716,142.6965,-039.089,-111.7740,
-061.940,145.3244,-039.083,-111.7658,
-062.062,148.6705,-039.081,-111.7539,
-062.220,151.1842,-039.081,-111.7373,
-062.430,152.8763,-039.100,-111.7410,
-062.719,156.5800,-039.124,-111.7342,
-062.986,159.7791,-039.123,-111.7370,
-063.182,161.3154,-039.127,-111.7337,
-063.468,164.3379,-039.135,-111.7348,
-063.616,167.6098,-039.130,-111.7411,
-063.706,170.3876,-039.126,-111.7344,
-063.842,174.5828,-039.131,-111.7436,
-063.971,177.5730,-039.125,-111.7441,
-064.099,-179.5217,-039.120,-111.7345,
-064.430,-175.9115,-039.106,-111.7135,
-064.766,-173.3626,-039.106,-111.7044,
-065.211,-170.3432,-039.102,-111.7033,
-065.681,-167.3060,-039.101,-111.6950,
-066.033,-165.2081,-039.086,-111.6916,
-066.542,-162.5513,-039.084,-111.6859,
-067.122,-161.0507,-039.086,-111.6772,
-067.584,-159.9627,-039.087,-111.6601,
-068.432,-158.1687,-039.074,-111.6639,
-069.193,-156.4456,-039.083,-111.6679,
-069.980,-155.5832,-039.074,-111.6555,
-071.037,-154.0608,-039.059,-111.6560,
-071.797,-153.6733,-039.069,-111.6371,
-072.621,-153.1076,-039.074,-111.6573,
-073.687,-153.2005,-039.087,-111.6646,
-074.264,-153.9025,-039.099,-111.6621,
-074.585,-155.5325,-039.097,-111.6656,
-074.950,-157.6058,-039.107,-111.6687,
-075.137,-160.0063,-039.109,-111.6865,
-075.276,-162.5082,-039.113,-111.6743,
-075.058,-165.7545,-039.110,-111.6860,
-074.931,-169.3716,-039.100,-111.6836,
-074.789,-173.5376,-039.127,-111.6840,
-074.345,-177.7682,-039.094,-111.7091,
-073.860,179.4904,-039.089,-111.6865,
-073.362,176.4177,-039.085,-111.6898,
-072.801,175.2161,-039.068,-111.6952,
-072.346,174.0285,-039.056,-111.6931,
-071.701,172.2831,-039.048,-111.6786,
-071.090,171.6987,-039.042,-111.6790,
-070.679,171.9077,-039.013,-111.6724,
-070.016,173.5728,-039.011,-111.6667,
-069.342,175.7278,-039.004,-111.6750,
-068.968,176.6721,-038.999,-111.6769,
-068.419,178.0476,-039.014,-111.6683,
-068.044,178.2454,-039.033,-111.6721,
-067.776,179.1654,-039.039,-111.6729,
-067.420,179.7326,-039.033,-111.6587,
-067.212,179.8356,-039.036,-111.6768,
-067.012,179.1930,-039.059,-111.6726,
-066.655,-179.9771,-039.049,-111.6891,
-066.466,-179.2442,-039.060,-111.6919,
-066.262,-177.8936,-039.058,-111.6906,
-066.170,-175.6163,-039.057,-111.6924,
-066.151,-174.1047,-039.056,-111.6963,
-066.193,-172.6347,-039.056,-111.6961,
-066.317,-170.9221,-039.034,-111.7143,
-066.427,-170.3690,-039.045,-111.7003,
-066.593,-170.4333,-039.040,-111.6910,
-066.650,-170.3973,-039.022,-111.6815,
-066.692,-170.9837,-039.041,-111.6717,
-066.574,-171.4510,-039.035,-111.6673,
-066.366,-171.4865,-039.034,-111.6562,
-066.217,-170.5551,-039.025,-111.6599,
-065.925,-169.7588,-039.024,-111.6606,
-065.780,-169.5960,-039.028,-111.6603,
-065.721,-168.8372,-039.028,-111.6551,
-065.668,-168.3983,-039.017,-111.6501,
-065.712,-167.6975,-039.020,-111.6342,
-065.760,-167.5813,-039.012,-111.6255,
-065.749,-168.4153,-039.020,-111.6507,
-065.720,-168.9955,-039.027,-111.6379,
-065.647,-169.6952,-039.026,-111.6638,
-065.426,-170.9149,-039.025,-111.6797,
-065.373,-170.7547,-039.043,-111.6649,
-065.768,-167.1292,-039.050,-111.6829,
-065.783,-166.6791,-039.046,-111.6955,
-065.574,-167.1538,-039.048,-111.7018,
-065.362,-168.2767,-039.046,-111.6955,
-065.151,-168.7323,-039.037,-111.6940,
-065.005,-169.4459,-039.027,-111.6950,
-064.719,-170.0887,-039.019,-111.6906,
-064.450,-170.7385,-039.001,-111.6902,
-064.170,-170.9907,-038.984,-111.7051,
-063.867,-170.5140,-038.997,-111.6932,
-063.603,-170.1174,-038.993,-111.7029,
-063.372,-169.8374,-038.994,-111.6936,
-063.221,-169.1410,-038.989,-111.6966,
-063.155,-168.7520,-038.982,-111.6897,
-063.024,-168.2251,-039.000,-111.7071,
-062.979,-168.1807,-039.005,-111.7053,
-062.917,-168.4601,-039.021,-111.7128,
-062.909,-169.1383,-039.025,-111.7302,
-062.765,-170.1811,-039.028,-111.7297,
-062.546,-170.7120,-039.041,-111.7233,
-062.303,-171.1850,-039.060,-111.7149,
-062.137,-171.3731,-039.053,-111.7275,
-061.924,-171.1446,-039.036,-111.7151,
-061.621,-171.0597,-039.040,-111.6997,
-061.457,-171.0592,-039.036,-111.7294,
-061.331,-171.0393,-039.043,-111.7198,
-061.150,-171.8355,-039.041,-111.7158,
-060.902,-171.9700,-039.029,-111.7127,
-060.655,-172.0475,-039.032,-111.7297,
-060.435,-172.2245,-039.019,-111.7278,
-060.252,-172.6393,-039.029,-111.7265,
-060.140,-172.6029,-039.017,-111.7226,
-059.970,-172.3680,-039.008,-111.7199,
-059.948,-172.5659,-038.999,-111.6988,
-059.937,-172.7749,-039.015,-111.7104,
-059.907,-172.9412,-039.004,-111.7003,
-059.882,-172.9899,-039.005,-111.6901,
-059.875,-173.5521,-039.022,-111.6833,
-059.777,-173.9705,-039.027,-111.6805,
-059.816,-175.1384,-039.024,-111.6833,
-059.683,-175.7592,-039.025,-111.6874,
-059.628,-176.8226,-039.044,-111.6758,
-059.457,-176.9804,-039.048,-111.6852,
-059.288,-177.8868,-039.048,-111.6900,
-059.159,-178.7248,-039.046,-111.6921,
-059.003,-179.2679,-039.044,-111.6778,
-058.958,179.3375,-039.050,-111.6732,
-058.866,179.1018,-039.045,-111.6839,
-058.835,177.8530,-039.025,-111.6744,
-058.758,177.1588,-039.010,-111.6652,
-058.673,175.5246,-038.994,-111.6679,
-058.553,174.8600,-039.005,-111.6648,
-058.297,173.9954,-039.004,-111.6501,
-058.182,172.2623,-038.997,-111.6581,
-057.955,170.8477,-039.009,-111.6756,
-057.688,168.8130,-039.010,-111.6900,
-057.502,167.0709,-039.025,-111.7157,
-057.261,165.6634,-039.038,-111.7154,
-056.974,163.2110,-039.047,-111.7232,
-056.834,161.8343,-039.070,-111.7303,
-056.629,160.4640,-039.072,-111.7433,
-056.430,158.9722,-039.075,-111.7278,
-056.337,158.0832,-039.073,-111.7640,
-056.096,156.2374,-039.071,-111.7640,
-055.976,155.0274,-039.082,-111.7731,
-055.886,153.9723,-039.084,-111.7512,
-055.741,152.3163,-039.079,-111.7585,
-055.695,150.7601,-039.088,-111.7710,
-055.620,149.3297,-039.089,-111.7493,
-055.537,147.0530,-039.072,-111.7554,
-055.436,145.5152,-039.081,-111.7738,
-055.396,144.2312,-039.076,-111.7688,
-055.422,142.4801,-039.093,-111.7939,
-055.404,140.9330,-039.060,-111.7768,
-055.355,139.2535,-039.068,-111.7722,
-055.349,137.2624,-039.063,-111.7846,
-055.368,135.9974,-039.085,-111.7726,
-055.390,134.3424,-039.085,-111.7806,
-055.464,132.6043,-039.074,-111.7620,
-055.625,131.4808,-039.056,-111.7743,
-055.689,129.7920,-039.056,-111.7746,
-055.646,127.8646,-039.087,-111.8222,
-055.669,126.7044,-039.103,-111.7980,
-055.707,124.8821,-039.120,-111.8019,
-055.747,123.3415,-039.112,-111.8108,
-055.758,122.4168,-039.109,-111.8181,
-055.793,121.0155,-039.089,-111.7989,
-055.839,120.0235,-039.063,-111.8037,
-055.897,119.2227,-039.083,-111.8071,
-055.960,117.9416,-039.097,-111.8138,
-056.026,117.1991,-039.078,-111.8010,
-056.080,116.3092,-039.083,-111.7923,
-056.129,115.3609,-039.080,-111.8099,
-056.155,114.4555,-039.088,-111.8117,
-056.213,113.6763,-039.039,-111.7848,
-056.255,113.0379,-039.028,-111.7658,
-056.273,112.1856,-039.059,-111.7725,
-056.301,111.1370,-039.070,-111.7700,
-056.300,110.3031,-039.082,-111.7834,
-056.290,109.5549,-039.081,-111.7804,
-056.248,108.6677,-039.065,-111.7670,
-056.210,107.5585,-039.054,-111.7621,
-056.181,106.7865,-039.030,-111.7572,
-056.134,105.5086,-039.041,-111.7573,
-056.070,104.2802,-039.058,-111.7700,
-055.974,103.0655,-039.089,-111.7850,
-055.909,101.4971,-039.087,-111.7793,
-055.836,100.0900,-039.112,-111.7897,
-055.782,098.9992,-039.130,-111.7989,
-055.693,097.4457,-039.129,-111.7971,
-055.629,095.7404,-039.126,-111.8012,
-055.574,094.2797,-039.098,-111.7712,
-055.524,091.7205,-039.130,-111.7911,
-055.496,090.0104,-039.089,-111.7813,
-055.460,088.2548,-039.084,-111.7820,
-055.398,086.4156,-039.096,-111.7774,
-055.348,084.9070,-039.082,-111.7624,
-055.267,083.1341,-039.077,-111.7738,
-055.160,081.3968,-039.099,-111.7804,
-055.117,079.9991,-039.101,-111.7945,
-055.086,078.4200,-039.084,-111.7829,
-055.056,076.5948,-039.094,-111.7479,
-055.054,075.3442,-039.093,-111.7591,
-055.034,073.9320,-039.073,-111.7442,
-055.023,072.0921,-039.071,-111.7483,
-054.960,070.8079,-039.088,-111.7391,
-054.923,068.7390,-039.055,-111.7332,
-054.899,066.8949,-039.088,-111.7489,
-054.903,065.6063,-039.086,-111.7503,
-054.840,063.4636,-039.112,-111.7513,
-054.815,061.6902,-039.086,-111.7477,
-054.799,060.1593,-039.117,-111.7595,
-054.748,058.1186,-039.132,-111.7801,
-054.701,056.3048,-039.137,-111.7727,
-054.668,054.7718,-039.127,-111.7493,
-054.660,052.9543,-039.132,-111.7700,
-054.661,051.7636,-039.136,-111.7509,
-054.651,050.2332,-039.141,-111.7646,
-054.677,048.5060,-039.142,-111.7522,
-054.679,047.2907,-039.138,-111.7619,
-054.691,045.8086,-039.102,-111.7067,
-054.639,044.4385,-039.075,-111.7086,
-054.642,043.0672,-039.082,-111.7202,
-054.597,041.5806,-039.060,-111.7060,
-054.529,040.2763,-039.072,-111.7412,
-054.514,039.2506,-039.064,-111.7367,
-054.467,037.4002,-039.103,-111.7472,
-054.407,036.2460,-039.084,-111.7227,
-054.385,035.3081,-039.097,-111.7317,
-054.354,033.4735,-039.087,-111.7340,
-054.317,032.3896,-039.096,-111.7488,
-054.292,031.1210,-039.111,-111.7584,
-054.279,029.7792,-039.105,-111.7673,
-054.251,028.8806,-039.104,-111.7797,
-054.284,027.2571,-039.116,-111.7787,
DATA_END,
