FILENAME,E:\T_23\23_USP\ACQUIREDDATA\3AVHF06.MDB,
STEP,1,-90,-90,0,FORWARD,
SCAN,360,180,-179,1,REVERSE,
FREQ,SINGLE,1,6,
BEAM,1,
AXIS,0,
BINS,2,
SELECTED SCAN,ALL,
SELECTED FREQ,ALL,
SELECTED BEAM,ALL,
SELECTED BINS,ALL,
DATA_START,
-077.516,106.3462,-036.859,-111.4205,
-069.499,119.6120,-036.893,-111.4805,
-065.777,122.0390,-036.926,-111.5336,
-063.135,121.9981,-036.912,-111.4944,
-060.914,121.2270,-036.897,-111.4825,
-059.339,119.8795,-036.882,-111.5101,
-058.025,119.0004,-036.900,-111.5248,
-056.794,117.9706,-036.903,-111.5368,
-055.644,117.0340,-036.881,-111.5274,
-054.861,116.5279,-036.868,-111.5066,
-054.036,115.9579,-036.870,-111.5282,
-053.155,115.4031,-036.863,-111.5050,
-052.533,115.0482,-036.866,-111.5190,
-051.887,114.3714,-036.855,-111.5109,
-051.191,114.0715,-036.878,-111.5351,
-050.749,113.8687,-036.869,-111.5216,
-050.294,113.8392,-036.863,-111.4951,
-049.826,114.1521,-036.879,-111.5281,
-049.491,114.3243,-036.886,-111.5175,
-049.099,114.9896,-036.871,-111.5098,
-048.732,115.6994,-036.848,-111.4817,
-048.445,116.2461,-036.851,-111.5016,
-048.089,116.7976,-036.856,-111.5059,
-047.766,117.7348,-036.847,-111.4745,
-047.540,118.4464,-036.872,-111.5099,
-047.251,119.6311,-036.846,-111.4803,
-047.025,120.7528,-036.843,-111.4808,
-046.861,121.5896,-036.834,-111.4667,
-046.660,122.7467,-036.840,-111.4460,
-046.502,124.0036,-036.834,-111.4511,
-046.383,124.8095,-036.824,-111.4294,
-046.244,126.1006,-036.827,-111.4342,
-046.135,127.1207,-036.825,-111.4624,
-046.076,128.1947,-036.834,-111.4691,
-046.005,129.8237,-036.851,-111.4738,
-045.957,131.2097,-036.835,-111.4590,
-045.978,132.4789,-036.860,-111.5063,
-046.006,134.6037,-036.829,-111.4797,
-046.080,136.3374,-036.843,-111.5056,
-046.175,137.9020,-036.865,-111.5519,
-046.313,140.3522,-036.835,-111.5212,
-046.400,142.2981,-036.836,-111.5286,
-046.543,144.1384,-036.844,-111.5291,
-046.762,146.7762,-036.830,-111.4909,
-046.914,148.7911,-036.836,-111.5322,
-047.128,151.1337,-036.820,-111.5071,
-047.411,154.1046,-036.816,-111.5175,
-047.681,156.3086,-036.783,-111.4777,
-048.051,159.9237,-036.762,-111.4312,
-048.422,163.2019,-036.779,-111.4467,
-048.768,165.8601,-036.774,-111.4021,
-049.255,170.1039,-036.777,-111.4073,
-049.780,174.0011,-036.801,-111.4335,
-050.271,177.6668,-036.815,-111.4099,
-050.963,-176.5829,-036.800,-111.4002,
-051.558,-172.0265,-036.843,-111.4273,
-052.109,-167.4090,-036.834,-111.4536,
-052.994,-159.9760,-036.821,-111.4380,
-053.655,-153.9352,-036.807,-111.4424,
-054.292,-147.2992,-036.837,-111.4590,
-055.182,-138.7901,-036.818,-111.4304,
-055.843,-131.5996,-036.823,-111.4351,
-056.661,-122.6418,-036.806,-111.4296,
-057.593,-111.3544,-036.802,-111.3694,
-058.231,-101.8324,-036.807,-111.3927,
-058.928,-089.2515,-036.793,-111.3765,
-059.469,-074.2977,-036.795,-111.4005,
-059.756,-062.1794,-036.799,-111.4132,
-059.700,-046.4839,-036.820,-111.4519,
-059.631,-031.1611,-036.816,-111.4477,
-059.228,-019.0434,-036.831,-111.4736,
-058.390,-004.1500,-036.825,-111.4626,
-057.658,006.8685,-036.792,-111.4041,
-056.981,015.4337,-036.779,-111.4395,
-056.100,026.3750,-036.756,-111.3705,
-055.456,034.1911,-036.759,-111.4060,
-054.911,041.4290,-036.751,-111.4014,
-054.221,050.6856,-036.712,-111.3806,
-053.725,057.5872,-036.729,-111.3805,
-053.218,064.3759,-036.738,-111.3940,
-052.615,072.1407,-036.762,-111.4001,
-052.195,077.8040,-036.761,-111.4013,
-051.744,083.9793,-036.781,-111.3719,
-051.330,090.2330,-036.804,-111.4029,
-051.081,094.9773,-036.809,-111.3921,
-050.780,100.7681,-036.829,-111.4253,
-050.521,106.7083,-036.817,-111.4288,
-050.352,111.0086,-036.790,-111.4163,
-050.181,117.0207,-036.777,-111.3941,
-050.048,122.5747,-036.773,-111.4195,
-049.989,126.8470,-036.773,-111.4186,
-049.954,133.1447,-036.725,-111.3480,
-049.979,137.9783,-036.754,-111.3751,
-050.040,142.4522,-036.731,-111.3559,
-050.214,148.9814,-036.720,-111.3511,
-050.389,153.9279,-036.728,-111.3356,
-050.596,158.5629,-036.759,-111.3617,
-050.958,165.3993,-036.750,-111.3387,
-051.327,170.7845,-036.757,-111.3131,
-051.735,176.7379,-036.776,-111.3432,
-052.270,-175.8598,-036.767,-111.3180,
-052.735,-170.0537,-036.772,-111.3429,
-053.284,-163.6129,-036.794,-111.3612,
-053.999,-155.3556,-036.788,-111.3480,
-054.571,-148.5519,-036.776,-111.3460,
-055.349,-140.1000,-036.742,-111.3320,
-056.196,-130.9556,-036.749,-111.3230,
-056.884,-122.3491,-036.765,-111.3356,
-057.902,-109.6779,-036.774,-111.3337,
-058.647,-096.5128,-036.735,-111.3206,
-059.204,-084.1797,-036.749,-111.3148,
-059.683,-065.9332,-036.776,-111.3562,
-059.666,-050.3514,-036.771,-111.3573,
-059.436,-036.8491,-036.800,-111.3779,
-059.017,-019.4138,-036.790,-111.3821,
-058.451,-007.4124,-036.786,-111.3755,
-057.867,003.4434,-036.795,-111.3770,
-057.005,016.8642,-036.797,-111.3832,
-056.324,025.6037,-036.731,-111.3393,
-055.633,033.6483,-036.755,-111.3726,
-054.884,043.1854,-036.754,-111.4053,
-054.334,049.4832,-036.716,-111.3733,
-053.717,056.3315,-036.707,-111.3705,
-053.068,063.5711,-036.741,-111.3906,
-052.644,068.5518,-036.718,-111.3572,
-052.169,074.5670,-036.731,-111.3802,
-051.727,081.2840,-036.750,-111.3622,
-051.500,085.7797,-036.776,-111.3986,
-051.170,091.8008,-036.798,-111.4038,
-050.975,097.5393,-036.814,-111.4207,
-050.882,102.2807,-036.820,-111.4160,
-050.766,108.7171,-036.817,-111.4343,
-050.656,113.6961,-036.806,-111.4433,
-050.605,117.8834,-036.809,-111.4645,
-050.562,124.6498,-036.784,-111.4416,
-050.595,130.0191,-036.790,-111.4559,
-050.576,134.7193,-036.807,-111.4893,
-050.593,140.5314,-036.795,-111.4810,
-050.633,144.8974,-036.799,-111.4561,
-050.670,149.7983,-036.788,-111.4427,
-050.780,155.5943,-036.761,-111.4062,
-050.819,159.8982,-036.769,-111.3968,
-050.921,164.8418,-036.775,-111.3762,
-051.040,170.0455,-036.809,-111.4040,
-051.152,174.3324,-036.834,-111.4207,
-051.262,179.2324,-036.819,-111.4254,
-051.434,-176.0790,-036.790,-111.3960,
-051.574,-172.2359,-036.835,-111.4643,
-051.769,-166.9958,-036.791,-111.3970,
-051.970,-162.6442,-036.792,-111.4106,
-052.145,-158.9806,-036.759,-111.4152,
-052.442,-154.3665,-036.762,-111.4158,
-052.697,-150.0017,-036.747,-111.4002,
-052.936,-146.1088,-036.755,-111.4107,
-053.309,-140.8213,-036.768,-111.4201,
-053.601,-136.9957,-036.742,-111.4226,
-053.943,-133.3825,-036.763,-111.3991,
-054.451,-128.5782,-036.778,-111.4089,
-054.840,-125.1539,-036.788,-111.4122,
-055.289,-121.4159,-036.798,-111.4189,
-055.876,-117.0733,-036.799,-111.4094,
-056.344,-113.6703,-036.827,-111.4564,
-057.056,-110.2886,-036.815,-111.4183,
-057.833,-106.8948,-036.856,-111.4384,
-058.445,-103.7863,-036.832,-111.3912,
-059.315,-100.4617,-036.805,-111.3651,
-060.286,-096.5944,-036.816,-111.3650,
-061.099,-093.4320,-036.801,-111.3444,
-062.246,-088.3932,-036.778,-111.3118,
-063.412,-083.3132,-036.769,-111.3051,
-064.514,-078.0556,-036.781,-111.3282,
-066.358,-068.8454,-036.787,-111.3500,
-067.725,-060.1846,-036.798,-111.3540,
-069.217,-051.9862,-036.829,-111.4049,
-072.390,-030.2306,-036.834,-111.4223,
-074.656,-002.7238,-036.844,-111.4183,
-075.010,023.8717,-036.833,-111.4177,
-073.294,058.8534,-036.854,-111.4625,
-071.351,074.5752,-036.857,-111.4530,
-069.250,087.7049,-036.870,-111.4762,
-067.194,096.6634,-036.869,-111.4819,
-066.035,101.5269,-036.865,-111.4807,
-064.825,105.4748,-036.874,-111.4800,
-063.494,109.3657,-036.867,-111.4884,
-062.513,111.6820,-036.834,-111.4737,
-061.661,114.1929,-036.826,-111.4781,
-060.929,116.0194,-036.851,-111.5096,
-060.504,116.9713,-036.838,-111.4720,
-059.980,118.1080,-036.838,-111.5086,
-059.424,119.0743,-036.855,-111.5218,
-058.996,119.5268,-036.856,-111.5195,
-058.484,119.8660,-036.870,-111.5427,
-058.098,119.8281,-036.884,-111.5496,
-057.705,119.3218,-036.914,-111.5614,
-057.155,119.0436,-036.912,-111.5854,
-056.811,118.8191,-036.906,-111.5737,
-056.510,118.0256,-036.873,-111.5522,
-056.126,117.1654,-036.868,-111.5209,
-055.862,115.9988,-036.859,-111.4971,
-055.660,114.3543,-036.862,-111.5073,
-055.351,112.3616,-036.875,-111.5127,
-055.039,111.0187,-036.868,-111.4956,
-054.782,109.2058,-036.871,-111.4879,
-054.395,107.4063,-036.882,-111.5103,
-054.190,105.5121,-036.887,-111.5238,
-053.928,103.5204,-036.901,-111.5312,
-053.450,101.9013,-036.915,-111.5416,
-053.051,100.7950,-036.898,-111.5416,
-052.793,098.5071,-036.897,-111.5384,
-052.487,096.7041,-036.915,-111.5393,
-052.254,095.3005,-036.905,-111.5167,
-051.977,093.3662,-036.896,-111.5209,
-051.737,091.6540,-036.885,-111.5343,
-051.572,089.7399,-036.868,-111.5023,
-051.415,087.3696,-036.885,-111.5134,
-051.105,086.2121,-036.873,-111.4984,
-050.931,084.4462,-036.849,-111.4682,
-050.731,082.3568,-036.853,-111.4732,
-050.613,080.8094,-036.875,-111.4904,
-050.501,079.2315,-036.860,-111.4699,
-050.428,077.3590,-036.867,-111.4866,
-050.383,075.4092,-036.886,-111.5123,
-050.398,073.1443,-036.876,-111.5008,
-050.414,070.5431,-036.888,-111.5096,
-050.482,068.2149,-036.875,-111.5272,
-050.536,065.4799,-036.888,-111.5660,
-050.637,062.3019,-036.877,-111.5397,
-050.748,060.0113,-036.872,-111.5675,
-050.903,056.4871,-036.871,-111.5696,
-051.158,052.9939,-036.868,-111.5373,
-051.340,050.5497,-036.857,-111.5499,
-051.630,046.6916,-036.849,-111.5289,
-051.916,043.8983,-036.832,-111.5042,
-052.183,041.3953,-036.830,-111.5380,
-052.685,036.8670,-036.829,-111.4992,
-053.116,033.5027,-036.831,-111.4777,
-053.629,029.5807,-036.881,-111.5394,
-054.331,024.7764,-036.887,-111.5263,
-054.925,019.6397,-036.895,-111.5337,
-055.621,014.4885,-036.910,-111.5497,
-056.451,007.7311,-036.929,-111.5524,
-057.195,000.7671,-036.907,-111.5523,
-058.068,-007.4872,-036.892,-111.5114,
-059.062,-016.4489,-036.893,-111.5422,
-059.864,-025.6178,-036.877,-111.5305,
-060.820,-038.3234,-036.860,-111.5075,
-061.645,-052.4202,-036.850,-111.5051,
-062.242,-066.4206,-036.845,-111.4647,
-062.364,-085.9791,-036.847,-111.4796,
-062.364,-103.6649,-036.829,-111.4644,
-061.698,-118.7410,-036.818,-111.4770,
-060.556,-137.2829,-036.831,-111.4865,
-059.520,-148.2501,-036.827,-111.4963,
-058.491,-156.8014,-036.821,-111.4719,
-057.084,-167.9831,-036.846,-111.5048,
-056.261,-174.3908,-036.807,-111.4760,
-055.496,179.1105,-036.814,-111.4989,
-054.571,171.6167,-036.824,-111.4862,
-054.018,165.4250,-036.830,-111.4869,
-053.368,159.7722,-036.839,-111.5130,
-052.715,152.9213,-036.837,-111.5418,
-052.377,147.4115,-036.842,-111.5637,
-051.909,141.3646,-036.817,-111.5753,
-051.408,135.4427,-036.807,-111.5615,
-051.045,130.7576,-036.818,-111.5740,
-050.715,124.4813,-036.797,-111.5495,
-050.353,118.4747,-036.818,-111.5587,
-050.111,114.7587,-036.827,-111.5423,
-049.867,108.5298,-036.827,-111.5305,
-049.661,102.7625,-036.832,-111.5080,
-049.506,098.5243,-036.807,-111.5035,
-049.305,092.6102,-036.821,-111.4848,
-049.186,088.3040,-036.842,-111.5164,
-049.136,083.5808,-036.812,-111.4737,
-049.078,078.1232,-036.815,-111.4925,
-049.026,073.6118,-036.812,-111.4798,
-049.054,069.6541,-036.803,-111.4665,
-049.185,064.2749,-036.777,-111.4543,
-049.341,060.5076,-036.775,-111.4532,
-049.512,056.2100,-036.745,-111.4329,
-049.806,051.4164,-036.749,-111.4254,
-050.080,047.5982,-036.763,-111.4432,
-050.409,042.8095,-036.773,-111.4256,
-050.886,037.5559,-036.810,-111.4859,
-051.292,033.4704,-036.795,-111.4455,
-051.916,028.6429,-036.813,-111.4654,
-052.682,023.8845,-036.829,-111.4810,
-053.364,019.8292,-036.829,-111.4498,
-054.389,014.8338,-036.810,-111.4161,
-055.499,010.0291,-036.809,-111.3779,
-056.544,006.2121,-036.822,-111.3906,
-058.324,000.8341,-036.780,-111.3725,
-060.164,-003.7415,-036.794,-111.3851,
-062.269,-006.8868,-036.806,-111.3718,
-066.891,-012.3816,-036.782,-111.3550,
-073.516,-016.0209,-036.785,-111.3503,
-088.872,151.8362,-036.817,-111.3778,
-068.468,153.7771,-036.811,-111.3836,
-064.072,151.0069,-036.797,-111.3889,
-060.902,147.7155,-036.793,-111.3974,
-058.241,142.9979,-036.812,-111.4504,
-056.708,139.3766,-036.788,-111.4132,
-055.323,135.1015,-036.778,-111.4070,
-054.103,129.7007,-036.764,-111.4452,
-053.276,125.6402,-036.762,-111.4303,
-052.385,121.1219,-036.783,-111.4306,
-051.530,116.6077,-036.779,-111.4297,
-050.989,113.0082,-036.776,-111.4099,
-050.356,107.9392,-036.793,-111.4388,
-049.818,103.6264,-036.768,-111.3914,
-049.456,100.4039,-036.763,-111.3771,
-049.008,095.0597,-036.782,-111.4191,
-048.683,091.1940,-036.759,-111.3853,
-048.413,087.6072,-036.753,-111.3884,
-048.079,082.5722,-036.780,-111.4036,
-047.896,078.7145,-036.771,-111.4091,
-047.707,074.7624,-036.759,-111.4115,
-047.494,069.6743,-036.795,-111.4683,
-047.354,065.9715,-036.784,-111.4658,
-047.222,062.2360,-036.808,-111.4684,
-047.112,057.9503,-036.791,-111.4743,
-047.068,054.8070,-036.822,-111.4974,
-046.992,050.7807,-036.799,-111.4771,
-046.939,046.6633,-036.754,-111.4394,
-046.924,043.5401,-036.757,-111.4410,
-046.916,039.7433,-036.751,-111.4267,
-046.902,035.5670,-036.764,-111.4562,
-046.911,032.6415,-036.755,-111.4276,
-047.014,028.4764,-036.763,-111.4449,
-047.119,024.6596,-036.755,-111.4168,
-047.212,021.6455,-036.761,-111.4480,
-047.399,017.3416,-036.765,-111.4220,
-047.549,013.8182,-036.798,-111.4647,
-047.672,010.7924,-036.813,-111.4545,
-047.873,006.8192,-036.814,-111.4752,
-048.090,003.6639,-036.835,-111.4814,
-048.328,000.8703,-036.837,-111.4496,
-048.629,-002.5376,-036.829,-111.4464,
-048.917,-005.2190,-036.839,-111.4788,
-049.188,-007.8295,-036.834,-111.4762,
-049.582,-010.8966,-036.842,-111.4868,
-049.913,-013.4901,-036.843,-111.4919,
-050.291,-015.9948,-036.828,-111.4931,
-050.765,-019.0181,-036.834,-111.4897,
-051.178,-021.3922,-036.848,-111.5131,
-051.758,-024.2525,-036.845,-111.5225,
-052.407,-027.1474,-036.840,-111.5384,
-052.966,-029.1904,-036.851,-111.5470,
-053.767,-031.5665,-036.840,-111.5193,
-054.586,-033.6230,-036.859,-111.5210,
-055.373,-035.2783,-036.868,-111.5349,
-056.549,-037.4235,-036.852,-111.5173,
-057.638,-038.5932,-036.848,-111.4899,
-058.767,-039.5743,-036.837,-111.4903,
-060.572,-039.9655,-036.836,-111.4731,
-062.177,-040.0606,-036.837,-111.4870,
-064.157,-039.5378,-036.844,-111.4855,
-067.383,-036.9706,-036.855,-111.4664,
-070.905,-032.4347,-036.862,-111.4734,
-079.311,-001.3939,-036.915,-111.5222,
DATA_END,
