FILENAME,E:\T_23\23_USP\ACQUIREDDATA\3AVVF07.MDB,
STEP,1,-90,-90,0,FORWARD,
SCAN,360,-179,180,1,FORWARD,
FREQ,SINGLE,1,7.5,
BEAM,1,
AXIS,0,
BINS,2,
SELECTED SCAN,ALL,
SELECTED FREQ,ALL,
SELECTED BEAM,ALL,
SELECTED BINS,ALL,
DATA_START,
-060.955,-000.9444,-039.024,-111.5792,
-060.867,-008.6517,-039.065,-111.6242,
-060.530,-015.2055,-039.044,-111.6010,
-060.086,-020.2567,-039.084,-111.6174,
-059.559,-024.5563,-039.102,-111.6406,
-059.024,-028.3329,-039.116,-111.6456,
-058.622,-031.1732,-039.093,-111.6325,
-058.213,-034.0336,-039.117,-111.6330,
-057.747,-036.7513,-039.126,-111.6379,
-057.332,-039.3836,-039.128,-111.6378,
-056.760,-041.8220,-039.118,-111.6382,
-056.061,-043.1554,-039.094,-111.6286,
-055.517,-043.4001,-039.097,-111.6155,
-054.802,-042.7749,-039.073,-111.6218,
-054.227,-041.1259,-039.049,-111.6177,
-053.870,-039.7527,-039.051,-111.6211,
-053.356,-036.8165,-039.037,-111.6145,
-052.988,-033.7703,-039.014,-111.5908,
-052.748,-031.6265,-039.041,-111.5838,
-052.387,-027.9497,-039.060,-111.5697,
-052.110,-025.0488,-039.057,-111.5823,
-051.890,-022.7572,-039.058,-111.5818,
-051.496,-018.8263,-039.043,-111.5610,
-051.154,-015.4860,-039.055,-111.5746,
-050.908,-013.0429,-039.056,-111.5752,
-050.566,-008.1261,-039.056,-111.5712,
-050.352,-004.2437,-039.055,-111.5682,
-050.226,-001.0154,-039.061,-111.5635,
-050.094,004.4507,-039.082,-111.5814,
-050.072,007.9941,-039.105,-111.5804,
-050.079,011.8022,-039.097,-111.6091,
-050.106,017.4899,-039.092,-111.6351,
-050.139,021.2771,-039.084,-111.6441,
-050.172,025.7985,-039.098,-111.6496,
-050.231,032.1309,-039.077,-111.6591,
-050.253,036.1810,-039.065,-111.6547,
-050.314,041.1238,-039.095,-111.6819,
-050.415,047.9554,-039.068,-111.6740,
-050.496,052.3540,-039.071,-111.6724,
-050.670,058.9394,-039.032,-111.6582,
-050.867,066.4836,-039.055,-111.6519,
-051.032,071.2491,-039.038,-111.6338,
-051.284,079.0613,-039.016,-111.5994,
-051.633,087.0490,-039.003,-111.5983,
-051.893,092.5941,-038.966,-111.5704,
-052.389,102.6070,-038.969,-111.5978,
-052.814,111.6690,-039.006,-111.6184,
-053.155,118.7881,-039.011,-111.6373,
-053.709,131.5254,-039.011,-111.6307,
-054.105,141.6067,-038.993,-111.6200,
-054.404,150.3888,-038.991,-111.5930,
-054.741,166.0307,-038.990,-111.5726,
-054.890,176.6323,-039.023,-111.5759,
-054.911,-171.9132,-039.066,-111.5971,
-054.758,-155.6840,-039.074,-111.6087,
-054.534,-144.8186,-039.051,-111.6070,
-054.181,-132.7207,-039.040,-111.6109,
-053.626,-118.1783,-039.006,-111.5854,
-053.232,-109.4913,-039.004,-111.5743,
-052.729,-099.4127,-038.987,-111.5594,
-052.110,-087.8235,-039.035,-111.5796,
-051.646,-079.9699,-039.022,-111.5795,
-051.085,-070.0678,-039.042,-111.6099,
-050.535,-060.4574,-039.018,-111.6045,
-050.166,-053.5955,-039.013,-111.6087,
-049.657,-044.0824,-039.028,-111.6383,
-049.247,-035.7932,-038.995,-111.6310,
-048.937,-029.2026,-039.010,-111.6335,
-048.489,-019.3640,-039.039,-111.6697,
-048.208,-012.3910,-039.011,-111.6559,
-047.976,-006.0996,-039.030,-111.6319,
-047.678,003.0397,-039.053,-111.6508,
-047.497,009.4531,-039.046,-111.6646,
-047.333,016.1470,-039.097,-111.7262,
-047.174,024.7257,-039.078,-111.7590,
-047.107,030.6863,-039.057,-111.7400,
-047.052,037.9526,-039.042,-111.7371,
-047.021,046.1219,-039.057,-111.7388,
-047.031,052.1378,-039.049,-111.7343,
-047.070,059.6794,-039.054,-111.7302,
-047.148,068.0552,-039.064,-111.7456,
-047.233,074.1029,-039.084,-111.7432,
-047.347,082.2319,-039.078,-111.7038,
-047.506,090.4380,-039.041,-111.6697,
-047.621,096.5419,-039.056,-111.6685,
-047.847,105.6576,-039.045,-111.7066,
-048.041,113.2861,-039.037,-111.7265,
-048.207,119.6412,-039.050,-111.7214,
-048.483,129.6275,-039.034,-111.7011,
-048.696,136.9313,-039.020,-111.7033,
-048.924,143.9148,-039.024,-111.7112,
-049.308,154.5821,-039.055,-111.7191,
-049.580,162.0118,-039.058,-111.6997,
-049.903,170.5770,-039.043,-111.6583,
-050.263,-178.6041,-039.070,-111.6544,
-050.488,-171.3372,-039.102,-111.6793,
-050.748,-162.5161,-039.095,-111.6876,
-051.016,-150.6215,-039.068,-111.6959,
-051.152,-142.5382,-039.105,-111.7138,
-051.243,-132.4526,-039.085,-111.7409,
-051.308,-120.6513,-039.113,-111.7370,
-051.308,-112.7151,-039.070,-111.7162,
-051.267,-102.1291,-039.089,-111.6909,
-051.183,-091.4926,-039.096,-111.6915,
-051.121,-085.0659,-039.111,-111.7071,
-051.033,-075.5802,-039.132,-111.6876,
-050.956,-067.3902,-039.114,-111.7157,
-050.885,-061.2409,-039.107,-111.7261,
-050.786,-052.1951,-039.100,-111.7278,
-050.715,-045.3450,-039.109,-111.7108,
-050.659,-039.9386,-039.095,-111.7006,
-050.593,-032.0005,-039.090,-111.6913,
-050.576,-026.7075,-039.102,-111.6834,
-050.565,-021.5416,-039.122,-111.6845,
-050.594,-015.2378,-039.158,-111.6845,
-050.639,-010.7907,-039.159,-111.6750,
-050.706,-005.5150,-039.171,-111.6767,
-050.822,000.2603,-039.172,-111.6640,
-050.913,004.3227,-039.156,-111.6477,
-051.064,009.2221,-039.193,-111.6803,
-051.217,014.8245,-039.181,-111.6791,
-051.362,018.8506,-039.197,-111.6948,
-051.538,023.9757,-039.198,-111.6909,
-051.730,028.4881,-039.199,-111.7012,
-051.876,032.2074,-039.165,-111.7039,
-052.136,037.0682,-039.191,-111.7161,
-052.375,041.0432,-039.171,-111.7080,
-052.602,044.4251,-039.155,-111.7059,
-052.886,049.3298,-039.159,-111.7017,
-053.107,052.7002,-039.135,-111.6992,
-053.302,055.7676,-039.153,-111.6818,
-053.585,059.9752,-039.144,-111.6610,
-053.830,063.2203,-039.144,-111.6690,
-054.059,066.2676,-039.133,-111.6607,
-054.361,069.6432,-039.139,-111.6530,
-054.573,071.4277,-039.138,-111.6388,
-054.841,072.9551,-039.136,-111.6402,
-055.199,074.6026,-039.148,-111.6354,
-055.464,075.6321,-039.164,-111.6328,
-055.826,076.7444,-039.165,-111.6390,
-056.225,078.3769,-039.190,-111.6436,
-056.470,079.6548,-039.192,-111.6639,
-056.820,081.5120,-039.205,-111.6556,
-057.018,082.8356,-039.212,-111.6726,
-057.129,083.7248,-039.243,-111.6780,
-057.294,084.1122,-039.191,-111.6611,
-057.387,084.4501,-039.189,-111.6364,
-057.530,084.2030,-039.160,-111.6342,
-057.765,083.4979,-039.152,-111.6109,
-057.990,082.1591,-039.125,-111.6218,
-058.431,081.8262,-039.136,-111.6179,
-059.134,081.8141,-039.121,-111.6086,
-059.608,081.7813,-039.116,-111.6060,
-060.023,081.5476,-039.124,-111.6280,
-060.546,081.1173,-039.120,-111.6171,
-060.528,080.4148,-039.094,-111.6007,
-060.684,080.3240,-039.097,-111.6048,
-061.389,079.9854,-039.136,-111.6076,
-061.755,079.3335,-039.119,-111.6164,
-062.395,078.0879,-039.148,-111.5967,
-063.080,078.2374,-039.170,-111.6126,
-063.230,078.6336,-039.171,-111.6246,
-063.320,079.7577,-039.185,-111.6324,
-063.815,080.5333,-039.182,-111.6416,
-063.926,080.8517,-039.189,-111.6434,
-064.279,082.5252,-039.173,-111.6356,
-064.308,083.0078,-039.196,-111.6506,
-064.173,083.3417,-039.170,-111.6486,
-064.326,084.7696,-039.124,-111.6058,
-064.441,086.1592,-039.123,-111.6141,
-064.497,088.0920,-039.118,-111.6195,
-064.444,091.7079,-039.081,-111.5963,
-064.217,093.9829,-039.100,-111.6027,
-063.888,096.5593,-039.109,-111.6242,
-063.230,099.0046,-039.083,-111.5896,
-062.668,099.4549,-039.100,-111.6018,
-062.041,098.6457,-039.072,-111.5782,
-061.414,096.8598,-039.076,-111.5816,
-061.126,094.9117,-039.057,-111.5859,
-060.801,091.2703,-039.064,-111.5771,
-060.662,086.2486,-039.072,-111.5773,
-060.624,082.1827,-039.049,-111.5593,
-060.555,076.8145,-039.055,-111.5800,
-060.552,070.8524,-039.062,-111.5874,
-060.518,067.1233,-039.067,-111.5820,
-060.395,061.7733,-039.068,-111.5973,
-060.163,057.0869,-039.085,-111.6048,
-059.918,053.8815,-039.086,-111.6197,
-059.357,048.2624,-039.086,-111.6067,
-058.892,043.2290,-039.106,-111.6325,
-058.405,038.7271,-039.125,-111.6377,
-057.814,031.7555,-039.112,-111.6525,
-057.456,025.9645,-039.106,-111.6403,
-057.231,020.6290,-039.088,-111.6386,
-057.095,013.2869,-039.091,-111.6301,
-057.124,007.5868,-039.068,-111.6212,
-057.201,001.7960,-039.079,-111.6059,
-057.276,-005.3013,-039.040,-111.6074,
-057.304,-010.0248,-039.051,-111.6197,
-057.202,-014.9419,-039.079,-111.6262,
-056.904,-020.4130,-039.066,-111.6335,
-056.642,-024.2360,-039.048,-111.6273,
-056.213,-029.5795,-039.037,-111.6223,
-055.783,-035.2978,-039.055,-111.6585,
-055.507,-039.4318,-039.064,-111.6718,
-055.126,-045.5304,-039.066,-111.6611,
-054.903,-051.2165,-039.091,-111.6801,
-054.734,-056.0904,-039.103,-111.6733,
-054.576,-062.9197,-039.100,-111.6548,
-054.488,-067.9236,-039.101,-111.6678,
-054.448,-072.5417,-039.100,-111.6548,
-054.390,-078.8594,-039.082,-111.6451,
-054.366,-083.6095,-039.118,-111.6502,
-054.308,-088.6790,-039.126,-111.6555,
-054.204,-095.1163,-039.085,-111.6267,
-054.089,-099.8462,-039.080,-111.6440,
-053.953,-105.8438,-039.097,-111.6544,
-053.759,-113.1754,-039.094,-111.6771,
-053.610,-118.5151,-039.096,-111.6649,
-053.436,-125.5006,-039.044,-111.6560,
-053.262,-133.8305,-039.066,-111.6841,
-053.157,-139.2712,-039.073,-111.6933,
-052.985,-147.0943,-039.072,-111.6576,
-052.783,-155.2497,-039.051,-111.6463,
-052.680,-160.6948,-039.043,-111.6278,
-052.560,-169.0853,-039.063,-111.6372,
-052.458,-176.0605,-039.072,-111.6257,
-052.405,178.5995,-039.068,-111.6387,
-052.342,169.2429,-039.093,-111.6609,
-052.307,162.5134,-039.071,-111.6558,
-052.249,156.3846,-039.092,-111.6949,
-052.159,146.6410,-039.086,-111.7112,
-052.066,139.6822,-039.107,-111.7284,
-051.955,132.4915,-039.116,-111.7476,
-051.790,122.4997,-039.102,-111.7458,
-051.652,115.4223,-039.141,-111.7518,
-051.538,107.2714,-039.142,-111.7097,
-051.400,096.7847,-039.163,-111.6991,
-051.321,089.3828,-039.143,-111.6904,
-051.229,080.6214,-039.110,-111.6746,
-051.143,070.4910,-039.126,-111.7032,
-051.083,063.1767,-039.105,-111.7021,
-051.043,053.4769,-039.113,-111.7281,
-051.033,043.8294,-039.091,-111.7198,
-051.041,036.5100,-039.123,-111.7340,
-051.040,025.5524,-039.127,-111.7227,
-050.984,016.0631,-039.096,-111.6727,
-050.927,008.0372,-039.098,-111.6715,
-050.796,-003.5930,-039.117,-111.6772,
-050.722,-012.1539,-039.123,-111.6975,
-050.635,-020.5033,-039.094,-111.6970,
-050.511,-032.3655,-039.117,-111.7430,
-050.436,-040.8804,-039.115,-111.7492,
-050.342,-050.4867,-039.134,-111.7390,
-050.229,-061.8817,-039.170,-111.7343,
-050.124,-070.0514,-039.171,-111.7260,
-049.989,-079.8440,-039.174,-111.6854,
-049.819,-091.2379,-039.201,-111.6746,
-049.681,-099.2795,-039.199,-111.6971,
-049.512,-109.5982,-039.171,-111.7083,
-049.328,-119.9708,-039.186,-111.7298,
-049.205,-127.5605,-039.189,-111.7346,
-049.015,-138.2388,-039.136,-111.6843,
-048.848,-148.2100,-039.125,-111.6909,
-048.711,-155.3089,-039.130,-111.6603,
-048.532,-165.4714,-039.132,-111.6667,
-048.378,-174.5130,-039.145,-111.6492,
-048.245,178.4635,-039.177,-111.6413,
-048.065,168.2139,-039.137,-111.6572,
-047.923,160.4768,-039.129,-111.6816,
-047.818,153.0142,-039.138,-111.6976,
-047.666,143.0073,-039.143,-111.6941,
-047.575,135.8791,-039.118,-111.6568,
-047.504,128.4325,-039.098,-111.6651,
-047.441,119.0682,-039.120,-111.6877,
-047.420,112.3824,-039.110,-111.6636,
-047.382,104.4951,-039.152,-111.6721,
-047.359,095.0960,-039.167,-111.6650,
-047.377,088.9933,-039.164,-111.6519,
-047.418,081.6482,-039.170,-111.6755,
-047.493,072.9518,-039.200,-111.6955,
-047.588,066.9540,-039.192,-111.7009,
-047.740,058.7870,-039.169,-111.7094,
-047.939,050.4523,-039.147,-111.7002,
-048.063,044.6909,-039.158,-111.6923,
-048.284,036.2565,-039.158,-111.6819,
-048.498,028.6806,-039.136,-111.6912,
-048.671,022.9481,-039.130,-111.6690,
-048.964,014.3580,-039.143,-111.6640,
-049.223,007.9901,-039.108,-111.6371,
-049.493,001.9813,-039.155,-111.6260,
-049.969,-006.6934,-039.135,-111.6515,
-050.324,-013.2924,-039.121,-111.6253,
-050.728,-020.5121,-039.109,-111.6231,
-051.263,-029.6217,-039.128,-111.6456,
-051.640,-035.9087,-039.092,-111.6437,
-052.136,-043.9463,-039.114,-111.6360,
-052.831,-054.0275,-039.125,-111.6484,
-053.366,-061.3582,-039.125,-111.6493,
-054.139,-071.5961,-039.133,-111.6295,
-055.039,-083.7580,-039.143,-111.6228,
-055.594,-093.2323,-039.136,-111.6368,
-056.245,-107.6737,-039.135,-111.6329,
-056.620,-123.4481,-039.144,-111.6308,
-056.663,-134.9885,-039.143,-111.6426,
-056.404,-151.9204,-039.142,-111.6410,
-056.061,-164.4290,-039.135,-111.6297,
-055.673,-173.7321,-039.117,-111.6133,
-055.098,173.3802,-039.123,-111.5962,
-054.654,164.6661,-039.106,-111.6071,
-054.186,156.8628,-039.094,-111.6099,
-053.481,146.6158,-039.082,-111.6295,
-052.992,140.3098,-039.071,-111.6384,
-052.490,134.7213,-039.070,-111.6685,
-051.964,128.7467,-039.062,-111.6388,
-051.659,124.9098,-039.054,-111.6306,
-051.401,120.1925,-039.066,-111.6358,
-051.124,115.1181,-039.075,-111.6516,
-050.992,111.5071,-039.075,-111.6384,
-050.848,107.3084,-039.028,-111.6143,
-050.669,102.0205,-039.071,-111.6295,
-050.538,098.7020,-039.078,-111.6180,
-050.365,094.5503,-039.069,-111.6127,
-050.202,090.4759,-039.088,-111.6155,
-050.116,088.0775,-039.046,-111.6016,
-050.061,085.0744,-039.057,-111.6064,
-050.049,082.1031,-039.040,-111.6177,
-050.082,079.9143,-039.052,-111.6235,
-050.152,076.5374,-039.072,-111.6168,
-050.242,073.9898,-039.073,-111.6450,
-050.337,071.9247,-039.059,-111.6330,
-050.488,068.9345,-039.057,-111.6339,
-050.573,066.5413,-039.023,-111.6382,
-050.658,064.0716,-039.018,-111.6190,
-050.795,061.6871,-038.993,-111.6071,
-050.940,059.5786,-039.016,-111.6367,
-051.092,057.4315,-039.009,-111.6167,
-051.368,055.0003,-039.014,-111.6146,
-051.583,053.1120,-039.009,-111.6548,
-051.843,050.8116,-039.021,-111.6416,
-052.143,048.2033,-039.030,-111.6340,
-052.340,046.3798,-039.048,-111.6514,
-052.643,044.1894,-039.086,-111.6726,
-052.961,042.4833,-039.090,-111.6824,
-053.227,041.3904,-039.069,-111.6790,
-053.652,039.7628,-039.070,-111.6674,
-054.083,038.1972,-039.077,-111.6614,
-054.445,037.1178,-039.097,-111.6631,
-055.006,034.9865,-039.101,-111.6763,
-055.479,033.3760,-039.111,-111.6755,
-055.877,031.7003,-039.126,-111.6899,
-056.456,029.0166,-039.128,-111.7034,
-056.896,027.6025,-039.127,-111.7005,
-057.338,026.2750,-039.124,-111.6856,
-057.956,024.6698,-039.127,-111.6626,
-058.475,023.6697,-039.086,-111.6560,
-059.163,021.1782,-039.076,-111.6728,
-059.921,016.8735,-039.020,-111.6147,
-060.349,012.6070,-039.026,-111.6307,
-060.847,005.5565,-039.001,-111.6235,
DATA_END,
