FILENAME,E:\T_23\23_USP\ACQUIREDDATA\4AHHF063.MDB,
STEP,1,-90,-90,0,FORWARD,
SCAN,360,-179,180,1,FORWARD,
FREQ,SINGLE,1,6.3,
BEAM,1,
AXIS,0,
BINS,2,
SELECTED SCAN,ALL,
SELECTED FREQ,ALL,
SELECTED BEAM,ALL,
SELECTED BINS,ALL,
DATA_START,
-064.261,-157.2943,-040.691,-114.6807,
-064.410,-156.0909,-040.721,-114.6982,
-064.616,-154.2132,-040.686,-114.7004,
-064.841,-152.6856,-040.704,-114.7072,
-065.103,-150.4255,-040.715,-114.7047,
-065.476,-148.4597,-040.725,-114.7232,
-065.764,-146.7982,-040.756,-114.7114,
-066.247,-145.8598,-040.738,-114.7210,
-066.748,-145.5776,-040.729,-114.7336,
-067.093,-145.6664,-040.737,-114.7267,
-067.519,-147.4771,-040.780,-114.7436,
-067.804,-149.9182,-040.747,-114.7358,
-068.024,-152.1500,-040.752,-114.7281,
-068.075,-156.5969,-040.781,-114.7273,
-067.963,-160.5457,-040.790,-114.7468,
-067.782,-163.2798,-040.768,-114.7394,
-067.302,-167.2147,-040.768,-114.7480,
-066.927,-169.7131,-040.776,-114.7304,
-066.655,-170.0975,-040.766,-114.7366,
-066.179,-170.9533,-040.784,-114.7327,
-065.924,-172.0749,-040.762,-114.7266,
-065.634,-172.9892,-040.798,-114.7412,
-065.176,-174.2372,-040.768,-114.7261,
-064.796,-175.0556,-040.793,-114.7524,
-064.493,-175.1627,-040.791,-114.7467,
-063.935,-175.0636,-040.813,-114.7663,
-063.562,-173.7387,-040.815,-114.7510,
-063.245,-172.8553,-040.751,-114.7336,
-062.776,-169.1493,-040.802,-114.7624,
-062.536,-166.1207,-040.780,-114.7415,
-062.303,-163.3666,-040.793,-114.7362,
-061.948,-158.3317,-040.761,-114.7269,
-061.731,-154.8817,-040.765,-114.7153,
-061.567,-151.6704,-040.724,-114.7094,
-061.259,-147.1315,-040.737,-114.7128,
-061.059,-143.9831,-040.766,-114.7257,
-060.816,-141.2034,-040.790,-114.7221,
-060.559,-135.6091,-040.724,-114.6968,
-060.423,-132.2304,-040.746,-114.6901,
-060.304,-127.9144,-040.724,-114.7055,
-060.158,-122.7906,-040.721,-114.6874,
-060.025,-119.1630,-040.694,-114.6860,
-059.910,-113.9787,-040.722,-114.6940,
-059.699,-108.7534,-040.718,-114.6948,
-059.555,-105.3017,-040.721,-114.7001,
-059.375,-100.8067,-040.729,-114.7083,
-059.224,-096.0116,-040.731,-114.7119,
-059.119,-092.7060,-040.737,-114.7086,
-059.031,-087.1967,-040.799,-114.7295,
-059.014,-083.3870,-040.748,-114.7043,
-059.082,-079.8711,-040.753,-114.7172,
-059.252,-074.4695,-040.800,-114.7274,
-059.420,-070.6543,-040.755,-114.7235,
-059.635,-066.1811,-040.758,-114.7235,
-059.875,-060.8063,-040.808,-114.7290,
-060.094,-057.3374,-040.759,-114.7120,
-060.345,-052.5470,-040.740,-114.7081,
-060.720,-047.2398,-040.736,-114.7162,
-061.000,-043.5326,-040.736,-114.6982,
-061.392,-038.5117,-040.752,-114.7009,
-061.892,-032.3628,-040.782,-114.7124,
-062.290,-028.3346,-040.758,-114.7061,
-062.805,-022.0188,-040.733,-114.6903,
-063.311,-015.9173,-040.709,-114.6895,
-063.664,-012.2249,-040.736,-114.7175,
-064.345,-006.4006,-040.762,-114.7154,
-065.020,-001.5994,-040.720,-114.7063,
-065.638,001.6540,-040.722,-114.7086,
-066.671,006.9305,-040.742,-114.7075,
-067.706,010.6491,-040.716,-114.6880,
-068.747,014.7205,-040.741,-114.7045,
-070.488,017.6903,-040.751,-114.7177,
-071.952,019.1292,-040.725,-114.6974,
-074.044,016.7196,-040.711,-114.6911,
-077.179,004.4297,-040.740,-114.7181,
-079.319,-012.2632,-040.735,-114.6991,
-079.448,-046.8996,-040.700,-114.6933,
-076.469,-069.3518,-040.736,-114.7102,
-074.129,-078.9757,-040.749,-114.7394,
-071.823,-083.7614,-040.767,-114.7316,
-069.870,-084.7933,-040.750,-114.7358,
-068.540,-084.4343,-040.762,-114.7400,
-067.218,-082.9149,-040.747,-114.7406,
-066.201,-081.2575,-040.722,-114.7140,
-065.634,-079.9470,-040.755,-114.7348,
-064.932,-076.2853,-040.700,-114.7205,
-064.410,-073.2221,-040.734,-114.7193,
-064.129,-070.6634,-040.776,-114.7331,
-063.625,-064.9165,-040.765,-114.7340,
-063.395,-061.3055,-040.820,-114.7493,
-063.267,-058.1072,-040.800,-114.7408,
-063.019,-052.8072,-040.863,-114.7653,
-063.016,-048.5615,-040.826,-114.7621,
-062.997,-044.0997,-040.868,-114.7871,
-062.891,-039.0712,-040.881,-114.7697,
-062.863,-036.1771,-040.825,-114.7489,
-063.054,-031.8801,-040.894,-114.7690,
-063.175,-025.0153,-040.884,-114.7595,
-063.251,-021.5967,-040.924,-114.7756,
-063.451,-016.8631,-040.885,-114.7559,
-063.780,-010.0193,-040.855,-114.7500,
-063.981,-005.4808,-040.894,-114.7657,
-064.240,000.3666,-040.860,-114.7779,
-064.596,006.4495,-040.856,-114.7727,
-064.758,009.0982,-040.841,-114.7719,
-065.070,013.7252,-040.841,-114.7853,
-065.490,017.4660,-040.828,-114.7778,
-065.935,020.4494,-040.841,-114.7678,
-066.871,025.3312,-040.814,-114.7701,
-067.561,029.9946,-040.816,-114.7662,
-068.271,034.0880,-040.832,-114.7616,
-069.396,040.8952,-040.843,-114.7836,
-070.325,043.8356,-040.821,-114.7585,
-071.278,048.8291,-040.799,-114.7463,
-072.686,056.7083,-040.829,-114.7609,
-073.706,056.0699,-040.838,-114.7791,
-075.340,057.8216,-040.843,-114.7761,
-078.329,059.8201,-040.832,-114.7549,
-080.374,057.2085,-040.855,-114.7736,
-083.601,036.1691,-040.810,-114.7534,
-086.963,-011.3789,-040.819,-114.7475,
-085.398,-055.3721,-040.826,-114.7386,
-079.453,-066.0260,-040.838,-114.7321,
-075.034,-070.9211,-040.847,-114.7585,
-072.754,-074.6923,-040.831,-114.7476,
-070.509,-072.7228,-040.858,-114.7657,
-069.187,-071.5868,-040.814,-114.7505,
-067.836,-071.0756,-040.837,-114.7485,
-066.599,-069.0744,-040.821,-114.7552,
-065.869,-068.8827,-040.797,-114.7353,
-065.377,-066.6007,-040.825,-114.7314,
-064.771,-066.7174,-040.811,-114.7358,
-064.232,-067.1379,-040.823,-114.7331,
-064.052,-064.9121,-040.839,-114.7318,
-063.534,-063.6953,-040.826,-114.7399,
-063.443,-062.1816,-040.828,-114.7363,
-062.917,-060.2634,-040.817,-114.7257,
-062.362,-058.2369,-040.835,-114.7321,
-062.082,-057.6811,-040.807,-114.7286,
-061.638,-056.8461,-040.809,-114.7234,
-061.585,-056.4191,-040.804,-114.7339,
-061.215,-055.6165,-040.806,-114.7355,
-061.224,-054.5179,-040.809,-114.7443,
-061.129,-053.0344,-040.805,-114.7403,
-061.135,-051.4584,-040.803,-114.7415,
-061.017,-049.2946,-040.801,-114.7379,
-060.928,-046.6783,-040.763,-114.7398,
-060.847,-045.4672,-040.785,-114.7392,
-060.668,-043.2317,-040.774,-114.7476,
-060.647,-041.6969,-040.710,-114.7151,
-060.609,-040.9366,-040.718,-114.7193,
-060.676,-039.2412,-040.727,-114.7234,
-060.731,-038.0495,-040.719,-114.7192,
-060.877,-037.0630,-040.705,-114.7209,
-061.026,-034.9128,-040.692,-114.6991,
-061.027,-033.8569,-040.740,-114.7188,
-061.083,-032.3010,-040.728,-114.7146,
-061.080,-030.0112,-040.735,-114.7224,
-061.028,-028.6655,-040.738,-114.7179,
-060.957,-026.1899,-040.769,-114.7252,
-060.905,-024.6664,-040.776,-114.7331,
-060.791,-023.0387,-040.756,-114.7234,
-060.414,-021.9999,-040.758,-114.7189,
-060.208,-021.2719,-040.787,-114.7414,
-059.979,-020.6583,-040.738,-114.7085,
-059.660,-021.1051,-040.726,-114.6992,
-059.442,-021.1333,-040.686,-114.6996,
-059.321,-021.1904,-040.731,-114.7000,
-059.196,-022.2094,-040.712,-114.7107,
-059.138,-022.6001,-040.704,-114.7031,
-059.127,-023.7896,-040.695,-114.7130,
-059.152,-025.3086,-040.668,-114.6970,
-059.240,-026.2474,-040.719,-114.7079,
-059.328,-027.5596,-040.701,-114.7230,
-059.519,-028.6196,-040.648,-114.7104,
-059.631,-029.2932,-040.700,-114.7099,
-059.755,-029.7776,-040.689,-114.7117,
-059.908,-030.5827,-040.696,-114.7314,
-059.969,-031.2783,-040.685,-114.7012,
-060.014,-032.4595,-040.639,-114.7123,
-060.059,-033.5637,-040.693,-114.7228,
-060.055,-034.8655,-040.668,-114.7241,
-060.161,-037.0397,-040.704,-114.7211,
-060.290,-039.4737,-040.706,-114.7312,
-060.378,-041.2431,-040.686,-114.7361,
-060.601,-043.9829,-040.697,-114.7490,
-060.809,-046.5522,-040.705,-114.7448,
-060.979,-048.3412,-040.731,-114.7552,
-061.274,-051.3933,-040.705,-114.7586,
-061.456,-053.2900,-040.700,-114.7604,
-061.675,-054.6076,-040.724,-114.7579,
-061.972,-057.0659,-040.712,-114.7664,
-062.136,-058.8481,-040.725,-114.7704,
-062.370,-060.2109,-040.705,-114.7645,
-062.625,-062.5847,-040.731,-114.7718,
-062.804,-064.5297,-040.749,-114.7675,
-062.991,-067.6928,-040.769,-114.7773,
-063.220,-070.5365,-040.758,-114.7750,
-063.325,-073.3837,-040.746,-114.7647,
-063.625,-077.0992,-040.790,-114.7762,
-063.895,-081.0695,-040.781,-114.7714,
-064.202,-084.0415,-040.786,-114.7570,
-064.580,-088.0033,-040.794,-114.7695,
-064.988,-091.2896,-040.752,-114.7642,
-065.325,-093.6184,-040.759,-114.7747,
-066.033,-097.6371,-040.781,-114.7680,
-066.534,-100.3130,-040.737,-114.7660,
-066.813,-101.9080,-040.745,-114.7629,
-067.626,-105.6004,-040.724,-114.7420,
-068.138,-107.8810,-040.738,-114.7496,
-068.646,-110.2097,-040.706,-114.7457,
-069.596,-114.9409,-040.725,-114.7584,
-070.325,-118.4369,-040.746,-114.7681,
-071.241,-122.4801,-040.733,-114.7622,
-072.579,-126.0390,-040.734,-114.7805,
-074.106,-131.7684,-040.727,-114.7599,
-075.428,-136.0361,-040.706,-114.7750,
-077.082,-132.9665,-040.717,-114.7800,
-078.204,-131.2747,-040.758,-114.7750,
-080.000,-130.6082,-040.700,-114.7709,
-081.602,-131.0840,-040.742,-114.7755,
-083.365,-132.8684,-040.733,-114.7674,
-087.742,-130.9299,-040.741,-114.7776,
-095.031,-135.2545,-040.711,-114.7680,
-118.209,146.8281,-040.711,-114.7660,
-094.912,015.9932,-040.741,-114.7703,
-088.114,026.2966,-040.737,-114.7631,
-086.524,026.6510,-040.729,-114.7616,
-083.306,023.0035,-040.781,-114.7782,
-081.750,018.3557,-040.764,-114.7776,
-080.644,013.9509,-040.746,-114.7800,
-079.650,009.1408,-040.779,-114.7759,
-078.733,008.1358,-040.785,-114.7808,
-077.693,006.2749,-040.755,-114.7769,
-076.694,-000.6945,-040.744,-114.7759,
-076.084,-006.1036,-040.783,-114.7817,
-075.834,-009.8643,-040.765,-114.7668,
-075.506,-017.9043,-040.777,-114.7803,
-075.153,-026.1422,-040.749,-114.7660,
-074.548,-032.4313,-040.780,-114.7737,
-074.146,-040.2296,-040.755,-114.7669,
-073.673,-047.3201,-040.757,-114.7598,
-073.131,-055.4739,-040.760,-114.7684,
-072.595,-063.4260,-040.762,-114.7700,
-072.072,-069.2157,-040.759,-114.7486,
-071.203,-076.2443,-040.772,-114.7740,
-070.946,-082.2428,-040.812,-114.7846,
-070.728,-087.0161,-040.785,-114.7940,
-070.495,-094.3931,-040.802,-114.7898,
-070.547,-101.9723,-040.817,-114.8070,
-070.421,-110.7700,-040.805,-114.8001,
-070.438,-120.6051,-040.807,-114.7950,
-070.408,-126.4123,-040.803,-114.8030,
-070.431,-133.5213,-040.792,-114.8040,
-070.292,-142.6808,-040.852,-114.8256,
-070.145,-149.0268,-040.805,-114.8120,
-070.542,-154.2099,-040.770,-114.7932,
-070.594,-161.9198,-040.772,-114.7914,
-070.657,-167.8231,-040.798,-114.8014,
-070.884,-175.3540,-040.777,-114.7984,
-071.042,177.8898,-040.774,-114.7917,
-071.015,172.5009,-040.735,-114.7789,
-070.941,165.4223,-040.801,-114.7902,
-071.396,157.2960,-040.777,-114.7904,
-071.630,149.7966,-040.704,-114.7595,
-072.256,140.5335,-040.754,-114.7890,
-072.420,133.6769,-040.771,-114.7962,
-072.782,127.1559,-040.774,-114.7950,
-073.317,119.8596,-040.737,-114.7818,
-073.565,110.5713,-040.762,-114.7914,
-074.132,104.5399,-040.764,-114.7917,
-074.742,094.1223,-040.744,-114.7777,
-075.612,088.6042,-040.717,-114.7721,
-076.712,081.1761,-040.745,-114.7868,
-079.087,070.5403,-040.784,-114.8090,
-082.535,062.8407,-040.776,-114.7899,
-089.641,039.9501,-040.810,-114.8117,
-090.535,-106.8551,-040.796,-114.8172,
-083.524,-110.1603,-040.803,-114.8012,
-078.776,-111.7289,-040.793,-114.7984,
-075.048,-116.3653,-040.749,-114.7986,
-072.979,-115.2012,-040.756,-114.7979,
-070.593,-121.0607,-040.736,-114.7807,
-068.814,-126.0672,-040.738,-114.7869,
-067.764,-129.0910,-040.732,-114.7788,
-066.253,-132.5389,-040.735,-114.8029,
-065.243,-137.3157,-040.758,-114.7897,
-064.390,-139.8717,-040.766,-114.8079,
-063.383,-144.4713,-040.748,-114.8048,
-062.682,-148.2411,-040.739,-114.7934,
-062.145,-151.7856,-040.754,-114.7991,
-061.351,-156.3804,-040.752,-114.8034,
-060.886,-159.7228,-040.757,-114.7938,
-060.373,-163.5299,-040.756,-114.7920,
-059.800,-168.0448,-040.764,-114.7870,
-059.417,-171.5457,-040.753,-114.8020,
-059.069,-174.6506,-040.756,-114.8107,
-058.696,-178.1862,-040.755,-114.8075,
-058.362,178.8369,-040.750,-114.7959,
-058.083,175.9822,-040.718,-114.7931,
-057.860,172.7376,-040.741,-114.7856,
-057.647,170.0581,-040.736,-114.7927,
-057.532,167.0778,-040.748,-114.7935,
-057.554,164.5067,-040.721,-114.7804,
-057.767,164.4290,-040.740,-114.8019,
-057.710,160.7949,-040.736,-114.8174,
-057.512,155.8694,-040.739,-114.8160,
-057.517,153.9617,-040.752,-114.8294,
-057.762,152.6618,-040.730,-114.8238,
-057.462,148.7868,-040.685,-114.8045,
-057.651,148.1750,-040.666,-114.7971,
-057.514,144.9777,-040.689,-114.8043,
-057.592,143.5975,-040.705,-114.8255,
-057.674,142.2704,-040.686,-114.7923,
-057.812,140.7423,-040.695,-114.7959,
-057.893,139.8669,-040.664,-114.7889,
-058.061,139.1517,-040.684,-114.7967,
-058.295,138.9083,-040.670,-114.7955,
-058.519,138.8872,-040.667,-114.8034,
-058.795,138.8654,-040.690,-114.7876,
-059.197,138.8746,-040.710,-114.7980,
-059.620,138.0758,-040.656,-114.7761,
-060.033,137.8520,-040.661,-114.7888,
-060.435,137.9986,-040.676,-114.7791,
-060.629,138.1183,-040.729,-114.8175,
-060.915,138.5681,-040.721,-114.8058,
-061.058,139.4533,-040.677,-114.7829,
-061.191,140.5538,-040.732,-114.8048,
-061.403,141.8078,-040.673,-114.7837,
-061.639,142.6797,-040.677,-114.7850,
-061.742,144.3168,-040.701,-114.7840,
-061.669,147.0024,-040.667,-114.7995,
-061.712,148.5642,-040.683,-114.7849,
-061.760,150.5310,-040.660,-114.7667,
-061.848,152.3777,-040.705,-114.7786,
-061.841,154.0967,-040.683,-114.7791,
-061.839,155.8422,-040.681,-114.7742,
-061.823,157.9338,-040.699,-114.7871,
-061.798,159.3560,-040.681,-114.7940,
-061.743,160.9618,-040.701,-114.7893,
-061.699,163.1096,-040.711,-114.8072,
-061.700,164.0540,-040.742,-114.8154,
-061.703,165.9199,-040.712,-114.8083,
-061.741,167.8558,-040.706,-114.7969,
-061.785,169.7556,-040.685,-114.8137,
-061.833,172.0079,-040.730,-114.8059,
-061.856,174.3647,-040.729,-114.8155,
-061.907,176.2801,-040.710,-114.8146,
-061.994,179.6705,-040.700,-114.8192,
-062.289,-177.2350,-040.728,-114.8135,
-062.153,-175.8070,-040.726,-114.8306,
-062.183,-172.7320,-040.719,-114.8161,
-062.347,-170.9899,-040.726,-114.8260,
-062.425,-169.3928,-040.711,-114.8170,
-062.717,-167.1830,-040.676,-114.8057,
-063.013,-165.7065,-040.673,-114.7830,
-063.127,-165.5934,-040.690,-114.8007,
-063.463,-164.8667,-040.699,-114.7863,
-063.587,-164.5202,-040.723,-114.8026,
-063.786,-163.1239,-040.696,-114.8141,
DATA_END,
