FILENAME,E:\T_23\23_USP\ACQUIREDDATA\4AHHF03.MDB,
STEP,1,-90,-90,0,FORWARD,
SCAN,360,-179,180,1,FORWARD,
FREQ,SINGLE,1,3,
BEAM,1,
AXIS,0,
BINS,2,
SELECTED SCAN,ALL,
SELECTED FREQ,ALL,
SELECTED BEAM,ALL,
SELECTED BINS,ALL,
DATA_START,
-054.651,-034.1342,-039.418,-024.4038,
-054.590,-033.4421,-039.373,-024.3967,
-054.568,-032.8625,-039.400,-024.4231,
-054.531,-032.2204,-039.385,-024.4053,
-054.495,-031.5809,-039.438,-024.4344,
-054.496,-030.7636,-039.470,-024.4726,
-054.479,-030.2827,-039.472,-024.4526,
-054.491,-029.5342,-039.477,-024.4662,
-054.490,-028.9388,-039.478,-024.4809,
-054.476,-028.2399,-039.470,-024.4692,
-054.534,-027.4483,-039.498,-024.4957,
-054.568,-026.6590,-039.482,-024.4730,
-054.587,-026.1072,-039.501,-024.4777,
-054.672,-025.4030,-039.491,-024.4721,
-054.736,-024.5609,-039.529,-024.4790,
-054.790,-023.9853,-039.518,-024.4955,
-054.868,-023.0768,-039.567,-024.5165,
-054.918,-022.3548,-039.539,-024.4987,
-054.976,-021.6867,-039.567,-024.5026,
-055.082,-020.7151,-039.531,-024.5179,
-055.126,-019.9756,-039.509,-024.5001,
-055.149,-019.6352,-039.516,-024.5122,
-055.261,-018.6549,-039.562,-024.5280,
-055.314,-018.0764,-039.541,-024.5215,
-055.325,-017.2632,-039.526,-024.5019,
-055.364,-016.3722,-039.526,-024.5284,
-055.403,-015.6801,-039.600,-024.5588,
-055.430,-014.9104,-039.634,-024.5593,
-055.438,-013.3930,-039.656,-024.5835,
-055.459,-012.7933,-039.649,-024.5734,
-055.501,-012.2913,-039.604,-024.5649,
-055.575,-011.3434,-039.570,-024.5344,
-055.587,-010.6311,-039.520,-024.5102,
-055.654,-010.1815,-039.493,-024.4992,
-055.685,-009.1890,-039.509,-024.5197,
-055.733,-008.5529,-039.548,-024.5291,
-055.749,-007.9118,-039.486,-024.5136,
-055.770,-007.1370,-039.460,-024.4910,
-055.787,-006.5030,-039.503,-024.5176,
-055.790,-005.4495,-039.563,-024.5430,
-055.787,-004.3376,-039.527,-024.5131,
-055.776,-003.8823,-039.495,-024.5358,
-055.751,-002.8392,-039.634,-024.5733,
-055.713,-001.6820,-039.590,-024.5613,
-055.693,-001.3191,-039.625,-024.5635,
-055.623,-000.9914,-039.585,-024.5239,
-055.555,-000.5389,-039.576,-024.5458,
-055.529,-000.3691,-039.542,-024.5189,
-055.500,-000.0178,-039.519,-024.5184,
-055.489,000.1950,-039.602,-024.5456,
-055.449,000.1407,-039.576,-024.5329,
-055.453,000.0553,-039.542,-024.5479,
-055.476,-000.0902,-039.519,-024.5024,
-055.425,-000.3060,-039.472,-024.4882,
-055.411,-000.2164,-039.526,-024.5170,
-055.371,000.1261,-039.525,-024.4929,
-055.324,000.5875,-039.451,-024.4747,
-055.272,000.5081,-039.451,-024.4910,
-055.198,000.7529,-039.506,-024.5101,
-055.088,001.0960,-039.529,-024.5207,
-055.011,002.2885,-039.524,-024.5278,
-054.916,002.8228,-039.557,-024.5176,
-054.828,003.2165,-039.485,-024.5068,
-054.744,003.3449,-039.476,-024.5021,
-054.694,003.6099,-039.485,-024.4944,
-054.622,003.9961,-039.544,-024.5509,
-054.598,004.5577,-039.545,-024.5252,
-054.583,004.6102,-039.550,-024.5240,
-054.575,005.1585,-039.606,-024.5726,
-054.573,005.6130,-039.572,-024.5421,
-054.601,006.4643,-039.606,-024.5751,
-054.617,007.3208,-039.594,-024.5778,
-054.662,008.1874,-039.527,-024.5386,
-054.687,009.2278,-039.540,-024.5239,
-054.699,010.2701,-039.508,-024.5326,
-054.723,011.1628,-039.490,-024.5207,
-054.734,012.2788,-039.524,-024.5323,
-054.744,013.3605,-039.482,-024.5088,
-054.752,014.2671,-039.522,-024.5246,
-054.739,015.6894,-039.534,-024.5381,
-054.727,016.9276,-039.548,-024.5255,
-054.717,017.7172,-039.562,-024.5433,
-054.673,019.3158,-039.530,-024.5159,
-054.608,020.2776,-039.526,-024.5249,
-054.576,021.3811,-039.545,-024.5264,
-054.546,022.7040,-039.525,-024.5217,
-054.512,023.9588,-039.529,-024.5093,
-054.484,024.9446,-039.555,-024.5193,
-054.462,026.4068,-039.531,-024.5135,
-054.420,027.4464,-039.531,-024.4902,
-054.402,028.2458,-039.550,-024.4995,
-054.383,029.4303,-039.513,-024.4944,
-054.367,030.5583,-039.505,-024.4802,
-054.343,031.4639,-039.511,-024.4638,
-054.323,032.3355,-039.498,-024.4808,
-054.309,033.1657,-039.538,-024.4978,
-054.296,033.6670,-039.532,-024.4785,
-054.285,034.6251,-039.550,-024.4811,
-054.285,035.2566,-039.543,-024.4792,
-054.302,035.8527,-039.530,-024.4869,
-054.313,036.6162,-039.513,-024.4853,
-054.322,036.9601,-039.519,-024.4769,
-054.333,037.4326,-039.489,-024.4587,
-054.348,037.9848,-039.505,-024.4571,
-054.371,038.0751,-039.536,-024.5007,
-054.374,038.3188,-039.512,-024.4624,
-054.387,038.7157,-039.515,-024.4768,
-054.403,038.9745,-039.510,-024.4652,
-054.456,039.2030,-039.533,-024.4968,
-054.484,039.2483,-039.520,-024.4871,
-054.517,039.4292,-039.526,-024.4843,
-054.575,039.3907,-039.485,-024.4574,
-054.648,039.6417,-039.524,-024.4698,
-054.702,039.8163,-039.537,-024.4748,
-054.794,040.3987,-039.540,-024.4846,
-054.856,040.8959,-039.548,-024.5024,
-054.952,041.2062,-039.556,-024.4900,
-055.047,041.6600,-039.534,-024.4917,
-055.125,042.0049,-039.529,-024.4641,
-055.241,042.8132,-039.540,-024.4753,
-055.367,043.3438,-039.520,-024.4952,
-055.476,043.9542,-039.543,-024.4745,
-055.606,044.4161,-039.492,-024.4672,
-055.741,044.7752,-039.531,-024.4787,
-055.850,045.1408,-039.568,-024.4929,
-055.997,045.4813,-039.591,-024.5049,
-056.117,046.1598,-039.576,-024.5038,
-056.242,046.5262,-039.546,-024.4809,
-056.383,046.7439,-039.511,-024.4720,
-056.477,047.0302,-039.521,-024.4879,
-056.592,047.1129,-039.520,-024.4801,
-056.706,047.5593,-039.479,-024.4623,
-056.765,047.8190,-039.506,-024.4730,
-056.828,048.2163,-039.482,-024.4835,
-056.938,047.7467,-039.511,-024.4777,
-056.967,047.7625,-039.501,-024.4858,
-057.031,047.9060,-039.496,-024.4904,
-057.124,047.5623,-039.440,-024.4590,
-057.180,047.2276,-039.450,-024.4751,
-057.305,046.7090,-039.468,-024.4731,
-057.496,046.3858,-039.425,-024.4753,
-057.523,046.0913,-039.442,-024.4828,
-057.648,044.8821,-039.421,-024.4740,
-057.781,044.2743,-039.421,-024.4671,
-057.873,043.7069,-039.427,-024.4702,
-058.042,042.8948,-039.382,-024.4674,
-058.104,042.0917,-039.386,-024.4653,
-058.147,041.5712,-039.407,-024.4648,
-058.219,041.1239,-039.411,-024.4763,
-058.251,040.5687,-039.439,-024.4799,
-058.241,040.0557,-039.481,-024.4848,
-058.253,038.9150,-039.471,-024.4930,
-058.197,038.2054,-039.432,-024.4621,
-058.180,037.9476,-039.422,-024.4590,
-058.140,036.9157,-039.458,-024.4857,
-058.094,036.3724,-039.444,-024.4777,
-058.069,035.8061,-039.414,-024.4608,
-058.020,035.1301,-039.411,-024.4512,
-057.972,034.4723,-039.420,-024.4594,
-057.913,033.4048,-039.442,-024.4862,
-057.973,032.6546,-039.454,-024.4671,
-057.911,032.4036,-039.450,-024.4669,
-057.929,032.0881,-039.455,-024.4865,
-057.950,031.4127,-039.437,-024.4735,
-058.018,030.9432,-039.424,-024.4676,
-058.042,030.3922,-039.406,-024.4730,
-058.105,029.9756,-039.408,-024.4657,
-058.175,029.9215,-039.425,-024.4697,
-058.277,030.0127,-039.434,-024.4822,
-058.365,030.2061,-039.441,-024.4865,
-058.469,030.5093,-039.464,-024.4924,
-058.613,031.1200,-039.464,-024.5026,
-058.713,031.6723,-039.453,-024.4985,
-058.678,032.3380,-039.471,-024.5091,
-058.678,032.7745,-039.489,-024.5164,
-058.690,033.1541,-039.488,-024.5084,
-058.677,033.6628,-039.465,-024.5024,
-058.701,034.3275,-039.477,-024.5101,
-058.689,034.8252,-039.454,-024.4959,
-058.727,035.3162,-039.466,-024.4827,
-058.699,035.2935,-039.455,-024.4888,
-058.705,035.5240,-039.465,-024.4945,
-058.699,035.5206,-039.449,-024.4823,
-058.627,035.1021,-039.412,-024.4694,
-058.643,034.9387,-039.408,-024.4736,
-058.742,035.1358,-039.441,-024.4934,
-058.686,034.7905,-039.444,-024.4984,
-058.681,034.8953,-039.395,-024.4836,
-058.714,034.4366,-039.385,-024.4826,
-058.828,034.5599,-039.420,-024.4799,
-058.776,034.1668,-039.448,-024.4973,
-058.789,033.5830,-039.484,-024.5002,
-058.700,033.1261,-039.456,-024.5047,
-058.663,032.4756,-039.484,-024.5106,
-058.628,031.6882,-039.541,-024.5365,
-058.579,031.0113,-039.545,-024.5344,
-058.522,030.6174,-039.523,-024.5233,
-058.445,029.4343,-039.464,-024.4566,
-058.393,028.8581,-039.456,-024.4725,
-058.289,028.2272,-039.397,-024.4591,
-058.264,027.0715,-039.397,-024.4445,
-058.231,026.1888,-039.384,-024.4282,
-058.117,025.0093,-039.415,-024.4354,
-058.004,024.0362,-039.421,-024.4418,
-057.937,023.3224,-039.393,-024.4179,
-057.871,022.1168,-039.390,-024.4234,
-057.776,021.3478,-039.359,-024.4048,
-057.702,020.4889,-039.342,-024.4260,
-057.602,019.1982,-039.352,-024.4145,
-057.456,018.3350,-039.388,-024.4307,
-057.369,017.9513,-039.386,-024.4276,
-057.254,016.5922,-039.395,-024.4415,
-057.121,015.7895,-039.415,-024.4389,
-057.007,014.7675,-039.410,-024.4413,
-056.866,013.5657,-039.416,-024.4443,
-056.712,012.6968,-039.407,-024.4329,
-056.500,011.5920,-039.385,-024.4223,
-056.330,010.3022,-039.400,-024.4392,
-056.187,009.2276,-039.426,-024.4522,
-056.018,007.9429,-039.417,-024.4682,
-055.854,006.0989,-039.367,-024.4414,
-055.758,005.1701,-039.329,-024.4259,
-055.667,003.8581,-039.336,-024.4309,
-055.569,002.2544,-039.372,-024.4528,
-055.535,001.4924,-039.427,-024.4737,
-055.510,000.0977,-039.445,-024.4831,
-055.477,-001.2116,-039.425,-024.4844,
-055.490,-002.5459,-039.435,-024.4855,
-055.474,-004.2716,-039.358,-024.4527,
-055.451,-005.3158,-039.332,-024.4500,
-055.434,-006.3092,-039.313,-024.4446,
-055.459,-007.6702,-039.334,-024.4506,
-055.479,-008.3760,-039.344,-024.4324,
-055.527,-009.0378,-039.331,-024.4333,
-055.492,-009.9994,-039.357,-024.4360,
-055.500,-010.6053,-039.399,-024.4621,
-055.484,-010.8585,-039.406,-024.4582,
-055.474,-011.5011,-039.408,-024.4783,
-055.461,-012.0653,-039.417,-024.4681,
-055.476,-012.7235,-039.410,-024.4698,
-055.506,-013.4250,-039.438,-024.4676,
-055.573,-013.9362,-039.466,-024.4861,
-055.650,-014.7165,-039.481,-024.4953,
-055.674,-015.3995,-039.479,-024.4979,
-055.746,-015.8663,-039.455,-024.4682,
-055.821,-016.4646,-039.419,-024.4801,
-055.878,-016.9440,-039.441,-024.4726,
-055.890,-017.1190,-039.453,-024.4663,
-055.938,-017.4079,-039.452,-024.4815,
-055.950,-017.6521,-039.451,-024.4656,
-055.953,-018.0829,-039.444,-024.4777,
-055.949,-018.0285,-039.417,-024.4612,
-056.000,-018.6619,-039.380,-024.4292,
-056.053,-019.2758,-039.388,-024.4522,
-055.948,-020.3881,-039.416,-024.4317,
-055.899,-020.5466,-039.406,-024.4502,
-055.911,-020.5326,-039.403,-024.4588,
-055.904,-020.5246,-039.402,-024.4581,
-055.901,-020.4962,-039.459,-024.4877,
-055.922,-020.6618,-039.456,-024.4989,
-055.910,-020.5735,-039.460,-024.4806,
-055.898,-020.6443,-039.449,-024.4879,
-055.905,-020.7791,-039.460,-024.4726,
-055.879,-020.7794,-039.441,-024.4739,
-055.872,-020.8563,-039.438,-024.4734,
-055.848,-020.9734,-039.423,-024.4679,
-055.805,-021.3442,-039.399,-024.4543,
-055.799,-021.1985,-039.325,-024.4189,
-055.708,-021.6254,-039.288,-024.3976,
-055.641,-021.5488,-039.263,-024.3949,
-055.574,-021.8300,-039.258,-024.3681,
-055.477,-022.1849,-039.249,-024.3715,
-055.447,-022.1771,-039.243,-024.3684,
-055.300,-022.6957,-039.254,-024.3713,
-055.209,-023.1321,-039.289,-024.3727,
-055.133,-023.6327,-039.314,-024.3889,
-055.057,-024.4241,-039.339,-024.3973,
-054.968,-025.2258,-039.373,-024.3990,
-054.931,-025.6635,-039.352,-024.4055,
-054.960,-025.4604,-039.370,-024.4193,
-054.905,-026.1131,-039.376,-024.4108,
-054.869,-026.5980,-039.365,-024.4113,
-054.804,-027.2133,-039.365,-024.4057,
-054.775,-027.9561,-039.351,-024.4000,
-054.802,-029.1248,-039.373,-024.3934,
-054.799,-029.9228,-039.342,-024.4193,
-054.761,-031.6618,-039.349,-024.3972,
-054.689,-032.6324,-039.345,-024.3880,
-054.724,-033.7143,-039.355,-024.3889,
-054.749,-033.2787,-039.338,-024.4134,
-054.723,-033.6880,-039.334,-024.3917,
-054.726,-034.8504,-039.330,-024.3962,
-054.756,-036.6204,-039.328,-024.3695,
-054.672,-037.9788,-039.337,-024.3832,
-054.727,-037.5481,-039.359,-024.3936,
-054.726,-038.3796,-039.372,-024.3776,
-054.702,-038.9885,-039.392,-024.4115,
-054.686,-039.7276,-039.412,-024.4145,
-054.662,-040.5322,-039.396,-024.4014,
-054.642,-041.3383,-039.388,-024.3851,
-054.633,-042.1544,-039.358,-024.3937,
-054.623,-042.5419,-039.337,-024.3740,
-054.578,-042.7487,-039.351,-024.3761,
-054.579,-042.8727,-039.349,-024.3676,
-054.561,-043.3809,-039.339,-024.3712,
-054.598,-043.5127,-039.358,-024.3711,
-054.619,-043.5832,-039.329,-024.3761,
-054.877,-045.9921,-039.311,-024.3839,
-054.798,-044.8010,-039.313,-024.3710,
-054.771,-045.1891,-039.311,-024.3637,
-055.019,-047.4683,-039.328,-024.3707,
-054.866,-045.0949,-039.358,-024.3676,
-054.998,-045.4141,-039.357,-024.3814,
-055.030,-045.8586,-039.356,-024.3955,
-054.943,-046.0752,-039.368,-024.3764,
-054.929,-046.5100,-039.334,-024.3737,
-054.866,-046.9245,-039.328,-024.3809,
-054.826,-047.6911,-039.320,-024.3737,
-054.805,-047.9623,-039.289,-024.3748,
-054.739,-048.1444,-039.300,-024.3607,
-054.719,-048.2190,-039.276,-024.3658,
-054.671,-048.0271,-039.275,-024.3571,
-054.611,-048.1893,-039.287,-024.3652,
-054.616,-048.6041,-039.326,-024.3790,
-054.592,-048.9015,-039.350,-024.3822,
-054.536,-048.6430,-039.378,-024.3909,
-054.548,-048.3124,-039.366,-024.3814,
-054.545,-048.2104,-039.356,-024.3795,
-054.525,-047.8978,-039.340,-024.3732,
-054.526,-047.9910,-039.319,-024.3639,
-054.507,-048.0023,-039.320,-024.3489,
-054.496,-047.7574,-039.278,-024.3449,
-054.451,-048.1042,-039.291,-024.3495,
-054.416,-047.9889,-039.310,-024.3593,
-054.419,-048.0763,-039.339,-024.3928,
-054.461,-047.3796,-039.364,-024.3955,
-054.458,-047.3482,-039.368,-024.3845,
-054.478,-046.8302,-039.367,-024.3927,
-054.483,-046.7609,-039.365,-024.4000,
-054.507,-046.5630,-039.345,-024.3687,
-054.563,-045.8911,-039.324,-024.3795,
-054.587,-045.5517,-039.332,-024.3686,
-054.618,-044.9272,-039.338,-024.3748,
-054.681,-044.6413,-039.322,-024.3757,
-054.711,-044.1882,-039.327,-024.3878,
-054.773,-043.3052,-039.324,-024.3840,
-054.806,-042.9745,-039.324,-024.3704,
-054.853,-042.5371,-039.317,-024.3871,
-054.882,-041.7913,-039.328,-024.3888,
-054.905,-041.3292,-039.339,-024.4076,
-054.901,-040.9032,-039.342,-024.4056,
-054.924,-040.3657,-039.313,-024.3891,
-054.912,-039.7971,-039.319,-024.3910,
-054.868,-039.2341,-039.304,-024.3959,
-054.838,-038.6248,-039.317,-024.3983,
-054.803,-037.9708,-039.325,-024.4054,
-054.773,-037.0851,-039.314,-024.3945,
-054.727,-036.4325,-039.311,-024.3920,
-054.687,-035.8506,-039.313,-024.3744,
-054.645,-034.9413,-039.278,-024.3822,
DATA_END,
