FILENAME,E:\T_23\23_USP\ACQUIREDDATA\4AHHF085.MDB,
STEP,1,-90,-90,0,FORWARD,
SCAN,360,180,-179,1,REVERSE,
FREQ,SINGLE,1,8.45,
BEAM,1,
AXIS,0,
BINS,2,
SELECTED SCAN,ALL,
SELECTED FREQ,ALL,
SELECTED BEAM,ALL,
SELECTED BINS,ALL,
DATA_START,
-067.491,-070.1188,-046.959,-110.8567,
-067.322,-071.4484,-046.954,-110.8622,
-067.090,-072.2970,-046.967,-110.8688,
-067.036,-073.3758,-046.966,-110.8684,
-066.927,-073.5923,-046.982,-110.8639,
-066.828,-073.5897,-046.977,-110.8720,
-066.754,-073.1292,-046.986,-110.8605,
-066.617,-072.7988,-046.978,-110.8713,
-066.474,-072.3115,-046.993,-110.8658,
-066.207,-071.4881,-046.995,-110.8648,
-065.897,-071.0127,-046.997,-110.8677,
-065.513,-070.2843,-047.003,-110.8608,
-065.178,-069.4726,-047.002,-110.8582,
-064.820,-069.2219,-046.988,-110.8624,
-064.459,-069.0933,-046.986,-110.8523,
-064.296,-068.6728,-046.973,-110.8583,
-064.112,-068.5215,-046.967,-110.8395,
-063.974,-067.6904,-046.966,-110.8466,
-063.857,-066.9589,-046.987,-110.8588,
-063.693,-065.8749,-046.976,-110.8534,
-063.529,-064.6858,-046.977,-110.8456,
-063.345,-063.7706,-046.986,-110.8595,
-063.167,-062.5893,-046.993,-110.8511,
-062.999,-061.1241,-046.986,-110.8455,
-062.893,-060.0458,-046.976,-110.8477,
-062.796,-058.8470,-046.984,-110.8536,
-062.728,-057.3172,-046.987,-110.8445,
-062.690,-056.0918,-046.983,-110.8454,
-062.690,-054.0560,-046.991,-110.8475,
-062.727,-051.9885,-046.993,-110.8482,
-062.745,-050.4970,-046.986,-110.8501,
-062.786,-048.2332,-046.988,-110.8502,
-062.819,-046.3698,-046.968,-110.8438,
-062.855,-044.6863,-046.972,-110.8372,
-062.866,-042.4213,-046.960,-110.8411,
-062.863,-040.5020,-046.957,-110.8349,
-062.865,-038.7900,-046.951,-110.8387,
-062.853,-036.2932,-046.953,-110.8312,
-062.826,-034.5406,-046.958,-110.8417,
-062.917,-033.0589,-046.972,-110.8447,
-063.091,-031.1698,-046.970,-110.8496,
-063.274,-029.3582,-046.972,-110.8472,
-063.596,-027.1323,-046.961,-110.8511,
-063.940,-023.5215,-046.965,-110.8462,
-064.144,-020.1216,-046.955,-110.8430,
-064.395,-016.6413,-046.960,-110.8439,
-064.649,-012.2040,-046.960,-110.8507,
-064.778,-009.1181,-046.951,-110.8411,
-065.041,-005.2451,-046.951,-110.8404,
-065.223,-001.7193,-046.961,-110.8415,
-065.401,000.9077,-046.965,-110.8430,
-065.602,003.2023,-046.976,-110.8470,
-065.859,005.2150,-046.972,-110.8450,
-066.098,006.5703,-046.971,-110.8507,
-066.468,008.0889,-046.967,-110.8495,
-066.707,009.0435,-046.971,-110.8482,
-066.914,009.5897,-046.973,-110.8547,
-067.154,009.7820,-046.978,-110.8524,
-067.319,009.8845,-046.973,-110.8501,
-067.495,009.9687,-046.968,-110.8510,
-067.568,009.1223,-046.979,-110.8381,
-067.594,007.4809,-046.981,-110.8507,
-067.537,006.4289,-046.963,-110.8380,
-067.432,004.8927,-046.957,-110.8314,
-067.374,003.9026,-046.959,-110.8382,
-067.240,004.0487,-046.962,-110.8383,
-067.032,004.0338,-046.957,-110.8321,
-066.851,004.4157,-046.950,-110.8386,
-066.637,005.8744,-046.959,-110.8453,
-066.408,007.7396,-046.960,-110.8347,
-066.199,009.6974,-046.963,-110.8316,
-065.998,013.3617,-046.963,-110.8437,
-065.849,017.3354,-046.956,-110.8399,
-065.764,021.2174,-046.950,-110.8390,
-065.695,027.9480,-046.949,-110.8325,
-065.708,033.0212,-046.952,-110.8294,
-065.731,039.1661,-046.950,-110.8276,
-065.791,047.8682,-046.949,-110.8275,
-065.801,054.8206,-046.945,-110.8128,
-065.815,062.7511,-046.950,-110.8247,
-065.923,072.0149,-046.967,-110.8235,
-066.025,079.2341,-046.963,-110.8223,
-066.197,088.2903,-046.973,-110.8255,
-066.479,098.5700,-046.975,-110.8226,
-066.704,106.7274,-046.966,-110.8220,
-067.051,117.4868,-046.966,-110.8342,
-067.399,129.7141,-046.967,-110.8245,
-067.672,139.5757,-046.962,-110.8187,
-067.896,154.3163,-046.953,-110.8109,
-068.027,167.4331,-046.940,-110.8202,
-067.984,178.0227,-046.945,-110.8157,
-067.964,-166.9091,-046.934,-110.8143,
-067.854,-155.3563,-046.929,-110.8159,
-067.819,-146.1046,-046.929,-110.8120,
-067.749,-131.9606,-046.939,-110.8205,
-067.675,-121.7479,-046.947,-110.8207,
-067.689,-111.7468,-046.941,-110.8262,
-067.668,-098.4099,-046.939,-110.8230,
-067.716,-088.9491,-046.943,-110.8249,
-067.739,-078.5364,-046.942,-110.8188,
-067.718,-065.9398,-046.946,-110.8328,
-067.758,-056.7909,-046.946,-110.8182,
-067.735,-046.3253,-046.939,-110.8226,
-067.670,-035.7880,-046.937,-110.8254,
-067.743,-027.9572,-046.932,-110.8316,
-067.734,-018.7148,-046.928,-110.8223,
-067.825,-009.1977,-046.925,-110.8279,
-067.875,-002.5684,-046.927,-110.8240,
-067.977,005.4260,-046.927,-110.8233,
-068.237,012.8105,-046.926,-110.8208,
-068.423,018.0759,-046.928,-110.8159,
-068.822,025.1236,-046.937,-110.8218,
-069.257,030.9210,-046.932,-110.8160,
-069.643,035.2807,-046.929,-110.8248,
-070.304,039.7465,-046.928,-110.8315,
-070.839,042.3202,-046.932,-110.8185,
-071.437,043.2597,-046.937,-110.8233,
-072.106,043.1056,-046.934,-110.8168,
-072.430,041.9579,-046.938,-110.8315,
-072.475,039.8350,-046.941,-110.8223,
-072.227,036.6641,-046.934,-110.8171,
-071.903,034.7123,-046.933,-110.8221,
-071.495,034.9265,-046.937,-110.8229,
-070.612,036.0088,-046.921,-110.8210,
-069.817,037.1839,-046.929,-110.8163,
-068.969,038.8397,-046.940,-110.8273,
-068.185,042.4619,-046.934,-110.8250,
-067.715,046.3928,-046.944,-110.8245,
-067.031,053.5974,-046.953,-110.8255,
-066.134,060.0659,-046.953,-110.8106,
-065.424,063.5205,-046.965,-110.8138,
-064.651,067.8928,-046.957,-110.8193,
-064.181,072.4464,-046.960,-110.8015,
-063.855,076.8294,-046.946,-110.8029,
-063.330,083.8579,-046.939,-110.7999,
-062.938,089.0560,-046.940,-110.7875,
-062.575,093.8653,-046.935,-110.7934,
-062.294,099.9851,-046.929,-110.7914,
-062.112,105.2304,-046.937,-110.7870,
-061.959,110.8117,-046.945,-110.7872,
-061.804,117.3170,-046.950,-110.7874,
-061.687,121.8678,-046.948,-110.7823,
-061.534,127.0610,-046.944,-110.7787,
-061.396,133.0643,-046.961,-110.7819,
-061.270,137.5387,-046.931,-110.7698,
-061.169,142.4725,-046.967,-110.7836,
-061.045,147.9585,-046.950,-110.7692,
-060.975,152.0670,-046.984,-110.7815,
-060.857,157.5686,-046.972,-110.7947,
-060.748,162.2001,-046.967,-110.7882,
-060.677,166.1012,-046.959,-110.7937,
-060.593,171.0895,-046.949,-110.7745,
-060.552,174.9118,-046.951,-110.7785,
-060.544,178.8516,-046.957,-110.7811,
-060.533,-176.3914,-046.960,-110.7923,
-060.524,-172.9139,-046.964,-110.7699,
-060.500,-169.3207,-046.959,-110.7776,
-060.485,-164.8913,-046.957,-110.7712,
-060.474,-161.6714,-046.961,-110.7677,
-060.414,-158.4147,-046.964,-110.7649,
-060.367,-154.6364,-046.960,-110.7709,
-060.349,-151.8210,-046.968,-110.7796,
-060.348,-148.7336,-046.979,-110.7831,
-060.293,-145.1715,-046.982,-110.7814,
-060.305,-142.5235,-046.984,-110.7922,
-060.282,-139.1821,-046.994,-110.7893,
-060.261,-135.9904,-046.991,-110.7795,
-060.244,-133.3966,-046.985,-110.7783,
-060.218,-130.2802,-046.975,-110.7845,
-060.226,-127.3859,-046.969,-110.7765,
-060.232,-125.4292,-046.975,-110.7848,
-060.230,-122.8614,-046.977,-110.7842,
-060.263,-120.8509,-046.978,-110.7760,
-060.299,-118.9534,-046.983,-110.7854,
-060.319,-116.5817,-046.994,-110.7885,
-060.361,-115.1638,-046.995,-110.7818,
-060.344,-113.7617,-046.989,-110.7848,
-060.338,-112.2970,-046.985,-110.7812,
-060.324,-110.9948,-046.991,-110.7817,
-060.323,-109.8373,-046.990,-110.7884,
-060.274,-108.4090,-046.994,-110.7846,
-060.255,-107.2704,-046.990,-110.7759,
-060.210,-105.9037,-046.995,-110.7768,
-060.189,-104.5856,-046.995,-110.7757,
-060.192,-103.7191,-046.993,-110.7753,
-060.206,-102.9874,-047.001,-110.7708,
-060.246,-102.3092,-047.003,-110.7587,
-060.264,-102.3052,-047.004,-110.7691,
-060.368,-102.4335,-047.007,-110.7724,
-060.397,-102.8240,-047.014,-110.7823,
-060.421,-103.2989,-047.016,-110.7820,
-060.444,-104.0062,-047.017,-110.7723,
-060.461,-104.5489,-047.002,-110.7666,
-060.426,-105.1806,-046.995,-110.7735,
-060.446,-105.6299,-046.982,-110.7632,
-060.486,-105.8413,-046.974,-110.7602,
-060.555,-106.0838,-046.968,-110.7661,
-060.716,-106.5254,-046.976,-110.7713,
-060.921,-107.1702,-046.981,-110.7675,
-061.140,-107.9996,-046.986,-110.7851,
-061.441,-109.6465,-046.975,-110.7852,
-061.626,-111.1388,-046.978,-110.7820,
-061.845,-112.9355,-046.969,-110.7889,
-062.057,-115.3302,-046.975,-110.7795,
-062.130,-116.5611,-046.976,-110.7906,
-062.262,-117.7115,-046.971,-110.7872,
-062.411,-118.8941,-046.975,-110.7898,
-062.570,-119.1394,-046.977,-110.8049,
-062.801,-119.8213,-046.980,-110.7878,
-063.103,-120.1117,-046.973,-110.7908,
-063.438,-120.8994,-046.979,-110.7942,
-063.925,-122.3595,-046.970,-110.7986,
-064.400,-124.0320,-046.969,-110.7879,
-064.799,-125.4720,-046.958,-110.7904,
-065.374,-128.0521,-046.949,-110.7948,
-065.820,-129.4806,-046.950,-110.7949,
-066.260,-130.8284,-046.968,-110.8039,
-066.852,-131.8069,-046.978,-110.8003,
-067.427,-131.8311,-046.982,-110.8079,
-068.002,-130.8344,-046.984,-110.8144,
-068.686,-129.2104,-046.990,-110.8056,
-069.102,-127.0291,-046.982,-110.8175,
-069.444,-123.4302,-046.983,-110.8033,
-069.653,-119.1762,-046.976,-110.8031,
-069.699,-114.8480,-046.974,-110.8066,
-069.704,-109.6838,-046.959,-110.7869,
-069.477,-105.0271,-046.958,-110.7972,
-069.221,-101.1070,-046.958,-110.7990,
-068.820,-097.0177,-046.955,-110.8021,
-068.369,-094.1545,-046.958,-110.7979,
-068.116,-092.5924,-046.954,-110.7999,
-067.738,-091.1117,-046.970,-110.7940,
-067.385,-090.6363,-046.975,-110.8023,
-067.086,-091.5663,-046.988,-110.8045,
-066.564,-093.7493,-046.995,-110.7989,
-066.146,-096.5794,-046.991,-110.7892,
-065.750,-099.4261,-046.988,-110.7891,
-065.353,-104.0439,-046.987,-110.7894,
-065.087,-107.6764,-046.974,-110.7834,
-064.794,-111.9871,-046.969,-110.7772,
-064.507,-116.6356,-046.967,-110.7832,
-064.314,-120.4893,-046.971,-110.7826,
-064.115,-124.8116,-046.969,-110.7857,
-064.037,-129.6159,-046.968,-110.7832,
-064.038,-134.0062,-046.969,-110.7832,
-064.123,-139.5690,-046.961,-110.7777,
-064.371,-144.7803,-046.950,-110.7806,
-064.645,-150.3191,-046.955,-110.7729,
-065.098,-157.5667,-046.957,-110.7861,
-065.568,-164.3194,-046.970,-110.8004,
-065.968,-170.4113,-046.980,-110.8035,
-066.552,179.8242,-046.987,-110.8030,
-067.033,171.1335,-046.985,-110.8058,
-067.492,161.7541,-046.997,-110.8176,
-068.094,148.4689,-046.991,-110.8085,
-068.474,138.3890,-046.980,-110.8089,
-068.807,127.1222,-046.981,-110.7996,
-069.037,111.7319,-046.968,-110.8089,
-069.138,099.7268,-046.974,-110.8037,
-069.021,085.7643,-046.964,-110.8091,
-068.762,070.6120,-046.973,-110.8169,
-068.528,059.7142,-046.967,-110.8096,
-068.229,046.4434,-046.975,-110.8112,
-067.901,032.6185,-046.982,-110.8150,
-067.622,022.1005,-046.987,-110.8105,
-067.195,009.8628,-046.988,-110.8009,
-066.905,-001.6456,-046.979,-110.8042,
-066.705,-010.4007,-046.985,-110.8073,
-066.343,-022.0857,-046.990,-110.8031,
-066.094,-032.2677,-046.981,-110.8103,
-065.841,-040.6076,-046.976,-110.8059,
-065.477,-051.4046,-046.976,-110.8077,
-065.150,-059.0453,-046.977,-110.7995,
-064.931,-065.9718,-046.974,-110.8044,
-064.697,-074.7816,-046.985,-110.8040,
-064.625,-081.4063,-046.982,-110.7961,
-064.531,-087.8230,-046.995,-110.8086,
-064.362,-096.6428,-047.008,-110.7979,
-064.239,-102.7286,-047.013,-110.8001,
-064.133,-109.1141,-047.026,-110.8020,
-064.043,-115.7197,-047.040,-110.8063,
-064.066,-120.4302,-047.034,-110.8047,
-064.160,-125.6415,-047.023,-110.8015,
-064.338,-130.2316,-047.013,-110.8012,
-064.549,-134.4088,-047.008,-110.7993,
-064.890,-139.3491,-047.000,-110.7948,
-065.245,-144.3214,-047.003,-110.7967,
-065.553,-148.4052,-046.997,-110.7936,
-065.998,-153.0099,-046.989,-110.8031,
-066.340,-156.0906,-046.986,-110.8051,
-066.640,-158.1936,-046.989,-110.8009,
-067.030,-160.1861,-046.999,-110.8055,
-067.316,-160.9307,-047.008,-110.7993,
-067.497,-161.0306,-047.014,-110.8084,
-067.725,-161.2793,-047.014,-110.8210,
-067.796,-161.2408,-047.018,-110.8003,
-067.751,-161.8774,-047.027,-110.8081,
-067.580,-163.5903,-047.027,-110.8016,
-067.481,-165.3312,-047.027,-110.8049,
-067.342,-167.5793,-047.030,-110.7988,
-066.964,-170.0845,-047.039,-110.8135,
-066.722,-171.4347,-047.030,-110.8039,
-066.424,-173.1971,-047.017,-110.7981,
-066.020,-175.6161,-047.015,-110.8020,
-065.829,-177.9775,-047.003,-110.7873,
-065.445,179.3112,-046.998,-110.7886,
-065.135,175.3436,-046.989,-110.7827,
-064.983,171.8322,-046.989,-110.7809,
-064.746,166.5946,-046.983,-110.7825,
-064.589,160.9705,-046.996,-110.7857,
-064.536,156.4867,-047.009,-110.7933,
-064.435,149.4681,-046.994,-110.7796,
-064.329,144.4058,-046.990,-110.7792,
-064.216,139.5505,-046.986,-110.7783,
-064.104,132.8042,-046.983,-110.7743,
-063.956,127.2248,-046.981,-110.7693,
-063.852,122.1760,-046.984,-110.7872,
-063.697,114.9717,-046.999,-110.7822,
-063.668,109.8072,-047.000,-110.7747,
-063.624,104.7069,-047.007,-110.7864,
-063.552,098.0649,-047.010,-110.7858,
-063.475,093.1786,-047.013,-110.7765,
-063.439,087.5772,-046.990,-110.7709,
-063.391,081.4303,-046.986,-110.7733,
-063.382,076.9211,-046.979,-110.7767,
-063.364,071.1264,-046.986,-110.7730,
-063.417,064.6585,-046.977,-110.7674,
-063.520,059.7493,-046.975,-110.7705,
-063.671,053.2046,-046.961,-110.7645,
-063.805,047.3790,-046.960,-110.7613,
-063.955,042.9406,-046.954,-110.7654,
-064.124,037.4085,-046.947,-110.7606,
-064.297,032.0956,-046.948,-110.7724,
-064.452,027.8464,-046.950,-110.7685,
-064.648,022.0634,-046.957,-110.7779,
-064.785,017.4366,-046.952,-110.7785,
-064.939,013.4051,-046.967,-110.7778,
-065.128,007.5535,-046.957,-110.7662,
-065.278,003.1548,-046.964,-110.7674,
-065.403,-000.8356,-046.956,-110.7765,
-065.540,-005.3211,-046.970,-110.7761,
-065.645,-009.1456,-046.977,-110.7827,
-065.761,-013.0570,-046.967,-110.7761,
-065.874,-017.7214,-046.979,-110.7771,
-066.020,-021.3363,-046.975,-110.7745,
-066.097,-025.8124,-046.962,-110.7848,
-066.225,-030.5746,-046.964,-110.7688,
-066.332,-034.0661,-046.972,-110.7637,
-066.476,-038.6354,-046.954,-110.7675,
-066.627,-042.2815,-046.951,-110.7714,
-066.718,-045.8962,-046.955,-110.7586,
-066.835,-050.1539,-046.973,-110.7687,
-067.033,-053.8684,-046.968,-110.7615,
-067.163,-056.9017,-046.981,-110.7661,
-067.428,-060.0566,-046.994,-110.7810,
-067.572,-062.7183,-046.988,-110.7619,
-067.611,-064.7740,-046.994,-110.7728,
-067.744,-066.6119,-046.989,-110.7777,
-067.767,-068.1067,-046.973,-110.7748,
-067.693,-068.9082,-046.979,-110.7742,
DATA_END,
