FILENAME,E:\T_23\23_USP\ACQUIREDDATA\4AHVF18.MDB,
STEP,1,-90,-90,0,FORWARD,
SCAN,360,-179,180,1,FORWARD,
FREQ,SINGLE,1,18,
BEAM,1,
AXIS,0,
BINS,2,
SELECTED SCAN,ALL,
SELECTED FREQ,ALL,
SELECTED BEAM,ALL,
SELECTED BINS,ALL,
DATA_START,
-068.116,-143.8899,-047.985,154.3948,
-068.458,-141.9093,-047.959,154.3857,
-068.662,-139.4085,-047.984,154.3785,
-068.703,-135.3469,-047.996,154.3699,
-068.842,-129.3345,-047.980,154.3796,
-069.198,-123.6044,-047.954,154.3753,
-069.609,-119.7350,-047.955,154.3869,
-069.700,-119.3691,-047.960,154.3728,
-069.290,-118.0818,-047.973,154.3743,
-068.982,-114.6047,-047.960,154.3744,
-068.860,-109.6285,-047.962,154.3761,
-069.150,-102.3491,-047.998,154.3801,
-069.444,-098.0894,-047.979,154.3849,
-069.396,-092.3674,-047.981,154.3713,
-068.906,-086.4831,-047.977,154.3678,
-068.602,-081.5845,-047.967,154.3866,
-068.198,-073.4881,-047.961,154.3844,
-067.938,-067.9926,-048.002,154.3866,
-067.741,-063.4247,-047.996,154.3744,
-067.507,-055.2963,-047.985,154.3902,
-067.445,-048.7997,-047.987,154.3903,
-067.442,-043.6432,-047.980,154.4087,
-067.552,-034.0282,-047.979,154.4193,
-067.649,-027.2577,-047.975,154.4165,
-067.701,-023.0121,-047.995,154.4143,
-067.456,-014.9353,-047.989,154.4052,
-067.482,-006.8609,-047.982,154.4189,
-067.678,-000.0372,-047.971,154.4207,
-068.412,012.5652,-047.990,154.4244,
-068.743,020.8385,-047.991,154.4269,
-068.963,029.2984,-047.958,154.4284,
-069.183,043.7914,-047.963,154.4496,
-069.478,053.3905,-047.978,154.4514,
-069.900,064.5212,-047.983,154.4681,
-071.046,082.0387,-047.973,154.4455,
-071.952,093.0105,-047.935,154.4532,
-073.106,107.4052,-047.962,154.4411,
-074.173,127.1833,-047.978,154.4444,
-074.632,137.2573,-047.991,154.4345,
-075.365,154.6488,-047.976,154.4373,
-076.179,-179.1931,-047.985,154.4231,
-077.086,-162.7346,-047.998,154.4353,
-078.361,-137.0563,-047.989,154.4112,
-078.455,-109.2395,-047.984,154.4076,
-077.761,-090.4346,-047.972,154.4154,
-076.292,-069.5542,-047.984,154.4061,
-075.903,-046.4494,-047.984,154.4184,
-075.543,-027.9949,-047.974,154.3981,
-073.818,-006.1473,-047.977,154.4122,
-072.680,011.6682,-047.971,154.4314,
-071.653,022.6962,-047.986,154.4216,
-070.795,038.4112,-047.965,154.4292,
-070.700,049.3330,-047.972,154.4231,
-070.684,057.5812,-047.973,154.4194,
-070.438,070.5461,-047.977,154.4352,
-070.068,080.6401,-047.980,154.4401,
-069.750,091.3164,-047.951,154.4353,
-069.376,104.9583,-047.990,154.4251,
-069.536,116.1026,-047.976,154.4259,
-069.935,129.1955,-047.964,154.4337,
-070.587,142.7609,-047.993,154.4178,
-071.031,151.0619,-047.984,154.4153,
-071.407,159.4246,-047.954,154.4096,
-071.616,169.2974,-047.951,154.4253,
-071.890,176.6633,-047.972,154.4154,
-072.288,-173.4448,-047.962,154.4174,
-072.924,-163.6160,-047.959,154.4216,
-073.515,-154.5869,-047.952,154.4231,
-073.845,-142.9670,-047.951,154.4330,
-073.876,-133.0563,-047.979,154.4316,
-074.453,-127.1931,-047.983,154.4290,
-077.161,-121.3790,-047.977,154.4168,
-081.321,-121.9250,-047.976,154.3945,
-086.457,-147.8324,-047.969,154.3739,
-084.522,175.4073,-047.975,154.3791,
-081.101,170.5514,-047.961,154.3616,
-076.945,172.0529,-047.951,154.3505,
-073.625,178.0083,-047.966,154.3544,
-072.124,-176.6292,-047.979,154.3351,
-070.883,-168.7429,-047.981,154.3361,
-069.891,-159.5323,-047.961,154.3295,
-069.287,-150.6876,-047.971,154.3351,
-068.821,-137.4059,-047.980,154.3529,
-068.385,-124.3538,-047.972,154.3543,
-068.287,-114.2040,-047.939,154.3508,
-068.291,-100.1698,-047.979,154.3435,
-068.441,-087.8472,-048.014,154.3480,
-068.575,-079.0295,-048.009,154.3466,
-068.696,-068.6577,-047.991,154.3601,
-069.037,-061.9964,-047.975,154.3577,
-069.496,-056.9109,-047.998,154.3616,
-069.940,-049.1929,-047.995,154.3552,
-070.029,-041.7564,-048.006,154.3571,
-070.024,-034.1203,-047.982,154.3653,
-070.633,-022.4653,-047.991,154.3701,
-071.996,-013.4162,-047.988,154.3529,
-074.888,000.2156,-047.990,154.3524,
-079.657,021.7513,-047.997,154.3393,
-084.372,029.1714,-047.989,154.3392,
-093.916,-041.2243,-047.993,154.3350,
-079.714,-105.0677,-047.982,154.3393,
-075.441,-103.8666,-047.973,154.3368,
-072.065,-093.3383,-047.983,154.3386,
-069.399,-080.9490,-047.985,154.3465,
-068.112,-072.2155,-047.971,154.3656,
-067.044,-059.6220,-047.971,154.3488,
-066.571,-047.8224,-047.985,154.3450,
-066.287,-038.6208,-047.984,154.3502,
-066.091,-026.7136,-047.980,154.3613,
-066.473,-018.5063,-047.980,154.3505,
-067.349,-010.0734,-047.978,154.3481,
-069.264,008.1964,-047.969,154.3424,
-070.266,022.7421,-047.966,154.3529,
-071.361,037.0016,-047.951,154.3513,
-073.718,059.0096,-047.973,154.3582,
-075.898,080.1689,-047.999,154.3518,
-078.024,110.1035,-047.975,154.3531,
-079.305,157.6781,-047.981,154.3599,
-077.961,-170.4396,-048.005,154.3516,
-075.319,-138.5451,-047.999,154.3533,
-072.900,-112.2897,-047.966,154.3690,
-070.965,-095.0921,-047.949,154.3633,
-068.876,-077.7378,-047.961,154.3547,
-067.334,-064.0897,-047.989,154.3691,
-066.336,-053.8615,-047.994,154.3612,
-065.117,-039.5796,-047.962,154.3456,
-064.580,-028.7081,-047.971,154.3450,
-064.244,-018.7338,-047.980,154.3345,
-063.944,-004.9624,-047.975,154.3454,
-064.033,004.9957,-047.966,154.3437,
-064.466,016.0922,-047.970,154.3610,
-065.150,033.8910,-047.996,154.3430,
-065.594,046.9017,-047.976,154.3417,
-066.071,062.5839,-047.967,154.3675,
-066.239,082.4569,-047.956,154.3556,
-066.078,094.7232,-047.967,154.3553,
-066.183,109.5071,-047.972,154.3597,
-066.401,125.7216,-047.985,154.3280,
-066.342,136.7081,-047.983,154.3394,
-066.215,150.4238,-047.977,154.3242,
-066.317,161.5936,-047.975,154.3163,
-066.565,169.0451,-047.969,154.3188,
-067.131,177.1614,-047.957,154.3252,
-068.052,-177.6967,-047.966,154.3177,
-068.951,-174.4882,-047.966,154.3062,
-070.420,-166.0187,-048.004,154.3132,
-071.449,-158.5423,-047.997,154.3117,
-072.204,-156.0877,-047.966,154.3246,
-073.471,-154.0282,-047.964,154.3083,
-074.203,-153.5486,-047.965,154.3030,
-074.888,-154.1991,-047.966,154.3047,
-075.290,-155.6779,-047.962,154.3089,
-074.785,-158.5435,-047.966,154.3032,
-073.821,-165.9353,-047.982,154.3071,
-072.210,-174.9809,-048.010,154.3060,
-071.127,-178.9685,-048.005,154.3017,
-070.048,178.9393,-047.966,154.3062,
-069.148,177.4007,-047.985,154.3136,
-068.741,177.1254,-047.959,154.3071,
-068.468,177.0495,-047.991,154.2888,
-068.143,176.5865,-047.978,154.3028,
-067.880,177.0340,-047.955,154.3013,
-067.716,177.1457,-047.969,154.3104,
-067.602,177.0271,-047.977,154.3082,
-067.693,177.5577,-047.959,154.2987,
-067.865,179.1936,-047.949,154.3046,
-068.152,-179.3601,-047.945,154.3072,
-068.329,-177.5829,-047.972,154.3099,
-068.412,-176.4879,-047.937,154.3156,
-068.618,-176.4518,-047.942,154.3176,
-068.848,-176.5086,-047.944,154.3231,
-069.141,-176.0929,-047.956,154.3205,
-069.240,-177.1163,-047.958,154.3108,
-069.470,179.9681,-047.935,154.3024,
-070.078,175.9337,-047.950,154.3009,
-070.534,172.3412,-047.949,154.3061,
-071.130,169.7270,-047.965,154.3023,
-071.723,163.9792,-047.955,154.3082,
-072.014,161.1387,-047.948,154.3213,
-072.376,159.0337,-047.946,154.3202,
-072.500,155.8758,-047.966,154.3017,
-072.724,151.8601,-047.954,154.3043,
-073.282,144.3593,-047.946,154.3149,
-074.147,140.0627,-047.959,154.3208,
-074.794,139.0000,-047.979,154.3290,
-075.243,134.2939,-047.952,154.3430,
-075.141,129.1136,-047.970,154.3526,
-075.128,122.1412,-047.951,154.3512,
-075.690,110.6014,-047.978,154.3549,
-076.435,103.7299,-047.971,154.3626,
-076.882,102.6493,-047.956,154.3595,
-077.310,098.6372,-047.981,154.3576,
-077.571,091.0216,-047.963,154.3648,
-077.772,079.0287,-047.976,154.3600,
-078.564,063.4819,-047.969,154.3731,
-079.828,051.8435,-047.978,154.3786,
-081.350,041.9246,-047.999,154.3725,
-083.848,029.4608,-047.998,154.3678,
-085.167,008.7637,-047.992,154.3771,
-086.902,-022.2357,-047.973,154.3567,
-084.841,-058.8089,-047.979,154.3520,
-083.740,-074.8115,-047.967,154.3621,
-082.695,-099.2445,-047.965,154.3619,
-082.836,-119.7807,-047.963,154.3617,
-083.489,-134.3471,-047.978,154.3641,
-084.077,-158.4011,-048.002,154.3459,
-082.845,177.9081,-047.971,154.3496,
-082.253,160.1288,-047.967,154.3461,
-081.077,127.5276,-047.976,154.3516,
-080.314,108.1578,-047.970,154.3479,
-079.610,092.5630,-047.984,154.3387,
-079.448,066.4337,-047.983,154.3493,
-078.904,050.8906,-047.980,154.3512,
-078.199,037.3476,-047.995,154.3406,
-077.206,021.4000,-047.968,154.3600,
-076.625,009.1344,-047.966,154.3529,
-075.883,-006.8501,-047.977,154.3587,
-075.551,-025.4302,-047.991,154.3402,
-075.496,-035.0870,-047.995,154.3398,
-075.652,-046.6452,-048.000,154.3273,
-076.591,-059.2461,-048.003,154.3353,
-077.578,-067.1820,-048.008,154.3227,
-078.372,-073.1158,-048.049,154.3154,
-079.585,-071.0644,-048.056,154.3122,
-080.194,-067.9461,-048.055,154.3021,
-080.773,-064.8572,-048.027,154.3162,
-080.812,-046.3392,-048.011,154.3338,
-078.831,-040.7628,-048.015,154.3227,
-075.904,-050.6051,-048.013,154.3333,
-074.787,-055.4000,-048.037,154.3365,
-074.013,-070.4181,-048.010,154.3345,
-072.933,-091.1476,-048.048,154.3330,
-072.151,-102.3055,-048.031,154.3289,
-071.854,-114.2208,-048.037,154.3396,
-071.917,-129.8377,-048.045,154.3304,
-072.016,-143.1427,-048.029,154.3257,
-072.584,-157.4540,-048.039,154.2997,
-073.681,-177.7404,-048.046,154.2935,
-074.500,167.2061,-048.045,154.3004,
-075.805,150.4385,-048.042,154.2993,
-077.942,132.3934,-048.025,154.2968,
-080.182,120.6733,-048.024,154.3075,
-085.081,100.4673,-048.021,154.3010,
-097.131,020.4618,-048.032,154.2890,
-090.732,-065.5609,-048.043,154.2924,
-084.620,-094.0518,-048.013,154.3087,
-083.006,-108.7758,-048.020,154.3101,
-082.367,-123.4230,-047.999,154.3226,
-080.833,-136.4587,-048.021,154.3165,
-080.000,-145.5845,-048.027,154.3185,
-079.609,-154.8066,-048.028,154.3232,
-079.547,-162.4396,-048.020,154.3116,
-079.340,-167.7243,-048.013,154.2964,
-079.331,-171.3126,-048.021,154.2879,
-078.512,-173.6700,-048.034,154.2753,
-078.125,-178.0621,-048.046,154.2688,
-077.850,174.3627,-048.045,154.2841,
-077.974,165.7407,-048.040,154.2752,
-077.641,158.4579,-048.005,154.2917,
-077.140,146.4279,-048.020,154.2871,
-076.686,137.0378,-048.033,154.2791,
-076.694,131.9958,-048.030,154.2865,
-077.272,121.6424,-048.031,154.2820,
-078.209,111.4102,-048.013,154.2872,
-078.804,103.6894,-048.032,154.2814,
-080.441,095.0390,-048.049,154.2806,
-082.269,086.2973,-048.034,154.2807,
-086.046,078.2629,-048.030,154.2865,
-102.738,003.5558,-048.029,154.2864,
-087.959,-113.7313,-048.045,154.2826,
-082.072,-135.6514,-048.030,154.2935,
-076.708,-162.7914,-048.040,154.2991,
-073.781,-175.9189,-048.040,154.2836,
-071.630,170.9448,-048.037,154.2818,
-069.544,154.3309,-048.036,154.2748,
-068.516,141.2286,-048.015,154.2743,
-067.603,126.0869,-047.999,154.2689,
-066.987,107.5263,-048.023,154.2612,
-066.831,095.3506,-048.039,154.2735,
-066.890,080.4401,-048.051,154.2670,
-067.276,063.5267,-048.041,154.2630,
-067.784,052.9569,-048.047,154.2565,
-068.882,037.4202,-048.037,154.2625,
-070.425,023.1867,-048.067,154.2492,
-072.014,015.2774,-048.055,154.2550,
-075.240,005.4816,-048.037,154.2494,
-079.831,001.8613,-048.009,154.2476,
-086.145,014.2468,-048.015,154.2566,
-083.392,115.3123,-048.015,154.2374,
-077.316,118.5248,-048.021,154.2364,
-074.074,114.2890,-048.027,154.2392,
-071.114,105.2355,-048.028,154.2286,
-069.746,098.3356,-048.033,154.2382,
-068.605,090.5016,-048.042,154.2492,
-067.588,080.1514,-048.025,154.2476,
-067.053,073.1162,-048.036,154.2532,
-066.563,065.1040,-048.047,154.2535,
-066.113,055.2602,-048.033,154.2645,
-066.056,048.7149,-048.019,154.2540,
-066.238,039.9695,-048.028,154.2555,
-066.717,029.1266,-048.042,154.2630,
-067.051,021.0079,-048.042,154.2476,
-067.785,009.3913,-048.040,154.2444,
-069.099,-003.6144,-048.024,154.2498,
-070.300,-014.4247,-048.032,154.2613,
-072.617,-034.7482,-048.044,154.2763,
-074.891,-060.2900,-048.010,154.2792,
-076.231,-085.2385,-048.010,154.2754,
-076.559,-126.6476,-048.024,154.2805,
-075.896,-158.1923,-048.037,154.2818,
-074.804,176.7582,-048.026,154.2861,
-072.871,150.2273,-048.016,154.2905,
-071.764,135.3403,-048.009,154.3006,
-070.929,122.4112,-048.018,154.2999,
-070.507,107.6866,-048.038,154.2773,
-070.312,096.9508,-048.025,154.2814,
-070.165,088.9708,-048.014,154.2788,
-070.367,080.3065,-048.025,154.2852,
-070.720,075.6771,-048.029,154.2879,
-071.852,069.0083,-048.026,154.2846,
-073.610,052.8347,-048.031,154.2905,
-074.237,035.3566,-048.034,154.2946,
-075.396,015.2362,-048.041,154.2991,
-077.739,-012.2354,-048.033,154.3114,
-077.739,-037.3388,-048.042,154.3116,
-076.123,-063.3018,-048.029,154.2972,
-075.060,-077.0877,-048.017,154.2991,
-074.289,-086.1502,-048.020,154.3017,
-073.484,-094.4350,-048.043,154.2947,
-073.174,-100.0753,-048.036,154.2879,
-072.685,-107.5403,-048.015,154.2905,
-071.599,-119.6175,-048.005,154.2749,
-070.958,-125.8355,-048.012,154.2825,
-070.671,-130.0772,-048.024,154.2736,
-070.646,-137.5467,-048.030,154.2734,
-070.357,-145.6994,-048.020,154.2640,
-069.716,-151.6046,-048.024,154.2659,
-069.478,-154.6186,-048.028,154.2756,
-069.319,-156.7401,-048.035,154.2832,
-068.936,-161.4872,-048.032,154.2790,
-068.265,-165.5353,-048.026,154.2923,
-067.917,-166.5660,-048.025,154.3022,
-067.744,-166.6804,-048.011,154.3131,
-067.388,-167.4488,-048.002,154.3106,
-067.101,-166.6560,-047.998,154.3141,
-066.875,-164.9908,-048.012,154.3125,
-066.905,-163.9921,-048.007,154.3173,
-066.920,-165.7038,-047.998,154.3340,
-066.689,-168.0889,-047.994,154.3336,
-066.577,-166.8293,-047.994,154.3436,
-066.589,-165.6246,-048.006,154.3379,
-066.592,-163.1387,-048.017,154.3452,
-066.637,-161.8247,-047.999,154.3525,
-066.773,-159.2132,-048.011,154.3468,
-067.101,-155.4191,-048.021,154.3387,
-067.243,-153.8718,-048.031,154.3305,
-067.209,-151.6686,-048.036,154.3110,
-067.167,-148.1198,-048.005,154.3232,
-067.276,-145.5219,-047.996,154.3223,
-067.570,-143.4179,-048.028,154.3210,
DATA_END,
