FILENAME,E:\T_23\23_USP\ACQUIREDDATA\4AVHF18.MDB,
STEP,1,-90,-90,0,FORWARD,
SCAN,360,-179,180,1,FORWARD,
FREQ,SINGLE,1,18,
BEAM,1,
AXIS,0,
BINS,2,
SELECTED SCAN,ALL,
SELECTED FREQ,ALL,
SELECTED BEAM,ALL,
SELECTED BINS,ALL,
DATA_START,
-070.475,160.9036,-043.754,155.8893,
-070.861,142.8651,-043.724,155.8810,
-069.950,125.7026,-043.696,155.8900,
-068.600,115.7521,-043.703,155.8900,
-066.917,109.6287,-043.741,155.8753,
-065.536,107.5652,-043.758,155.8848,
-064.504,107.3889,-043.751,155.8837,
-063.496,108.4251,-043.729,155.8955,
-062.851,111.5987,-043.725,155.8840,
-062.560,115.2411,-043.756,155.8804,
-062.326,120.6640,-043.767,155.8761,
-062.311,128.2179,-043.755,155.8868,
-062.478,134.9631,-043.758,155.8821,
-063.176,145.5538,-043.808,155.8678,
-064.383,155.6527,-043.807,155.8959,
-065.756,163.4692,-043.799,155.9061,
-068.572,175.2167,-043.761,155.9055,
-071.707,-171.9187,-043.787,155.9055,
-075.275,-154.4998,-043.813,155.9110,
-080.304,-058.3630,-043.868,155.8874,
-073.979,-004.3570,-043.837,155.9043,
-070.690,014.2014,-043.817,155.9168,
-066.907,036.9236,-043.790,155.9071,
-064.772,051.4564,-043.790,155.8910,
-063.518,061.0000,-043.775,155.8821,
-061.784,077.2053,-043.807,155.8684,
-060.921,089.7051,-043.782,155.8634,
-060.333,100.2199,-043.774,155.8724,
-059.599,120.0068,-043.702,155.8627,
-059.286,132.0337,-043.716,155.8505,
-059.095,143.9465,-043.774,155.8347,
-059.087,163.1771,-043.776,155.8230,
-059.195,175.4661,-043.774,155.8309,
-059.396,-170.0146,-043.775,155.8303,
-059.840,-147.9886,-043.792,155.8207,
-060.244,-134.1804,-043.809,155.8329,
-060.956,-117.4423,-043.829,155.8393,
-062.164,-090.4301,-043.779,155.8483,
-062.853,-071.3991,-043.756,155.8560,
-063.569,-042.6830,-043.741,155.8556,
-063.893,-005.9933,-043.745,155.8596,
-063.736,016.9567,-043.771,155.8545,
-062.868,049.1012,-043.758,155.8312,
-061.401,081.2579,-043.735,155.8267,
-060.552,098.5989,-043.720,155.8121,
-059.447,124.4744,-043.768,155.7763,
-058.776,145.9389,-043.837,155.7512,
-058.394,160.9674,-043.822,155.7512,
-057.954,-172.7910,-043.778,155.7657,
-057.808,-152.7467,-043.748,155.7727,
-057.857,-136.7474,-043.758,155.7567,
-058.218,-109.4312,-043.757,155.7696,
-058.640,-088.8119,-043.778,155.7913,
-059.192,-068.0362,-043.788,155.7760,
-060.187,-036.1068,-043.794,155.7654,
-060.955,-010.9196,-043.784,155.7892,
-061.726,019.2258,-043.726,155.8035,
-062.196,063.1213,-043.709,155.8065,
-061.884,094.4053,-043.737,155.7840,
-060.942,128.8667,-043.790,155.7567,
-059.467,165.1770,-043.822,155.7482,
-058.535,-171.1363,-043.789,155.7679,
-057.533,-142.2437,-043.783,155.7425,
-056.609,-112.9015,-043.742,155.7533,
-056.061,-092.4481,-043.740,155.7621,
-055.561,-065.1575,-043.792,155.7174,
-055.350,-040.4369,-043.827,155.6898,
-055.326,-019.9827,-043.790,155.7227,
-055.433,010.4325,-043.743,155.7490,
-055.532,035.3620,-043.726,155.7435,
-055.629,058.6308,-043.749,155.7138,
-055.788,091.2727,-043.745,155.7354,
-055.801,115.1390,-043.731,155.7146,
-055.770,140.7385,-043.704,155.7094,
-055.697,170.8620,-043.712,155.7518,
-055.671,-167.5656,-043.744,155.7455,
-055.698,-141.3938,-043.764,155.7253,
-055.722,-114.9960,-043.788,155.7496,
-055.812,-096.2627,-043.774,155.7722,
-055.992,-072.8043,-043.761,155.7613,
-056.295,-048.6201,-043.799,155.7486,
-056.540,-030.6118,-043.811,155.7520,
-056.942,-005.7552,-043.807,155.7896,
-057.346,018.4045,-043.771,155.7933,
-057.594,036.8078,-043.724,155.7899,
-057.700,065.7443,-043.744,155.7935,
-057.619,088.2394,-043.783,155.7842,
-057.438,106.0891,-043.778,155.7704,
-057.106,133.9045,-043.758,155.7661,
-056.866,154.1089,-043.723,155.7783,
-056.618,172.6747,-043.748,155.7841,
-056.374,-159.2770,-043.812,155.7598,
-056.305,-139.4975,-043.812,155.7475,
-056.260,-118.6736,-043.798,155.7427,
-056.218,-087.1218,-043.760,155.7835,
-056.070,-065.5648,-043.764,155.7621,
-055.821,-041.1283,-043.786,155.7301,
-055.469,-010.5779,-043.810,155.7516,
-055.133,009.3315,-043.804,155.7548,
-054.712,033.6282,-043.794,155.7265,
-054.223,062.7729,-043.766,155.7220,
-054.021,081.3664,-043.750,155.7481,
-053.884,105.2652,-043.762,155.7427,
-053.816,131.9401,-043.810,155.6872,
-053.855,149.7889,-043.818,155.6951,
-053.891,177.1766,-043.831,155.7374,
-053.749,-157.6083,-043.826,155.7236,
-053.562,-139.4649,-043.798,155.7134,
-053.149,-112.3446,-043.775,155.7602,
-052.907,-092.7840,-043.751,155.7896,
-052.796,-076.7632,-043.782,155.7838,
-052.760,-053.9626,-043.816,155.7505,
-052.871,-038.2528,-043.777,155.7609,
-053.050,-021.8128,-043.747,155.7990,
-053.375,000.4454,-043.723,155.8356,
-053.674,016.4982,-043.766,155.8014,
-053.976,035.4666,-043.787,155.7844,
-054.249,057.4429,-043.741,155.7880,
-054.301,073.2044,-043.706,155.8167,
-054.230,091.9018,-043.744,155.7971,
-054.090,109.8642,-043.819,155.7503,
-053.931,123.8587,-043.841,155.7094,
-053.713,140.3908,-043.811,155.7130,
-053.477,155.4239,-043.791,155.7409,
-053.296,167.3373,-043.809,155.7647,
-052.963,-176.8567,-043.806,155.7753,
-052.651,-164.6885,-043.783,155.7408,
-052.393,-154.3268,-043.742,155.7589,
-052.067,-139.6623,-043.730,155.7294,
-051.837,-129.3754,-043.745,155.7269,
-051.704,-119.2315,-043.758,155.7369,
-051.610,-105.2174,-043.792,155.7704,
-051.531,-095.4684,-043.803,155.7886,
-051.426,-084.1402,-043.767,155.7931,
-051.349,-070.2365,-043.777,155.7560,
-051.340,-060.8214,-043.770,155.7448,
-051.321,-048.5640,-043.751,155.7407,
-051.311,-036.5594,-043.740,155.7471,
-051.345,-027.9952,-043.777,155.7383,
-051.488,-016.5981,-043.820,155.7448,
-051.842,-006.5212,-043.817,155.7669,
-052.257,000.1352,-043.789,155.7670,
-053.093,009.2855,-043.772,155.7784,
-054.102,018.0971,-043.764,155.7780,
-054.978,024.0215,-043.745,155.7853,
-056.710,032.9264,-043.730,155.7924,
-058.287,039.4767,-043.757,155.7941,
-059.659,043.2362,-043.795,155.7930,
-062.291,048.1200,-043.816,155.8111,
-064.110,048.2305,-043.790,155.8307,
-065.508,044.8065,-043.756,155.8429,
-065.939,031.8567,-043.756,155.8428,
-064.986,023.3183,-043.769,155.8560,
-063.419,019.2895,-043.779,155.8586,
-060.809,019.3278,-043.764,155.8432,
-059.355,021.5796,-043.727,155.8489,
-057.832,026.0534,-043.720,155.8396,
-056.213,031.3483,-043.749,155.8248,
-055.332,034.7668,-043.770,155.8013,
-054.500,039.1129,-043.803,155.7689,
-053.847,043.3956,-043.762,155.7765,
-053.541,046.7406,-043.732,155.7825,
-053.305,052.0516,-043.693,155.7749,
-053.219,058.2211,-043.741,155.7691,
-053.197,062.5745,-043.782,155.7518,
-053.225,068.1627,-043.803,155.7620,
-053.287,074.1363,-043.790,155.7737,
-053.385,078.4895,-043.769,155.7699,
-053.534,085.1893,-043.790,155.7889,
-053.629,089.3100,-043.807,155.7832,
-053.763,091.9751,-043.835,155.7927,
-054.083,095.3266,-043.786,155.7963,
-054.480,096.7690,-043.718,155.8031,
-055.039,097.5564,-043.678,155.8137,
-056.072,097.8042,-043.747,155.7866,
-057.024,097.1325,-043.761,155.7792,
-058.352,096.5682,-043.786,155.7766,
-060.533,097.0467,-043.765,155.7896,
-062.565,099.1791,-043.754,155.7894,
-065.863,104.9367,-043.770,155.7976,
-071.250,124.6482,-043.713,155.8019,
-073.840,167.6425,-043.681,155.8220,
-069.241,-148.0258,-043.693,155.8114,
-064.690,-138.4280,-043.761,155.7736,
-062.321,-137.2370,-043.818,155.7538,
-059.823,-140.7167,-043.817,155.7412,
-058.106,-144.3758,-043.773,155.7332,
-056.999,-147.9344,-043.741,155.7466,
-055.645,-154.1463,-043.718,155.7385,
-054.698,-159.4086,-043.724,155.7449,
-053.960,-165.4121,-043.744,155.7435,
-053.153,-174.2740,-043.730,155.7493,
-052.665,177.9456,-043.756,155.7374,
-052.240,169.5527,-043.773,155.7314,
-051.803,158.0347,-043.764,155.7225,
-051.609,149.4303,-043.727,155.7277,
-051.506,139.7991,-043.689,155.7197,
-051.441,127.5007,-043.708,155.7088,
-051.460,117.9570,-043.732,155.7159,
-051.568,106.2524,-043.766,155.7466,
-051.824,092.3802,-043.702,155.7783,
-052.043,082.7198,-043.629,155.7976,
-052.357,069.3892,-043.607,155.7824,
-052.710,055.8705,-043.721,155.7440,
-053.016,045.8440,-043.795,155.7146,
-053.634,031.6721,-043.744,155.7388,
-054.338,019.8622,-043.684,155.7838,
-054.989,010.7999,-043.689,155.8008,
-056.107,-001.9291,-043.773,155.7823,
-057.160,-011.0879,-043.818,155.7708,
-058.311,-018.5874,-043.780,155.7730,
-059.942,-024.6015,-043.745,155.7908,
-060.984,-025.8877,-043.777,155.7967,
-061.765,-025.9662,-043.778,155.7895,
-061.705,-022.9256,-043.787,155.7967,
-061.136,-023.3169,-043.782,155.8048,
-060.064,-027.7498,-043.752,155.8191,
-058.765,-038.1127,-043.708,155.8212,
-057.905,-046.8731,-043.702,155.8092,
-057.010,-059.2961,-043.744,155.7916,
-056.240,-075.1853,-043.760,155.8110,
-055.802,-087.2945,-043.746,155.8185,
-055.247,-105.9194,-043.741,155.8189,
-054.854,-123.4303,-043.798,155.7665,
-054.620,-136.2713,-043.801,155.7540,
-054.330,-156.6694,-043.752,155.7740,
-054.158,-174.2640,-043.650,155.8294,
-054.128,172.5494,-043.608,155.8298,
-053.919,150.2370,-043.693,155.7692,
-053.766,133.9620,-043.799,155.7157,
-053.741,119.7265,-043.813,155.7279,
-053.609,099.0681,-043.760,155.7827,
-053.451,084.0386,-043.717,155.7983,
-053.334,068.4709,-043.700,155.7703,
-053.155,049.3007,-043.722,155.7415,
-053.068,035.3498,-043.736,155.7396,
-052.956,019.4506,-043.777,155.7684,
-052.819,-000.4106,-043.771,155.7969,
-052.739,-015.0071,-043.754,155.7812,
-052.647,-032.2852,-043.746,155.7752,
-052.533,-052.0875,-043.714,155.7702,
-052.455,-066.6902,-043.700,155.7767,
-052.389,-087.3491,-043.725,155.8070,
-052.336,-108.8803,-043.752,155.7841,
-052.276,-125.1787,-043.766,155.7342,
-052.197,-148.5652,-043.691,155.7520,
-052.113,-169.6530,-043.614,155.7907,
-051.991,172.1425,-043.622,155.7773,
-051.836,145.6032,-043.732,155.7046,
-051.731,125.0125,-043.776,155.7059,
-051.635,105.4194,-043.749,155.7582,
-051.502,078.8015,-043.673,155.7816,
-051.384,058.2314,-043.714,155.7618,
-051.300,036.0110,-043.796,155.7282,
-051.237,009.3914,-043.798,155.7958,
-051.253,-010.3035,-043.731,155.8038,
-051.347,-033.4589,-043.677,155.7762,
-051.556,-060.3750,-043.723,155.7784,
-051.734,-080.0547,-043.739,155.7986,
-052.029,-105.5397,-043.725,155.7947,
-052.335,-131.7341,-043.735,155.7450,
-052.589,-150.9445,-043.718,155.7779,
-052.982,-178.2419,-043.713,155.8318,
-053.409,156.6123,-043.706,155.7999,
-053.757,137.7680,-043.703,155.7823,
-054.300,109.9584,-043.745,155.8134,
-054.821,085.7807,-043.753,155.8259,
-055.291,065.4700,-043.741,155.8209,
-055.993,034.7465,-043.760,155.8184,
-056.501,011.4272,-043.783,155.8540,
-056.874,-010.0343,-043.711,155.8623,
-057.174,-040.5664,-043.613,155.8443,
-057.286,-062.4850,-043.612,155.8393,
-057.305,-084.0652,-043.705,155.8326,
-057.133,-111.5190,-043.782,155.7962,
-056.909,-130.3723,-043.771,155.7724,
-056.604,-150.8421,-043.686,155.7992,
-056.144,-176.3064,-043.671,155.7961,
-055.816,166.5885,-043.658,155.7815,
-055.463,146.2945,-043.589,155.7970,
-055.196,123.3526,-043.616,155.7801,
-055.111,107.0477,-043.623,155.8062,
-055.047,082.8345,-043.634,155.8260,
-055.053,058.4626,-043.640,155.8008,
-055.089,040.7886,-043.614,155.8167,
-055.112,014.3142,-043.558,155.8649,
-055.113,-009.0349,-043.554,155.8612,
-055.101,-028.9335,-043.576,155.8358,
-055.077,-059.3170,-043.630,155.8016,
-055.059,-080.9449,-043.635,155.8012,
-055.077,-100.2125,-043.567,155.8141,
-055.173,-128.5099,-043.482,155.8037,
-055.318,-149.1510,-043.521,155.7977,
-055.539,-170.0296,-043.634,155.7843,
-055.986,163.7437,-043.670,155.7658,
-056.345,145.6843,-043.625,155.7659,
-056.850,125.7525,-043.577,155.8003,
-057.759,102.2045,-043.590,155.8297,
-058.673,086.1203,-043.631,155.8354,
-060.109,067.0803,-043.619,155.8393,
-062.388,046.6485,-043.572,155.8671,
-064.791,032.1804,-043.588,155.8827,
-069.860,010.1965,-043.649,155.8552,
-081.429,-020.2212,-043.697,155.8480,
-080.927,176.8405,-043.701,155.8510,
-069.781,145.3826,-043.641,155.8707,
-065.734,126.6234,-043.624,155.8465,
-063.340,111.8708,-043.626,155.8526,
-060.935,092.6039,-043.653,155.8405,
-059.669,079.4337,-043.681,155.8324,
-058.796,066.9372,-043.645,155.8374,
-058.043,050.1964,-043.587,155.8602,
-057.751,037.8928,-043.608,155.8512,
-057.655,024.7249,-043.674,155.8408,
-057.814,008.5242,-043.677,155.8509,
-058.129,-003.4965,-043.619,155.8544,
-058.617,-018.6735,-043.548,155.8658,
-059.210,-038.0321,-043.585,155.8549,
-059.594,-052.6184,-043.632,155.8365,
-059.974,-071.3804,-043.669,155.8301,
-060.264,-091.8394,-043.645,155.8429,
-060.375,-106.1678,-043.627,155.8406,
-060.500,-126.4047,-043.618,155.8492,
-060.523,-146.1218,-043.633,155.8499,
-060.376,-158.9942,-043.651,155.8316,
-060.001,-177.3311,-043.623,155.8398,
-059.565,168.6003,-043.623,155.8507,
-059.230,157.9019,-043.636,155.8201,
-058.708,142.4802,-043.646,155.8003,
-058.489,133.5215,-043.662,155.7937,
-058.458,126.3987,-043.633,155.7959,
-058.723,115.9889,-043.616,155.8107,
-059.066,108.6820,-043.670,155.7931,
-059.468,101.6091,-043.704,155.7892,
-060.089,092.3407,-043.704,155.8051,
-060.593,086.0769,-043.641,155.8214,
-061.275,080.1287,-043.574,155.8574,
-062.383,074.9775,-043.587,155.8453,
-063.444,073.3061,-043.630,155.8322,
-065.160,072.8109,-043.672,155.8159,
-067.734,076.0460,-043.655,155.8335,
-069.933,084.4876,-043.616,155.8572,
-073.184,108.5862,-043.635,155.8568,
-073.846,151.7117,-043.664,155.8407,
-072.060,174.5271,-043.641,155.8380,
-069.165,-170.6711,-043.634,155.8455,
-067.081,-165.1430,-043.649,155.8357,
-065.875,-163.3767,-043.694,155.8257,
-064.498,-162.0291,-043.708,155.8201,
-063.749,-161.4314,-043.678,155.8363,
-063.323,-161.2359,-043.653,155.8451,
-063.016,-161.3121,-043.646,155.8553,
-063.033,-161.4594,-043.635,155.8513,
-063.197,-161.8565,-043.620,155.8518,
-063.667,-162.5158,-043.626,155.8609,
-064.266,-162.3880,-043.642,155.8515,
-065.291,-163.1403,-043.641,155.8513,
-066.951,-167.7725,-043.665,155.8532,
-068.142,-173.7870,-043.664,155.8511,
-069.628,174.0474,-043.684,155.8443,
DATA_END,
