FILENAME,E:\T_23\23_USP\ACQUIREDDATA\4AVHF085.MDB,
STEP,1,-90,-90,0,FORWARD,
SCAN,360,180,-179,1,REVERSE,
FREQ,SINGLE,1,8.45,
BEAM,1,
AXIS,0,
BINS,2,
SELECTED SCAN,ALL,
SELECTED FREQ,ALL,
SELECTED BEAM,ALL,
SELECTED BINS,ALL,
DATA_START,
-068.497,118.3903,-041.936,-109.6431,
-066.229,119.7206,-041.927,-109.6454,
-064.698,120.7090,-041.932,-109.6407,
-063.359,121.4972,-041.937,-109.6292,
-062.188,122.2636,-041.947,-109.6304,
-061.242,122.9650,-041.948,-109.6367,
-060.443,123.7848,-041.955,-109.6389,
-059.701,124.4199,-041.958,-109.6265,
-059.030,124.9087,-041.947,-109.6185,
-058.539,125.3503,-041.942,-109.6167,
-058.092,125.9059,-041.925,-109.6133,
-057.731,126.7473,-041.919,-109.6174,
-057.528,127.7800,-041.928,-109.6027,
-057.375,129.6214,-041.920,-109.6053,
-057.231,132.3164,-041.921,-109.6036,
-057.117,135.0191,-041.932,-109.5898,
-056.951,138.5486,-041.926,-109.6003,
-056.733,142.7573,-041.915,-109.6001,
-056.546,145.9873,-041.917,-109.5918,
-056.329,149.9408,-041.917,-109.5867,
-056.134,154.0887,-041.915,-109.5972,
-056.001,157.4136,-041.928,-109.5889,
-055.821,161.9158,-041.929,-109.6015,
-055.662,166.5715,-041.935,-109.5945,
-055.548,170.2097,-041.928,-109.5986,
-055.424,174.8598,-041.951,-109.6011,
-055.348,179.6040,-041.944,-109.6146,
-055.333,-176.5791,-041.963,-109.6014,
-055.340,-170.7778,-041.976,-109.6040,
-055.370,-165.4262,-041.977,-109.6001,
-055.398,-160.6905,-041.966,-109.5989,
-055.438,-152.9878,-041.967,-109.5974,
-055.456,-146.3916,-041.955,-109.5950,
-055.482,-140.2033,-041.951,-109.5945,
-055.481,-131.2310,-041.944,-109.5895,
-055.471,-124.6062,-041.953,-109.5931,
-055.471,-118.0467,-041.940,-109.5989,
-055.449,-108.5993,-041.924,-109.6084,
-055.406,-101.2634,-041.939,-109.6032,
-055.353,-093.6246,-041.944,-109.6084,
-055.237,-084.0890,-041.965,-109.6017,
-055.137,-076.7123,-041.970,-109.6034,
-055.025,-068.6054,-041.975,-109.6205,
-054.874,-059.2597,-041.991,-109.5959,
-054.790,-052.6596,-041.984,-109.6037,
-054.739,-044.9710,-041.978,-109.6127,
-054.751,-036.5888,-041.965,-109.6030,
-054.811,-029.7331,-041.963,-109.6058,
-054.901,-020.2527,-041.957,-109.6136,
-055.002,-011.0864,-041.954,-109.6024,
-055.115,-003.5853,-041.950,-109.6102,
-055.326,007.1525,-041.952,-109.6208,
-055.492,016.9229,-041.955,-109.6229,
-055.642,025.5903,-041.955,-109.6245,
-055.843,038.6948,-041.957,-109.6056,
-055.960,048.9041,-041.965,-109.5974,
-056.061,058.5108,-041.958,-109.6057,
-056.140,072.4520,-041.964,-109.6027,
-056.169,082.6766,-041.977,-109.5946,
-056.189,093.5204,-041.976,-109.6019,
-056.234,106.3531,-041.972,-109.6052,
-056.331,116.1236,-041.969,-109.6039,
-056.485,126.9856,-041.968,-109.6078,
-056.749,140.5129,-041.977,-109.5936,
-056.953,151.5312,-041.968,-109.5975,
-057.159,165.2334,-041.963,-109.6076,
-057.299,-179.8660,-041.981,-109.6034,
-057.323,-167.9372,-041.984,-109.5970,
-057.217,-152.4493,-041.985,-109.6147,
-057.097,-138.6172,-041.997,-109.6066,
-056.955,-127.3408,-041.992,-109.6083,
-056.728,-112.1008,-041.996,-109.6072,
-056.529,-099.5943,-041.995,-109.6071,
-056.335,-088.9614,-041.984,-109.6057,
-056.064,-074.5406,-041.997,-109.6085,
-055.901,-064.1038,-041.997,-109.6161,
-055.786,-054.1056,-041.995,-109.6248,
-055.707,-040.8598,-042.018,-109.6255,
-055.674,-030.9821,-042.015,-109.6340,
-055.686,-020.1620,-042.024,-109.6332,
-055.738,-007.4715,-042.011,-109.6461,
-055.808,002.1619,-042.014,-109.6359,
-055.917,013.6309,-042.012,-109.6351,
-056.061,026.1565,-042.016,-109.6255,
-056.178,035.4283,-042.003,-109.6395,
-056.385,046.7013,-042.020,-109.6284,
-056.621,058.7191,-042.021,-109.6308,
-056.833,068.1686,-042.025,-109.6377,
-057.118,081.5185,-042.035,-109.6374,
-057.357,093.2363,-042.035,-109.6341,
-057.561,102.5218,-042.021,-109.6406,
-057.807,115.4164,-042.009,-109.6425,
-057.978,125.8319,-042.012,-109.6383,
-058.165,134.9492,-042.010,-109.6407,
-058.388,147.6149,-042.024,-109.6334,
-058.539,156.9863,-042.022,-109.6372,
-058.644,165.9297,-042.024,-109.6394,
-058.776,177.3840,-042.019,-109.6400,
-058.832,-173.9283,-042.021,-109.6434,
-058.839,-165.1731,-042.032,-109.6321,
-058.794,-155.2577,-042.028,-109.6282,
-058.701,-147.8394,-042.025,-109.6246,
-058.548,-140.1587,-042.036,-109.6236,
-058.339,-131.6581,-042.041,-109.6267,
-058.145,-125.4327,-042.031,-109.6335,
-057.874,-118.5335,-042.022,-109.6274,
-057.554,-110.8495,-042.017,-109.6297,
-057.247,-104.7560,-042.015,-109.6295,
-056.822,-096.9913,-042.008,-109.6208,
-056.367,-089.3202,-042.010,-109.6226,
-055.975,-082.8262,-042.009,-109.6219,
-055.393,-073.7512,-042.004,-109.6345,
-054.891,-065.9556,-042.017,-109.6295,
-054.459,-059.0534,-042.019,-109.6150,
-053.897,-049.4202,-042.024,-109.6078,
-053.505,-041.9622,-042.016,-109.6107,
-053.124,-034.0935,-042.020,-109.6096,
-052.648,-023.6629,-042.030,-109.6132,
-052.304,-015.5758,-042.037,-109.6319,
-051.962,-006.6089,-042.025,-109.6486,
-051.587,003.7247,-042.037,-109.6470,
-051.332,011.6730,-042.044,-109.6441,
-051.049,021.0415,-042.039,-109.6300,
-050.775,031.6429,-042.042,-109.6184,
-050.580,039.5729,-042.037,-109.6041,
-050.363,049.3103,-042.031,-109.6046,
-050.160,059.5079,-042.014,-109.6137,
-050.024,066.9910,-042.007,-109.6153,
-049.857,077.3846,-041.999,-109.6213,
-049.721,087.4889,-042.018,-109.6091,
-049.635,095.2408,-042.018,-109.6217,
-049.529,106.7717,-042.016,-109.6099,
-049.438,116.3333,-042.029,-109.5909,
-049.353,124.7427,-042.042,-109.5900,
-049.215,136.5043,-042.045,-109.5836,
-049.111,145.3506,-042.035,-109.5885,
-049.020,153.7464,-042.012,-109.5786,
-048.913,164.6944,-042.008,-109.5930,
-048.838,172.8358,-042.003,-109.5878,
-048.774,-178.6245,-041.998,-109.6068,
-048.721,-168.5634,-042.003,-109.5930,
-048.700,-160.9517,-042.007,-109.5756,
-048.689,-151.9995,-041.989,-109.5623,
-048.665,-142.8382,-041.988,-109.5600,
-048.657,-136.0285,-041.984,-109.5609,
-048.653,-127.6716,-041.978,-109.5680,
-048.665,-119.3933,-041.974,-109.5642,
-048.691,-113.0509,-041.984,-109.5486,
-048.761,-104.4273,-041.969,-109.5809,
-048.840,-097.1618,-041.966,-109.5846,
-048.931,-091.4283,-041.963,-109.5912,
-049.077,-083.3043,-041.961,-109.5893,
-049.220,-076.7055,-041.966,-109.5828,
-049.368,-071.0719,-041.958,-109.5921,
-049.589,-063.2267,-041.970,-109.5837,
-049.761,-057.7242,-041.959,-109.5846,
-049.961,-052.1517,-041.969,-109.5991,
-050.252,-044.9638,-041.974,-109.6064,
-050.487,-039.8448,-041.990,-109.5893,
-050.773,-034.5725,-041.974,-109.5978,
-051.151,-028.5793,-041.973,-109.5974,
-051.473,-024.3238,-041.968,-109.6056,
-051.880,-019.3104,-041.979,-109.6060,
-052.385,-013.8942,-041.969,-109.6093,
-052.812,-009.8071,-041.948,-109.6227,
-053.371,-005.0435,-041.963,-109.6256,
-053.993,-000.6040,-041.975,-109.6183,
-054.525,002.5963,-041.977,-109.6207,
-055.313,006.5667,-041.974,-109.6181,
-056.138,009.9308,-041.978,-109.6220,
-056.913,012.5081,-041.965,-109.6262,
-058.154,015.9151,-041.958,-109.6233,
-059.412,018.4751,-041.951,-109.6187,
-060.730,020.2887,-041.954,-109.6222,
-063.023,022.4074,-041.931,-109.6412,
-065.325,023.0774,-041.939,-109.6302,
-068.139,021.9799,-041.923,-109.6387,
-074.583,015.3610,-041.935,-109.6420,
-084.934,-039.3652,-041.937,-109.6470,
-076.042,-124.3754,-041.932,-109.6553,
-068.905,-134.3352,-041.926,-109.6429,
-065.753,-136.0725,-041.911,-109.6357,
-063.180,-136.8887,-041.902,-109.6293,
-060.984,-137.5470,-041.896,-109.6043,
-059.621,-138.0750,-041.902,-109.6045,
-058.214,-138.7195,-041.902,-109.6037,
-056.934,-139.7014,-041.915,-109.5872,
-056.090,-140.4102,-041.928,-109.5905,
-055.099,-141.2813,-041.932,-109.5844,
-054.316,-142.0582,-041.917,-109.5785,
-053.788,-142.8538,-041.926,-109.5689,
-053.070,-144.2328,-041.924,-109.5719,
-052.566,-145.5476,-041.921,-109.5675,
-052.170,-146.8967,-041.921,-109.5517,
-051.653,-149.4368,-041.897,-109.5577,
-051.315,-151.5499,-041.891,-109.5504,
-050.997,-153.7935,-041.889,-109.5497,
-050.591,-157.3423,-041.900,-109.5454,
-050.315,-160.0471,-041.888,-109.5699,
-050.028,-163.0295,-041.894,-109.5590,
-049.707,-166.6784,-041.893,-109.5749,
-049.485,-169.5789,-041.907,-109.5706,
-049.261,-173.0620,-041.909,-109.5690,
-049.049,-177.2475,-041.915,-109.5853,
-048.930,179.4268,-041.916,-109.5841,
-048.814,175.3569,-041.939,-109.5748,
-048.717,170.7965,-041.954,-109.5827,
-048.649,166.8453,-041.955,-109.5801,
-048.582,161.6985,-041.949,-109.5755,
-048.526,156.9162,-041.947,-109.5536,
-048.518,152.7932,-041.946,-109.5568,
-048.535,146.9820,-041.948,-109.5602,
-048.578,141.8970,-041.952,-109.5678,
-048.642,136.8264,-041.964,-109.5762,
-048.731,129.7458,-041.975,-109.5757,
-048.797,124.1699,-041.971,-109.5700,
-048.877,118.2492,-041.967,-109.5657,
-048.980,110.7990,-041.982,-109.5747,
-049.060,104.6301,-041.979,-109.5824,
-049.131,097.5262,-041.974,-109.5888,
-049.187,089.7070,-041.978,-109.5810,
-049.218,083.3380,-041.977,-109.5976,
-049.212,075.8547,-041.981,-109.5906,
-049.214,068.4664,-041.985,-109.5881,
-049.217,062.5558,-041.987,-109.5846,
-049.276,055.2720,-041.980,-109.5802,
-049.360,048.1330,-041.975,-109.5756,
-049.458,042.6016,-041.963,-109.5695,
-049.667,034.8640,-041.977,-109.5669,
-049.904,028.0746,-041.964,-109.5704,
-050.119,022.5299,-041.951,-109.5815,
-050.486,014.0484,-041.974,-109.5948,
-050.818,006.6991,-041.979,-109.6087,
-051.083,000.5794,-041.994,-109.6243,
-051.471,-008.5643,-041.997,-109.6115,
-051.779,-015.8052,-041.994,-109.5929,
-052.074,-022.5408,-041.983,-109.5846,
-052.453,-031.5077,-041.977,-109.5665,
-052.774,-038.8330,-041.963,-109.5723,
-053.066,-045.9782,-041.966,-109.5775,
-053.383,-053.9206,-041.967,-109.5768,
-053.650,-060.8491,-041.972,-109.5834,
-053.949,-067.6964,-041.983,-109.5740,
-054.283,-074.6411,-041.984,-109.5731,
-054.617,-080.7105,-041.984,-109.5747,
-055.001,-087.2325,-041.966,-109.5804,
-055.414,-093.5188,-041.954,-109.5875,
-055.770,-098.9295,-041.956,-109.5824,
-056.238,-105.4254,-041.973,-109.5757,
-056.616,-110.8650,-041.964,-109.5921,
-056.982,-115.7406,-041.965,-109.5920,
-057.429,-122.3306,-041.960,-109.6083,
-057.738,-127.5790,-041.975,-109.6006,
-058.030,-132.7427,-041.986,-109.6049,
-058.385,-139.7925,-041.989,-109.6118,
-058.628,-145.1934,-041.965,-109.6072,
-058.878,-151.6281,-041.965,-109.5920,
-059.108,-160.7011,-041.952,-109.6034,
-059.221,-168.6128,-041.964,-109.6038,
-059.263,-178.4644,-041.955,-109.6149,
-059.155,169.9824,-041.953,-109.6145,
-059.036,161.2913,-041.949,-109.6188,
-058.821,150.5216,-041.957,-109.6134,
-058.586,139.2301,-041.977,-109.6286,
-058.383,130.1863,-041.987,-109.6237,
-058.106,118.4972,-041.980,-109.6304,
-057.811,107.3496,-041.980,-109.6222,
-057.584,098.2207,-041.982,-109.6051,
-057.283,086.2024,-041.971,-109.6158,
-057.063,075.6023,-041.967,-109.6107,
-056.951,066.6526,-041.966,-109.6062,
-056.802,053.6949,-041.956,-109.6019,
-056.731,043.2925,-041.951,-109.5947,
-056.727,033.8889,-041.951,-109.5958,
-056.787,020.1761,-041.938,-109.6163,
-056.881,009.3153,-041.936,-109.6235,
-056.946,-001.6771,-041.946,-109.6138,
-057.038,-017.3067,-041.936,-109.6235,
-057.029,-029.2923,-041.939,-109.6072,
-056.976,-041.9213,-041.945,-109.5915,
-056.905,-057.3267,-041.940,-109.5935,
-056.854,-068.9954,-041.931,-109.6021,
-056.770,-082.7231,-041.937,-109.6047,
-056.676,-097.9773,-041.942,-109.5938,
-056.554,-109.5222,-041.948,-109.5864,
-056.358,-123.5786,-041.938,-109.5854,
-056.125,-138.1904,-041.925,-109.5770,
-055.951,-149.1516,-041.925,-109.5722,
-055.719,-163.7627,-041.945,-109.5737,
-055.587,-176.7466,-041.934,-109.5900,
-055.513,173.2955,-041.939,-109.5848,
-055.434,159.0468,-041.922,-109.5827,
-055.388,147.0995,-041.928,-109.5673,
-055.374,137.0901,-041.927,-109.5780,
-055.377,122.5630,-041.932,-109.5762,
-055.376,111.7791,-041.940,-109.5863,
-055.384,101.2701,-041.952,-109.5930,
-055.389,086.2644,-041.967,-109.5831,
-055.390,074.9898,-041.954,-109.5805,
-055.385,063.0758,-041.953,-109.5869,
-055.335,049.0017,-041.943,-109.5836,
-055.305,038.7515,-041.950,-109.5670,
-055.286,026.9245,-041.917,-109.5867,
-055.298,013.3401,-041.912,-109.5920,
-055.341,003.1491,-041.924,-109.5895,
-055.407,-009.2635,-041.919,-109.5832,
-055.478,-022.5916,-041.915,-109.5853,
-055.500,-032.6553,-041.939,-109.5742,
-055.511,-046.4880,-041.955,-109.5755,
-055.519,-058.5798,-041.958,-109.5786,
-055.553,-068.1448,-041.954,-109.5849,
-055.637,-081.5783,-041.961,-109.5731,
-055.726,-092.2141,-041.966,-109.5832,
-055.809,-101.6587,-041.969,-109.5628,
-055.926,-115.5054,-041.969,-109.5787,
-055.984,-125.5874,-041.980,-109.5698,
-056.015,-135.7159,-041.961,-109.5685,
-056.029,-148.9404,-041.980,-109.5649,
-056.046,-158.1115,-041.967,-109.5743,
-056.038,-167.9956,-041.962,-109.5816,
-056.058,-179.7979,-041.972,-109.5777,
-056.066,171.8669,-041.969,-109.5779,
-056.090,161.8401,-041.981,-109.5749,
-056.097,150.7630,-041.979,-109.5763,
-056.115,142.7047,-041.979,-109.5817,
-056.145,132.3359,-041.990,-109.5823,
-056.180,121.4637,-041.988,-109.5715,
-056.235,113.6687,-041.987,-109.5802,
-056.294,103.2578,-041.981,-109.5933,
-056.360,094.2074,-041.990,-109.5833,
-056.419,087.5189,-041.982,-109.5844,
-056.514,077.7261,-041.986,-109.5882,
-056.580,069.7422,-041.994,-109.5887,
-056.639,063.4007,-041.982,-109.5989,
-056.735,054.4622,-041.973,-109.6007,
-056.819,047.9097,-041.968,-109.6078,
-056.933,041.5619,-041.975,-109.5944,
-057.120,033.5738,-041.957,-109.6026,
-057.337,027.6622,-041.949,-109.6142,
-057.564,022.0158,-041.958,-109.6197,
-057.910,015.3373,-041.970,-109.6307,
-058.230,010.3290,-042.001,-109.6248,
-058.612,005.0693,-042.008,-109.6404,
-059.109,-000.7367,-042.014,-109.6421,
-059.540,-004.7606,-042.014,-109.6440,
-060.111,-009.1008,-042.011,-109.6501,
-060.800,-013.1857,-042.022,-109.6514,
-061.464,-015.9987,-042.021,-109.6450,
-062.474,-019.5704,-041.986,-109.6368,
-063.593,-022.3702,-041.972,-109.6433,
-064.633,-024.3534,-041.961,-109.6256,
-066.317,-026.9586,-041.958,-109.6286,
-068.105,-028.3700,-041.961,-109.6264,
-070.070,-029.4070,-041.964,-109.6338,
-073.901,-028.1091,-041.975,-109.6500,
-078.646,-020.9579,-041.974,-109.6393,
-086.260,018.1269,-041.977,-109.6335,
-079.689,106.3260,-041.963,-109.6581,
-074.399,115.9489,-041.974,-109.6466,
-070.500,118.3635,-041.969,-109.6399,
DATA_END,
