FILENAME,E:\T_23\23_USP\ACQUIREDDATA\4AVHF13.MDB,
STEP,1,-90,-90,0,FORWARD,
SCAN,360,180,-179,1,REVERSE,
FREQ,SINGLE,1,13,
BEAM,1,
AXIS,0,
BINS,2,
SELECTED SCAN,ALL,
SELECTED FREQ,ALL,
SELECTED BEAM,ALL,
SELECTED BINS,ALL,
DATA_START,
-069.812,-008.9618,-042.054,156.3197,
-065.595,-029.1691,-042.034,156.3052,
-063.045,-038.7662,-042.023,156.2884,
-061.123,-044.4792,-042.042,156.2777,
-059.605,-048.9848,-042.048,156.2649,
-058.521,-052.0177,-042.114,156.2422,
-057.655,-054.0077,-042.177,156.1996,
-056.936,-055.5385,-042.230,156.1809,
-056.251,-056.4613,-042.176,156.1776,
-055.752,-056.4592,-042.153,156.1960,
-055.354,-056.1155,-042.160,156.1819,
-055.045,-054.2085,-042.188,156.1607,
-054.876,-051.5729,-042.261,156.1442,
-054.694,-048.0782,-042.257,156.1427,
-054.491,-043.3669,-042.182,156.1691,
-054.353,-039.7198,-042.098,156.1974,
-054.192,-035.1534,-041.971,156.2469,
-053.997,-029.4701,-041.935,156.2627,
-053.829,-025.3641,-041.931,156.2601,
-053.669,-020.0626,-041.939,156.2458,
-053.555,-014.2476,-041.990,156.2500,
-053.545,-009.6623,-042.024,156.2426,
-053.651,-003.4334,-042.069,156.2353,
-053.873,002.8724,-042.077,156.2433,
-054.114,008.1159,-042.070,156.2404,
-054.498,015.4726,-041.978,156.2552,
-054.922,023.5515,-041.928,156.2736,
-055.266,030.7415,-041.976,156.2577,
-055.751,041.6059,-042.012,156.2216,
-056.145,051.4095,-042.030,156.2220,
-056.429,060.1295,-041.972,156.2481,
-056.835,073.4953,-041.978,156.2531,
-057.067,084.6924,-042.007,156.2509,
-057.197,094.2983,-042.020,156.2405,
-057.396,107.8314,-042.081,156.2306,
-057.628,117.6425,-042.038,156.2463,
-057.958,127.4368,-042.002,156.2609,
-058.650,141.0863,-041.924,156.3089,
-059.440,153.0892,-041.934,156.3268,
-060.378,168.1711,-042.015,156.3128,
-061.264,-170.2885,-042.096,156.3118,
-061.632,-151.9964,-042.146,156.2862,
-061.577,-131.2431,-042.090,156.2896,
-061.068,-109.4755,-042.068,156.2925,
-060.516,-094.9608,-042.014,156.3048,
-059.856,-079.5694,-041.964,156.3138,
-059.479,-065.2677,-041.968,156.3203,
-059.393,-053.1483,-041.988,156.2833,
-059.419,-035.8698,-042.059,156.2555,
-059.437,-019.3882,-042.107,156.2452,
-059.384,-005.4457,-042.151,156.2330,
-059.206,014.0854,-042.224,156.2005,
-059.011,029.0204,-042.245,156.1819,
-058.922,042.1244,-042.227,156.1857,
-058.848,062.0062,-042.178,156.1976,
-058.804,076.5397,-042.203,156.1995,
-058.855,090.3746,-042.192,156.2044,
-059.125,110.7201,-042.258,156.1702,
-059.340,126.3853,-042.220,156.1906,
-059.392,145.0765,-042.186,156.1962,
-059.105,168.7359,-042.143,156.2124,
-058.657,-174.6075,-042.064,156.2392,
-057.984,-156.0830,-042.040,156.2401,
-057.212,-137.4059,-041.986,156.2418,
-056.649,-124.5975,-041.969,156.2486,
-056.029,-109.7683,-041.981,156.2671,
-055.485,-094.5576,-041.996,156.2659,
-055.197,-082.7373,-042.099,156.2320,
-054.900,-066.0975,-042.139,156.2127,
-054.635,-050.7176,-042.162,156.1802,
-054.394,-038.9762,-042.171,156.1807,
-054.035,-021.8024,-042.066,156.2222,
-053.760,-008.1263,-042.088,156.2337,
-053.583,003.2611,-042.048,156.2457,
-053.399,020.5938,-042.056,156.2296,
-053.303,033.3229,-042.063,156.1899,
-053.226,046.6576,-042.078,156.1685,
-053.074,066.0043,-042.123,156.1772,
-052.895,080.1151,-042.129,156.1861,
-052.691,096.4790,-042.180,156.1644,
-052.359,115.6018,-042.122,156.1518,
-052.087,129.9019,-042.114,156.1353,
-051.758,146.6785,-041.996,156.1782,
-051.480,165.0767,-041.982,156.2436,
-051.301,179.0566,-041.987,156.2522,
-051.068,-163.6280,-042.072,156.2161,
-050.805,-145.0637,-042.161,156.1500,
-050.583,-130.7133,-042.125,156.1488,
-050.341,-110.8382,-042.092,156.1892,
-050.178,-093.3868,-042.024,156.2509,
-050.073,-079.6188,-041.965,156.2533,
-049.928,-059.3575,-041.982,156.2104,
-049.834,-042.5511,-041.974,156.2026,
-049.821,-027.4034,-042.053,156.1753,
-049.855,-005.6655,-042.079,156.2145,
-049.916,010.2897,-042.127,156.1847,
-049.985,025.8476,-042.150,156.1495,
-050.042,047.7803,-042.105,156.1565,
-050.067,065.3421,-042.125,156.1912,
-050.075,082.7339,-042.100,156.2127,
-050.097,104.5501,-042.177,156.1739,
-050.107,121.3337,-042.181,156.1200,
-050.086,139.8788,-042.185,156.1088,
-050.020,161.3532,-042.140,156.1700,
-049.955,178.0842,-042.070,156.2387,
-049.891,-163.2526,-042.023,156.2090,
-049.779,-143.3112,-041.964,156.1949,
-049.703,-128.2005,-041.971,156.1863,
-049.622,-109.1118,-041.964,156.2332,
-049.597,-091.5131,-041.981,156.2480,
-049.610,-077.7635,-042.006,156.2151,
-049.682,-059.2055,-042.014,156.2177,
-049.774,-043.2840,-042.096,156.1802,
-049.885,-029.7333,-042.117,156.1824,
-050.085,-010.7870,-042.112,156.2313,
-050.294,003.0074,-042.081,156.2681,
-050.533,016.6433,-042.005,156.2748,
-050.913,034.5985,-042.003,156.2573,
-051.226,048.3531,-041.972,156.2702,
-051.559,063.1714,-041.964,156.2929,
-051.936,080.4530,-041.973,156.3112,
-052.224,093.1586,-042.004,156.3199,
-052.551,107.8857,-042.033,156.2795,
-052.923,125.3921,-042.086,156.2198,
-053.198,138.5213,-042.119,156.2171,
-053.471,153.7605,-042.032,156.2552,
-053.749,169.6621,-041.965,156.3062,
-053.986,-179.4458,-041.906,156.3235,
-054.280,-164.8533,-041.906,156.3130,
-054.515,-151.2162,-042.004,156.2645,
-054.665,-141.0897,-042.068,156.2328,
-054.790,-126.2551,-042.135,156.2105,
-054.822,-114.5409,-042.102,156.2290,
-054.861,-104.6771,-042.059,156.2632,
-054.899,-091.2173,-041.954,156.2904,
-054.866,-081.6535,-041.922,156.3197,
-054.772,-072.9870,-041.943,156.3013,
-054.630,-062.0398,-041.955,156.2724,
-054.481,-053.8602,-041.997,156.2491,
-054.311,-045.8518,-042.050,156.2238,
-054.059,-036.0982,-042.091,156.2082,
-053.828,-028.7335,-042.155,156.1905,
-053.578,-020.4759,-042.155,156.1888,
-053.257,-010.6222,-042.229,156.1848,
-053.018,-003.1188,-042.183,156.1985,
-052.740,005.9576,-042.205,156.1872,
-052.481,014.7507,-042.208,156.1766,
-052.270,021.6694,-042.195,156.1513,
-052.043,030.6329,-042.179,156.1415,
-051.841,038.8641,-042.104,156.1626,
-051.668,045.8708,-042.092,156.1633,
-051.442,055.5202,-042.013,156.1928,
-051.309,063.2047,-042.004,156.2207,
-051.234,070.0244,-041.997,156.2183,
-051.195,079.0151,-041.970,156.2475,
-051.188,085.6842,-041.978,156.2476,
-051.201,092.1769,-042.004,156.2408,
-051.258,100.6404,-042.070,156.1944,
-051.311,106.5579,-042.117,156.1675,
-051.405,112.8195,-042.130,156.1238,
-051.570,119.8256,-042.086,156.1187,
-051.758,125.1116,-042.025,156.1432,
-051.994,131.2649,-042.027,156.1317,
-052.351,137.6496,-041.997,156.1498,
-052.722,142.7224,-041.979,156.1511,
-053.212,147.5790,-042.002,156.1599,
-053.810,152.7834,-042.004,156.1621,
-054.259,156.6580,-042.059,156.1514,
-054.884,161.5483,-042.063,156.1621,
-055.576,166.8228,-042.121,156.1436,
-056.248,170.4165,-042.087,156.1574,
-057.301,174.8290,-042.020,156.1804,
-058.383,177.6726,-041.971,156.2086,
-059.431,179.5271,-041.964,156.2146,
-061.271,-177.6012,-042.029,156.2000,
-063.103,-174.3958,-042.087,156.1806,
-065.568,-170.4796,-042.159,156.1823,
-070.951,-164.6515,-042.165,156.1778,
-080.556,-159.7063,-042.119,156.2032,
-080.025,023.2291,-042.065,156.2287,
-069.621,024.1693,-041.983,156.2799,
-065.973,025.3612,-041.993,156.2749,
-063.049,026.7213,-041.989,156.2737,
-060.578,028.3137,-042.037,156.2568,
-059.036,029.5093,-042.112,156.2385,
-057.508,030.9312,-042.160,156.2139,
-056.277,032.7850,-042.216,156.2036,
-055.567,033.9181,-042.191,156.2138,
-054.745,034.5332,-042.207,156.2228,
-054.142,035.0060,-042.217,156.2204,
-053.735,035.5769,-042.207,156.2148,
-053.303,035.4993,-042.271,156.1805,
-053.015,034.2161,-042.265,156.2000,
-052.780,032.4743,-042.232,156.2038,
-052.349,029.6578,-042.167,156.2176,
-052.051,027.9217,-042.100,156.2471,
-051.852,026.6810,-042.082,156.2738,
-051.696,024.0702,-042.017,156.3013,
-051.583,021.4033,-042.010,156.2942,
-051.440,018.2838,-041.997,156.3223,
-051.209,014.6016,-041.978,156.3369,
-051.066,012.5613,-042.010,156.3313,
-051.037,010.2481,-042.000,156.3434,
-051.122,007.7710,-042.023,156.3341,
-051.286,005.4638,-042.042,156.3367,
-051.515,002.3366,-042.053,156.3125,
-051.808,-001.2358,-042.053,156.3102,
-052.067,-004.2317,-042.056,156.3032,
-052.406,-007.4975,-042.052,156.3012,
-052.790,-010.7763,-042.026,156.3073,
-053.074,-013.3997,-042.031,156.3111,
-053.379,-017.1173,-042.026,156.3027,
-053.670,-020.3719,-042.095,156.2773,
-053.966,-023.2403,-042.133,156.2568,
-054.358,-027.1904,-042.126,156.2563,
-054.620,-030.9313,-042.103,156.2634,
-054.839,-034.9513,-042.063,156.2869,
-055.097,-040.2417,-041.997,156.2800,
-055.297,-044.5279,-042.001,156.2766,
-055.498,-049.3213,-042.008,156.2760,
-055.638,-054.9066,-042.077,156.2542,
-055.717,-060.1516,-042.057,156.2439,
-055.742,-067.1475,-042.071,156.2320,
-055.722,-075.5452,-042.031,156.2756,
-055.681,-083.1241,-042.056,156.2575,
-055.588,-092.6371,-042.082,156.2513,
-055.465,-102.6543,-042.061,156.2621,
-055.300,-111.2303,-042.057,156.2734,
-054.950,-123.3877,-042.034,156.2611,
-054.519,-134.1905,-042.060,156.2348,
-054.185,-142.4685,-042.095,156.2157,
-053.787,-154.7190,-042.147,156.2159,
-053.445,-165.7924,-042.182,156.2170,
-053.133,-175.6671,-042.169,156.2238,
-052.701,170.7027,-042.152,156.2285,
-052.344,159.6605,-042.103,156.2115,
-052.002,149.1899,-042.128,156.1678,
-051.603,135.6705,-042.168,156.0956,
-051.276,124.7170,-042.193,156.1142,
-050.973,113.1596,-042.176,156.1498,
-050.725,100.5004,-042.073,156.2148,
-050.527,088.5155,-042.066,156.2214,
-050.338,075.4943,-042.025,156.2211,
-050.204,062.6310,-042.046,156.2033,
-050.184,051.1746,-042.050,156.1759,
-050.268,037.3301,-042.013,156.1789,
-050.392,023.7981,-042.016,156.1844,
-050.521,011.0061,-042.009,156.2216,
-050.685,-006.4722,-042.060,156.2061,
-050.820,-021.9667,-042.077,156.1796,
-050.957,-036.6770,-042.055,156.1759,
-051.124,-057.3437,-042.086,156.1638,
-051.189,-073.4514,-042.034,156.2109,
-051.202,-089.7917,-042.009,156.2331,
-051.065,-112.8060,-041.989,156.1898,
-050.871,-128.8049,-042.011,156.1619,
-050.643,-145.1787,-042.064,156.1524,
-050.373,-165.6592,-042.087,156.1720,
-050.216,-179.9793,-042.107,156.1901,
-050.063,163.3920,-042.094,156.1781,
-049.947,143.9124,-042.055,156.1572,
-049.903,130.2202,-042.038,156.1590,
-049.894,112.9768,-042.003,156.1978,
-049.924,094.9479,-042.025,156.2384,
-049.991,081.2245,-042.037,156.2390,
-050.137,063.0444,-042.083,156.2001,
-050.315,045.5986,-042.060,156.1945,
-050.504,031.9442,-042.041,156.1939,
-050.789,012.1589,-042.042,156.2521,
-051.054,-005.7668,-042.058,156.2543,
-051.258,-020.4701,-042.097,156.2194,
-051.526,-041.4085,-042.087,156.1853,
-051.708,-057.9545,-042.117,156.2056,
-051.838,-072.2624,-042.084,156.2232,
-052.033,-092.2164,-042.104,156.2357,
-052.207,-107.3326,-042.123,156.1988,
-052.351,-122.0456,-042.128,156.1506,
-052.577,-141.6000,-042.164,156.1383,
-052.710,-156.5012,-042.183,156.1419,
-052.833,-171.8074,-042.197,156.1666,
-052.990,169.6282,-042.195,156.1645,
-053.133,156.1278,-042.173,156.1528,
-053.328,140.8271,-042.175,156.1291,
-053.613,123.9361,-042.146,156.1571,
-053.892,111.2831,-042.120,156.1831,
-054.326,095.3706,-042.084,156.2271,
-054.849,077.7282,-042.069,156.2199,
-055.212,064.4366,-042.051,156.2032,
-055.643,045.9797,-042.074,156.2161,
-056.062,029.3632,-042.089,156.2317,
-056.395,016.1478,-042.063,156.2589,
-057.041,-003.3181,-042.070,156.2629,
-057.658,-020.0689,-042.055,156.2587,
-058.238,-035.4674,-042.025,156.2638,
-058.954,-060.0644,-042.045,156.2634,
-059.387,-079.6556,-042.028,156.2592,
-059.685,-098.2857,-042.039,156.2599,
-059.889,-125.0040,-042.032,156.2713,
-059.911,-144.1212,-041.988,156.3040,
-059.881,-162.6919,-042.004,156.2969,
-059.811,173.5259,-042.111,156.2535,
-059.712,156.1640,-042.146,156.2314,
-059.597,137.3914,-042.179,156.2263,
-059.411,115.3954,-042.177,156.2311,
-059.276,100.2060,-042.138,156.2384,
-059.249,082.3855,-042.088,156.2618,
-059.314,061.6317,-042.072,156.2510,
-059.400,046.5936,-042.082,156.2504,
-059.771,026.1233,-042.121,156.2521,
-060.176,007.0051,-042.108,156.2465,
-060.541,-008.0197,-042.110,156.2540,
-060.921,-030.9923,-042.095,156.2421,
-061.185,-052.2031,-042.049,156.2590,
-061.249,-070.1312,-042.039,156.2653,
-061.126,-095.7665,-042.031,156.2789,
-060.944,-115.3400,-042.079,156.2603,
-060.704,-133.1771,-042.097,156.2421,
-060.258,-157.1530,-042.119,156.2428,
-059.845,-175.2121,-042.090,156.2498,
-059.280,167.3053,-042.108,156.2519,
-058.566,147.4612,-042.139,156.2267,
-058.121,133.1665,-042.143,156.2085,
-057.810,117.1182,-042.165,156.2015,
-057.677,099.0132,-042.179,156.1997,
-057.638,085.3260,-042.144,156.2094,
-057.590,068.7162,-042.165,156.2179,
-057.432,052.1533,-042.141,156.1947,
-057.190,039.9587,-042.134,156.2033,
-056.830,024.3060,-042.114,156.2335,
-056.517,010.5942,-042.083,156.2369,
-056.281,-000.4805,-042.090,156.2623,
-055.961,-015.5623,-042.022,156.2589,
-055.681,-028.5746,-042.040,156.2578,
-055.473,-039.5932,-042.005,156.2488,
-055.267,-053.9001,-042.012,156.2387,
-055.144,-064.2200,-042.054,156.2289,
-055.007,-073.4537,-042.046,156.2342,
-054.767,-085.4617,-042.074,156.2496,
-054.621,-095.3439,-042.044,156.2521,
-054.607,-104.7806,-042.020,156.2390,
-054.675,-115.3381,-042.008,156.2396,
-054.739,-123.0378,-042.067,156.2183,
-054.746,-130.6541,-042.111,156.2092,
-054.802,-139.3116,-042.123,156.2004,
-054.930,-146.0114,-042.121,156.2110,
-055.219,-153.8155,-042.145,156.2303,
-055.617,-161.2110,-042.183,156.1968,
-055.907,-166.3371,-042.229,156.2012,
-056.241,-172.7500,-042.159,156.2411,
-056.565,-179.1543,-042.117,156.2612,
-056.935,175.3511,-042.100,156.2656,
-057.753,167.4776,-042.075,156.2676,
-058.725,160.9162,-042.007,156.2956,
-059.827,154.6762,-042.039,156.2967,
-061.945,146.5265,-042.122,156.2720,
-063.925,140.7856,-042.120,156.2816,
-066.040,134.4203,-042.081,156.2875,
-069.488,119.3367,-042.071,156.3135,
-072.674,095.0476,-042.082,156.3041,
-073.974,032.1180,-042.102,156.2943,
DATA_END,
