FILENAME,E:\T_23\23_USP\ACQUIREDDATA\4AVVF03.MDB,
STEP,1,-90,-90,0,FORWARD,
SCAN,360,-179,180,1,FORWARD,
FREQ,SINGLE,1,3,
BEAM,1,
AXIS,0,
BINS,2,
SELECTED SCAN,ALL,
SELECTED FREQ,ALL,
SELECTED BEAM,ALL,
SELECTED BINS,ALL,
DATA_START,
-070.576,088.9159,-036.714,-022.9553,
-068.616,078.7852,-036.750,-022.9810,
-066.877,073.3134,-036.739,-022.9804,
-065.561,069.9220,-036.721,-022.9523,
-064.094,066.9241,-036.761,-022.9855,
-062.993,065.2384,-036.784,-022.9895,
-062.006,064.5153,-036.758,-022.9657,
-060.998,063.6945,-036.735,-022.9350,
-060.026,063.3139,-036.731,-022.9111,
-059.280,063.3028,-036.707,-022.8871,
-058.424,063.8426,-036.695,-022.8695,
-057.674,064.3253,-036.712,-022.8608,
-057.104,064.7362,-036.705,-022.8561,
-056.419,065.7474,-036.729,-022.8616,
-055.853,066.6828,-036.734,-022.8704,
-055.472,067.5453,-036.747,-022.8827,
-054.929,069.0688,-036.824,-022.9298,
-054.447,070.0069,-036.779,-022.8960,
-054.129,070.8091,-036.782,-022.9058,
-053.674,072.2081,-036.732,-022.8510,
-053.310,073.4599,-036.722,-022.8369,
-053.092,074.5487,-036.724,-022.8531,
-052.722,075.8455,-036.730,-022.8679,
-052.422,077.4144,-036.718,-022.8663,
-052.230,078.2559,-036.685,-022.8395,
-051.911,080.0609,-036.742,-022.8824,
-051.686,081.6606,-036.737,-022.8842,
-051.509,082.8214,-036.750,-022.8983,
-051.146,084.8832,-036.719,-022.8877,
-050.954,086.2537,-036.752,-022.9175,
-050.784,087.7073,-036.737,-022.8904,
-050.506,090.2562,-036.810,-022.9365,
-050.320,091.9561,-036.855,-022.9746,
-050.111,093.4904,-036.791,-022.9256,
-049.879,096.0295,-036.761,-022.9002,
-049.732,097.7230,-036.736,-022.8571,
-049.564,099.8664,-036.750,-022.8645,
-049.411,102.5696,-036.731,-022.8416,
-049.305,104.3641,-036.704,-022.8128,
-049.175,106.8586,-036.688,-022.7815,
-049.043,110.0615,-036.615,-022.6970,
-048.974,112.2326,-036.639,-022.7205,
-048.864,114.9808,-036.677,-022.7426,
-048.762,118.5683,-036.691,-022.7609,
-048.683,120.5568,-036.690,-022.7443,
-048.579,124.0090,-036.724,-022.7680,
-048.495,127.5165,-036.734,-022.7722,
-048.400,129.4886,-036.707,-022.7595,
-048.285,133.4615,-036.730,-022.7813,
-048.204,136.5378,-036.745,-022.8119,
-048.141,139.0969,-036.783,-022.8182,
-048.088,143.5617,-036.746,-022.8008,
-048.040,146.5599,-036.750,-022.7913,
-048.012,149.2917,-036.759,-022.8032,
-048.000,153.4979,-036.761,-022.7897,
-047.987,156.6128,-036.741,-022.7911,
-047.982,160.1301,-036.793,-022.8485,
-048.018,164.4033,-036.792,-022.8828,
-048.064,167.1828,-036.773,-022.8876,
-048.089,170.8826,-036.736,-022.8535,
-048.165,175.1754,-036.754,-022.9016,
-048.239,178.0879,-036.733,-022.9162,
-048.321,-178.2600,-036.711,-022.8955,
-048.417,-174.2934,-036.721,-022.9162,
-048.504,-171.5152,-036.690,-022.8539,
-048.678,-167.9261,-036.718,-022.8664,
-048.845,-164.2180,-036.649,-022.8151,
-049.005,-161.3275,-036.608,-022.7597,
-049.282,-156.6459,-036.582,-022.7224,
-049.515,-152.6593,-036.610,-022.7197,
-049.729,-148.6677,-036.692,-022.8147,
-050.046,-143.1648,-036.702,-022.8280,
-050.273,-138.9038,-036.698,-022.8146,
-050.518,-134.2737,-036.652,-022.7978,
-050.776,-128.6858,-036.589,-022.7250,
-050.947,-124.3448,-036.592,-022.7437,
-051.112,-118.8339,-036.560,-022.7213,
-051.287,-112.5301,-036.501,-022.6770,
-051.402,-108.1334,-036.489,-022.6799,
-051.554,-102.3883,-036.502,-022.6994,
-051.696,-096.1509,-036.528,-022.7349,
-051.802,-091.5774,-036.547,-022.7526,
-051.952,-085.3779,-036.577,-022.7685,
-052.059,-079.5561,-036.593,-022.7755,
-052.166,-075.0488,-036.562,-022.7263,
-052.290,-067.9394,-036.611,-022.7601,
-052.385,-062.0035,-036.608,-022.7440,
-052.469,-057.3484,-036.612,-022.7308,
-052.540,-049.9292,-036.598,-022.7160,
-052.595,-044.0919,-036.580,-022.6978,
-052.622,-038.9712,-036.595,-022.7066,
-052.613,-031.5355,-036.600,-022.7351,
-052.594,-026.3684,-036.620,-022.7875,
-052.535,-020.9158,-036.610,-022.7788,
-052.464,-013.9945,-036.612,-022.7910,
-052.404,-009.3459,-036.629,-022.8467,
-052.279,-003.8138,-036.621,-022.8338,
-052.124,002.5906,-036.609,-022.8213,
-052.018,006.7769,-036.634,-022.8441,
-051.871,011.8232,-036.609,-022.8014,
-051.709,017.6869,-036.657,-022.8305,
-051.593,021.7338,-036.691,-022.8503,
-051.467,026.1877,-036.677,-022.8071,
-051.300,031.2462,-036.633,-022.7505,
-051.196,034.6602,-036.669,-022.7940,
-051.020,039.5913,-036.648,-022.7597,
-050.871,043.9380,-036.649,-022.7532,
-050.760,046.8906,-036.616,-022.7353,
-050.579,051.4731,-036.601,-022.7270,
-050.447,054.9650,-036.578,-022.7051,
-050.340,057.9015,-036.585,-022.7129,
-050.204,062.0335,-036.546,-022.6780,
-050.110,064.8331,-036.525,-022.6540,
-050.023,067.5544,-036.554,-022.6903,
-049.921,071.3437,-036.562,-022.7162,
-049.887,074.0807,-036.588,-022.7454,
-049.848,076.9907,-036.572,-022.7286,
-049.815,080.4892,-036.562,-022.7158,
-049.817,082.8307,-036.577,-022.7476,
-049.804,085.6994,-036.598,-022.7697,
-049.799,088.9405,-036.608,-022.7632,
-049.822,091.2463,-036.589,-022.7523,
-049.861,093.9602,-036.614,-022.7629,
-049.904,096.7684,-036.582,-022.7438,
-049.961,098.6241,-036.582,-022.7472,
-050.082,101.3912,-036.629,-022.7945,
-050.202,103.6733,-036.660,-022.7950,
-050.316,105.6239,-036.634,-022.7816,
-050.493,108.4107,-036.616,-022.7635,
-050.667,110.5197,-036.656,-022.7819,
-050.842,112.7107,-036.620,-022.7502,
-051.082,115.4403,-036.613,-022.7218,
-051.293,117.6592,-036.616,-022.7436,
-051.506,120.2736,-036.620,-022.7328,
-051.760,123.2943,-036.591,-022.6843,
-051.938,125.5848,-036.549,-022.6515,
-052.159,128.6972,-036.501,-022.6008,
-052.424,132.0775,-036.487,-022.5720,
-052.571,134.3871,-036.476,-022.5634,
-052.804,136.9978,-036.463,-022.5442,
-052.996,140.0049,-036.442,-022.5374,
-053.113,142.0770,-036.434,-022.5569,
-053.405,144.9787,-036.418,-022.5382,
-053.583,147.3425,-036.432,-022.5746,
-053.704,148.9619,-036.421,-022.5766,
-053.966,151.0928,-036.423,-022.5920,
-054.146,152.9718,-036.417,-022.5858,
-054.340,154.1975,-036.403,-022.5822,
-054.610,155.7766,-036.418,-022.6151,
-054.825,156.8880,-036.436,-022.6208,
-055.039,157.5796,-036.428,-022.6275,
-055.395,158.1473,-036.437,-022.6433,
-055.606,158.5131,-036.444,-022.6418,
-055.977,158.1980,-036.453,-022.6661,
-056.494,158.1253,-036.470,-022.6830,
-056.903,157.8456,-036.457,-022.6724,
-057.412,157.1268,-036.457,-022.6755,
-058.171,155.8249,-036.498,-022.7300,
-058.730,154.5752,-036.502,-022.7199,
-059.501,153.3217,-036.503,-022.7341,
-060.628,151.2705,-036.486,-022.7326,
-061.460,149.6079,-036.480,-022.7362,
-062.783,147.4280,-036.483,-022.7407,
-064.338,144.9063,-036.466,-022.7252,
-065.569,142.8999,-036.452,-022.7389,
-067.801,139.4699,-036.443,-022.7348,
-070.234,136.0768,-036.444,-022.7374,
-072.703,129.9417,-036.443,-022.7396,
-078.469,109.8682,-036.436,-022.7159,
-083.487,061.2503,-036.441,-022.7129,
-081.079,012.4411,-036.425,-022.6900,
-075.584,-012.6101,-036.420,-022.6971,
-072.902,-020.1324,-036.423,-022.7012,
-070.796,-024.6400,-036.432,-022.7185,
-068.970,-028.3744,-036.442,-022.7279,
-067.814,-031.0525,-036.462,-022.7369,
-066.843,-033.0721,-036.455,-022.7219,
-066.169,-035.2314,-036.486,-022.7525,
-065.576,-036.0587,-036.517,-022.7828,
-064.776,-035.7480,-036.537,-022.7856,
-064.079,-036.0888,-036.546,-022.7959,
-063.712,-035.9907,-036.567,-022.8125,
-063.162,-036.1292,-036.574,-022.8339,
-062.722,-035.9845,-036.579,-022.8379,
-062.379,-035.5296,-036.586,-022.8315,
-061.883,-034.2306,-036.582,-022.8289,
-061.436,-033.9806,-036.582,-022.8206,
-060.963,-034.4192,-036.587,-022.8300,
-060.375,-034.2602,-036.617,-022.8494,
-059.954,-034.2200,-036.613,-022.8429,
-059.522,-034.5466,-036.626,-022.8539,
-058.918,-034.6940,-036.648,-022.8796,
-058.489,-035.7354,-036.666,-022.8746,
-058.050,-036.5245,-036.664,-022.8543,
-057.482,-036.9435,-036.661,-022.8408,
-057.171,-037.0238,-036.689,-022.8653,
-056.732,-038.5253,-036.663,-022.8347,
-056.283,-040.3700,-036.652,-022.8105,
-055.926,-041.6807,-036.656,-022.7945,
-055.506,-043.5446,-036.637,-022.7934,
-055.060,-046.1460,-036.637,-022.7710,
-054.746,-048.1431,-036.620,-022.7636,
-054.334,-050.5251,-036.607,-022.7634,
-054.018,-052.6094,-036.621,-022.7540,
-053.803,-054.1883,-036.630,-022.7816,
-053.490,-056.7231,-036.597,-022.7265,
-053.234,-058.7519,-036.599,-022.7250,
-053.006,-060.7503,-036.602,-022.7432,
-052.713,-063.5089,-036.594,-022.7371,
-052.541,-065.4686,-036.598,-022.7457,
-052.360,-067.2472,-036.602,-022.7633,
-052.148,-069.7761,-036.610,-022.7630,
-051.987,-071.7692,-036.574,-022.7244,
-051.881,-073.3473,-036.593,-022.7607,
-051.688,-076.5179,-036.576,-022.7484,
-051.628,-078.0151,-036.580,-022.7490,
-051.449,-080.6798,-036.567,-022.7548,
-051.287,-083.9578,-036.556,-022.7455,
-051.169,-085.3285,-036.539,-022.7308,
-050.970,-088.1338,-036.551,-022.7458,
-050.809,-091.0666,-036.560,-022.7735,
-050.655,-092.9208,-036.568,-022.7626,
-050.464,-095.2662,-036.577,-022.7667,
-050.258,-098.3196,-036.575,-022.7773,
-050.102,-100.1764,-036.566,-022.7509,
-049.905,-103.1849,-036.598,-022.7807,
-049.728,-105.8120,-036.615,-022.7756,
-049.594,-107.9155,-036.610,-022.7903,
-049.395,-111.5876,-036.633,-022.8020,
-049.233,-114.3034,-036.632,-022.7740,
-049.094,-116.7495,-036.641,-022.7986,
-048.945,-120.9090,-036.649,-022.8008,
-048.770,-123.9069,-036.663,-022.8240,
-048.609,-127.0120,-036.658,-022.8254,
-048.409,-130.8941,-036.658,-022.8261,
-048.194,-133.8958,-036.663,-022.8298,
-048.049,-137.1318,-036.665,-022.8380,
-047.881,-141.3936,-036.646,-022.8038,
-047.768,-144.2998,-036.628,-022.7785,
-047.662,-147.7142,-036.608,-022.7546,
-047.545,-151.6698,-036.611,-022.7503,
-047.471,-154.5663,-036.594,-022.7386,
-047.399,-158.2821,-036.611,-022.7583,
-047.341,-162.0448,-036.604,-022.7666,
-047.300,-164.8696,-036.610,-022.7953,
-047.265,-168.6792,-036.614,-022.7845,
-047.221,-172.0205,-036.609,-022.8025,
-047.218,-175.1957,-036.604,-022.8293,
-047.239,-179.3619,-036.597,-022.8118,
-047.242,176.9963,-036.606,-022.8185,
-047.253,173.8322,-036.589,-022.7656,
-047.268,169.3900,-036.544,-022.7211,
-047.305,166.3863,-036.545,-022.6953,
-047.355,163.1470,-036.528,-022.6462,
-047.424,159.0677,-036.523,-022.6272,
-047.475,156.0433,-036.517,-022.6093,
-047.580,152.2995,-036.518,-022.6097,
-047.708,147.9067,-036.502,-022.6037,
-047.817,144.5000,-036.510,-022.6099,
-047.956,140.2458,-036.534,-022.6271,
-048.112,135.8750,-036.525,-022.6261,
-048.235,132.4964,-036.519,-022.6304,
-048.421,127.8006,-036.504,-022.6060,
-048.613,123.4159,-036.515,-022.6332,
-048.751,120.0547,-036.527,-022.6393,
-048.966,115.0763,-036.533,-022.6429,
-049.161,110.5817,-036.534,-022.6579,
-049.327,106.8716,-036.541,-022.6680,
-049.586,101.2260,-036.555,-022.7072,
-049.792,097.0110,-036.551,-022.7222,
-049.975,093.0904,-036.563,-022.7530,
-050.241,087.2748,-036.576,-022.7616,
-050.432,082.6576,-036.564,-022.7611,
-050.625,077.8127,-036.590,-022.7634,
-050.835,071.5092,-036.606,-022.7625,
-050.975,067.0405,-036.616,-022.7703,
-051.127,061.9711,-036.617,-022.7659,
-051.275,055.2799,-036.610,-022.7389,
-051.356,050.7353,-036.622,-022.7538,
-051.464,044.8021,-036.643,-022.7568,
-051.544,038.2390,-036.631,-022.7595,
-051.572,033.5070,-036.622,-022.7603,
-051.601,026.6940,-036.633,-022.7735,
-051.581,020.0553,-036.626,-022.8027,
-051.548,014.9948,-036.637,-022.8219,
-051.473,008.0646,-036.633,-022.8342,
-051.361,002.1313,-036.626,-022.8416,
-051.262,-002.6733,-036.626,-022.8275,
-051.055,-010.0265,-036.605,-022.7919,
-050.888,-015.1608,-036.598,-022.7791,
-050.731,-019.8900,-036.577,-022.7426,
-050.461,-026.2340,-036.552,-022.6878,
-050.270,-030.5668,-036.549,-022.6730,
-050.065,-035.0056,-036.546,-022.6569,
-049.791,-040.6034,-036.551,-022.6635,
-049.608,-044.2262,-036.551,-022.6429,
-049.373,-048.3580,-036.556,-022.6727,
-049.115,-053.1071,-036.562,-022.6811,
-048.938,-055.9898,-036.553,-022.6685,
-048.712,-059.6345,-036.536,-022.6450,
-048.502,-063.2545,-036.518,-022.6417,
-048.356,-065.6282,-036.518,-022.6439,
-048.177,-068.9019,-036.509,-022.6417,
-048.048,-071.6750,-036.514,-022.6425,
-047.986,-073.6425,-036.529,-022.6654,
-047.893,-076.5738,-036.518,-022.6677,
-047.852,-079.0977,-036.530,-022.6961,
-047.831,-080.9416,-036.528,-022.6865,
-047.829,-083.7086,-036.513,-022.7078,
-047.874,-085.6547,-036.519,-022.7150,
-047.938,-087.8740,-036.526,-022.7447,
-048.026,-090.7861,-036.554,-022.7413,
-048.105,-092.7002,-036.555,-022.7515,
-048.198,-094.6926,-036.569,-022.7539,
-048.322,-097.2010,-036.596,-022.7707,
-048.419,-098.5748,-036.620,-022.7910,
-048.532,-100.6590,-036.627,-022.7970,
-048.704,-102.5384,-036.628,-022.7991,
-048.837,-103.7357,-036.637,-022.8111,
-048.984,-105.1147,-036.621,-022.7797,
-049.197,-106.6281,-036.629,-022.8005,
-049.349,-107.6947,-036.624,-022.7743,
-049.574,-109.3195,-036.637,-022.7835,
-049.852,-110.9303,-036.643,-022.8026,
-050.065,-111.8766,-036.636,-022.7897,
-050.371,-113.2434,-036.642,-022.7889,
-050.697,-114.4409,-036.647,-022.8024,
-050.931,-115.5586,-036.645,-022.8000,
-051.327,-117.2403,-036.640,-022.8080,
-051.641,-118.6528,-036.639,-022.7950,
-051.909,-119.9378,-036.638,-022.7938,
-052.376,-121.1683,-036.628,-022.7666,
-052.673,-122.1795,-036.623,-022.7773,
-052.977,-123.0191,-036.608,-022.7622,
-053.442,-124.2029,-036.604,-022.7640,
-053.772,-125.1694,-036.600,-022.7608,
-054.085,-126.0820,-036.573,-022.7397,
-054.634,-126.7870,-036.564,-022.7270,
-055.020,-127.2787,-036.553,-022.7343,
-055.457,-127.9087,-036.548,-022.7368,
-056.139,-128.9135,-036.547,-022.7494,
-056.616,-129.6533,-036.539,-022.7341,
-057.201,-130.3280,-036.529,-022.7326,
-057.975,-132.0179,-036.555,-022.7698,
-058.550,-133.0378,-036.564,-022.8003,
-059.332,-135.0481,-036.558,-022.7873,
-060.058,-136.9317,-036.540,-022.7860,
-060.706,-138.9033,-036.552,-022.8065,
-061.683,-141.6157,-036.535,-022.7860,
-062.467,-144.0076,-036.531,-022.7900,
-063.289,-146.2999,-036.536,-022.7955,
-064.604,-150.4559,-036.528,-022.7863,
-065.753,-154.1155,-036.520,-022.8023,
-067.067,-158.3529,-036.532,-022.8029,
-068.802,-166.6044,-036.569,-022.8436,
-070.229,-174.8028,-036.571,-022.8453,
-072.046,173.4103,-036.587,-022.8540,
-073.507,149.7431,-036.621,-022.8809,
-073.634,130.8262,-036.627,-022.8927,
-072.221,107.1068,-036.635,-022.8784,
DATA_END,
